time,xacc,yacc,zacc,xgyro,ygyro,zgyro
569910067,1.1264648438,0.1181640625,-0.2756347656,-1.4809160233, -0.1374045759, -1.6183205843
569920067,1.1235351562,0.1108398438,-0.2785644531,-1.8015266657, -0.1526717544, -1.8015266657
569930067,1.1298828125,0.1210937500,-0.2687988281,-1.8778625727, 0.1221374050, -2.3816792965
569940067,1.1306152344,0.1154785156,-0.2773437500,-2.1221373081, 0.5648854971, -3.0076336861
569950067,1.1308593750,0.1210937500,-0.2756347656,-2.0610687733, 0.9923664331, -3.1450381279
569960067,1.1301269531,0.1242675781,-0.2795410156,-1.8778625727, 2.0000000000, -2.3358778954
569970067,1.1257324219,0.1223144531,-0.2861328125,-1.6183205843, 2.7938930988, -1.3740458488
569980067,1.1118164062,0.1171875000,-0.2932128906,-1.4961831570, 3.3129770756, -1.2366411686
569990067,1.1108398438,0.1157226562,-0.2851562500,-1.4351145029, 4.2595419884, -1.1297709942
570000067,1.1069335938,0.1079101562,-0.2851562500,-1.2366411686, 4.0152673721, -1.0687023401
570010067,1.1079101562,0.1157226562,-0.2883300781,-1.4503816366, 3.3740458488, -0.7786259651
570020067,1.1181640625,0.1169433594,-0.2849121094,-1.4809160233, 3.0992367268, -0.4885496199
570030067,1.1274414062,0.1147460938,-0.2724609375,-1.7251908779, 2.6412212849, -0.0152671756
570040067,1.1267089844,0.1164550781,-0.2656250000,-1.8778625727, 2.0916030407, -0.1679389328
570050067,1.1306152344,0.1154785156,-0.2553710938,-1.8015266657, 1.1450381279, -0.9923664331
570060067,1.1347656250,0.1145019531,-0.2556152344,-1.6030534506, 0.5190839767, -1.8473281860
570070067,1.1420898438,0.1193847656,-0.2644042969,-1.4045801163, 0.8091602921, -2.7175571918
570080067,1.1323242188,0.1166992188,-0.2592773438,-1.3587785959, 1.3740458488, -2.7022900581
570090067,1.1333007812,0.1149902344,-0.2692871094,-0.9770992398, 1.4809160233, -2.5343511105
570100067,1.1337890625,0.1201171875,-0.2790527344,-1.1908396482, 1.6030534506, -2.3053436279
570110067,1.1347656250,0.1184082031,-0.2785644531,-1.0229008198, 1.4045801163, -1.8778625727
570120067,1.1330566406,0.1230468750,-0.2758789062,-1.1297709942, 1.2519084215, -1.7251908779
570130067,1.1198730469,0.1142578125,-0.2753906250,-1.6488549709, 0.9465649128, -1.7709923983
570140067,1.1271972656,0.1164550781,-0.2846679688,-1.9541984797, 0.8549618125, -1.8473281860
570150067,1.1228027344,0.1154785156,-0.2841796875,-2.0000000000, 0.7480915785, -2.0305342674
570160067,1.1176757812,0.1152343750,-0.2751464844,-1.8015266657, 0.8091602921, -2.0000000000
570170067,1.1230468750,0.1079101562,-0.2636718750,-2.1526718140, 1.0076335669, -2.0458016396
570180067,1.1276855469,0.1157226562,-0.2736816406,-2.0305342674, 0.7633587718, -1.8473281860
570190067,1.1286621094,0.1152343750,-0.2758789062,-1.8167939186, 1.1450381279, -1.8320610523
570200067,1.1293945312,0.1166992188,-0.2707519531,-1.4961831570, 1.1603053808, -1.6335878372
570210067,1.1223144531,0.1208496094,-0.2766113281,-1.4503816366, 1.2519084215, -1.4809160233
570220067,1.1245117188,0.1159667969,-0.2827148438,-1.2671755552, 1.1297709942, -1.8320610523
570230067,1.1218261719,0.1215820312,-0.2858886719,-1.4198473692, 1.4045801163, -1.5877863169
570240067,1.1308593750,0.1191406250,-0.2861328125,-1.8167939186, 1.0381679535, -1.2824426889
570250067,1.1301269531,0.1203613281,-0.2763671875,-1.6641221046, 0.7022900581, -0.7328244448
570260067,1.1254882812,0.1169433594,-0.2673339844,-1.5419846773, 0.2900763452, -0.7633587718
570270067,1.1354980469,0.1220703125,-0.2792968750,-1.6641221046, 0.0610687025, -0.7633587718
570280067,1.1301269531,0.1179199219,-0.2756347656,-1.6793893576, -0.5190839767, -0.7175572515
570290067,1.1306152344,0.1118164062,-0.2705078125,-1.4656488895, -0.5648854971, -1.0381679535
570300067,1.1232910156,0.1174316406,-0.2680664062,-1.2824426889, -0.1374045759, -1.2213740349
570310067,1.1303710938,0.1130371094,-0.2854003906,-1.3740458488, 0.4732824564, -1.8778625727
570320067,1.1232910156,0.1115722656,-0.2775878906,-1.6030534506, 0.9923664331, -2.4122138023
570330067,1.1120605469,0.1206054688,-0.2783203125,-1.6946564913, 1.0534350872, -2.2900762558
570340067,1.1335449219,0.1169433594,-0.2770996094,-2.0152671337, 1.0381679535, -2.4427480698
570350067,1.1267089844,0.1230468750,-0.2763671875,-1.7862595320, 1.3282443285, -2.1832060814
570360067,1.1291503906,0.1157226562,-0.2827148438,-1.8473281860, 1.7404580116, -2.1221373081
570370067,1.1303710938,0.1176757812,-0.2775878906,-1.7557251453, 2.1374046803, -2.0763359070
570380067,1.1230468750,0.1130371094,-0.2802734375,-1.7557251453, 1.5572519302, -2.1068701744
570390067,1.1313476562,0.1169433594,-0.2780761719,-1.3740458488, 1.6793893576, -2.1374046803
570400067,1.1303710938,0.1162109375,-0.2800292969,-1.4351145029, 1.5572519302, -2.0763359070
570410067,1.1342773438,0.1198730469,-0.2773437500,-1.0839694738, 1.2213740349, -1.7251908779
570420067,1.1293945312,0.1174316406,-0.2727050781,-1.1908396482, 0.7328244448, -1.6488549709
570430067,1.1293945312,0.1184082031,-0.2758789062,-1.2061069012, 0.5801526904, -1.8473281860
570440067,1.1279296875,0.1162109375,-0.2836914062,-1.2977099419, 0.9770992398, -1.7404580116
570450067,1.1335449219,0.1149902344,-0.2834472656,-1.4503816366, 1.3893129826, -1.7709923983
570460067,1.1237792969,0.1101074219,-0.2736816406,-1.5572519302, 1.3740458488, -1.6641221046
570470067,1.1240234375,0.1154785156,-0.2792968750,-1.5267175436, 1.2671755552, -1.5267175436
570480218,1.1279296875,0.1166992188,-0.2773437500,-1.3893129826, 0.7328244448, -1.5725190639
570490067,1.1274414062,0.1179199219,-0.2714843750,-1.6488549709, 0.1068702266, -1.8015266657
570500067,1.1269531250,0.1105957031,-0.2636718750,-1.4656488895, -0.4580152631, -1.7099236250
570510067,1.1359863281,0.1164550781,-0.2775878906,-1.6030534506, -0.9007633328, -1.9694656134
570520067,1.1293945312,0.1127929688,-0.2795410156,-1.6946564913, -0.5648854971, -2.6412212849
570530067,1.1330566406,0.1125488281,-0.2648925781,-2.0916030407, -0.5343511701, -3.3282442093
570540067,1.1357421875,0.1213378906,-0.2810058594,-1.9847328663, -0.2290076315, -2.7633588314
570550067,1.1333007812,0.1215820312,-0.2905273438,-1.7099236250, 0.1526717544, -2.2442748547
570560067,1.1242675781,0.1210937500,-0.2980957031,-1.7557251453, 1.1297709942, -1.3435114622
570570067,1.1220703125,0.1193847656,-0.2922363281,-1.6183205843, 2.2595419884, -0.6259542108
570580067,1.1115722656,0.1228027344,-0.2995605469,-1.4961831570, 3.6183207035, -1.1450381279
570590067,1.1306152344,0.1083984375,-0.3168945312,-1.6030534506, 5.3587784767, -1.9847328663
570600067,1.1164550781,0.1196289062,-0.2888183594,-1.0992366076, 5.7557253838, -0.7480915785
570610067,1.1125488281,0.1228027344,-0.2751464844,-1.0992366076, 4.3969464302, -0.8549618125
570620067,1.1220703125,0.1215820312,-0.2685546875,-1.4809160233, 3.1755726337, -1.0992366076
570630067,1.1196289062,0.1215820312,-0.2548828125,-1.3740458488, 2.1221373081, -1.1450381279
570640069,1.1237792969,0.1125488281,-0.2675781250,-1.2366411686, 1.2061069012, -1.6030534506
570650067,1.1257324219,0.1179199219,-0.2595214844,-1.4809160233, 0.5343511701, -2.3816792965
570660067,1.1335449219,0.1127929688,-0.2636718750,-1.3587785959, 0.3511450291, -3.0534350872
570670067,1.1442871094,0.1201171875,-0.2617187500,-1.5877863169, 0.5343511701, -3.3587787151
570680067,1.1406250000,0.1179199219,-0.2744140625,-0.8854961991, 0.3816793859, -3.8015267849
570690067,1.1494140625,0.1220703125,-0.2673339844,-1.0687023401, -0.1068702266, -3.7709922791
570700067,1.1411132812,0.1169433594,-0.2749023438,-0.8549618125, -0.2595419884, -3.7099237442
570710067,1.1323242188,0.1174316406,-0.2814941406,-0.7022900581, -0.3664122224, -3.5572519302
570720067,1.1330566406,0.1250000000,-0.2893066406,-1.2061069012, -0.2900763452, -3.0229008198
570730067,1.1223144531,0.1208496094,-0.2907714844,-1.3129770756, 0.4122137427, -2.9007632732
570740067,1.1250000000,0.1252441406,-0.2849121094,-1.5725190639, 0.9465649128, -2.8091602325
570750067,1.1193847656,0.1174316406,-0.2963867188,-1.5267175436, 1.0381679535, -2.7786259651
570760067,1.1164550781,0.1198730469,-0.2880859375,-1.6641221046, 0.8091602921, -2.4274809361
570770067,1.1191406250,0.1142578125,-0.2797851562,-1.9541984797, 0.6259542108, -2.1984732151
570780067,1.1245117188,0.1113281250,-0.2790527344,-1.7862595320, 0.1221374050, -1.8015266657
570790067,1.1223144531,0.1196289062,-0.2746582031,-1.7557251453, 0.1221374050, -1.6946564913
570800067,1.1174316406,0.1140136719,-0.2736816406,-1.6183205843, -0.0916030556, -1.6946564913
570810067,1.1257324219,0.1120605469,-0.2780761719,-1.5572519302, 0.2442748100, -1.6946564913
570820067,1.1279296875,0.1101074219,-0.2702636719,-1.5267175436, 0.5038167834, -1.5877863169
570830067,1.1245117188,0.1181640625,-0.2805175781,-1.6030534506, 0.3053435087, -1.8167939186
570840067,1.1237792969,0.1213378906,-0.2792968750,-1.4198473692, 0.0458015278, -1.5267175436
570850067,1.1247558594,0.1149902344,-0.2758789062,-1.4809160233, 0.2595419884, -1.0992366076
570860067,1.1247558594,0.1198730469,-0.2873535156,-1.4961831570, 0.4274809062, -1.2671755552
570870067,1.1289062500,0.1193847656,-0.2756347656,-1.5725190639, 0.7480915785, -1.4961831570
570880067,1.1296386719,0.1220703125,-0.2895507812,-1.7862595320, 0.9312977195, -2.0000000000
570890067,1.1289062500,0.1213378906,-0.2819824219,-1.7404580116, 1.1297709942, -2.3969466686
570900067,1.1279296875,0.1213378906,-0.2836914062,-1.8473281860, 0.7175572515, -2.5648853779
570910067,1.1330566406,0.1166992188,-0.2832031250,-1.8778625727, 0.5801526904, -2.4885497093
570920067,1.1235351562,0.1174316406,-0.2822265625,-1.8931298256, 0.5496183038, -2.5343511105
570930067,1.1335449219,0.1198730469,-0.2746582031,-1.8473281860, 0.5496183038, -2.6412212849
570940067,1.1281738281,0.1276855469,-0.2719726562,-1.6946564913, 0.9923664331, -2.5190839767
570950067,1.1296386719,0.1264648438,-0.2744140625,-1.5725190639, 1.0992366076, -2.0305342674
570960067,1.1323242188,0.1289062500,-0.2753906250,-1.6488549709, 1.0992366076, -1.5572519302
570970067,1.1389160156,0.1318359375,-0.2778320312,-1.4045801163, 1.4351145029, -1.3893129826
570980067,1.1523437500,0.1408691406,-0.2763671875,-1.4351145029, 1.7862595320, -0.8854961991
570990067,1.1577148438,0.1457519531,-0.2836914062,-1.4503816366, 1.8473281860, -0.3969465792
571000067,1.1508789062,0.1337890625,-0.2812500000,-1.5572519302, 2.2442748547, -1.8931298256
571010067,1.1413574219,0.1384277344,-0.2844238281,-1.9847328663, 2.7328243256, -4.4732823372
571020067,1.1303710938,0.1416015625,-0.2817382812,-2.3358778954, 4.1221375465, -6.1984734535
571030067,1.1242675781,0.1442871094,-0.2875976562,-2.5038168430, 5.6793894768, -7.1297707558
571040067,1.1157226562,0.1437988281,-0.2827148438,-2.6106870174, 6.9007635117, -8.2137403488
571050067,1.1193847656,0.1198730469,-0.2785644531,-2.6564886570, 6.5648856163, -10.2748088837
571060067,1.1374511719,0.1184082031,-0.2580566406,-3.2366411686, 4.5038166046, -13.2366409302
571070067,1.1796875000,0.1386718750,-0.2490234375,-3.3435113430, 1.0687023401, -15.0839691162
571080067,1.2070312500,0.1433105469,-0.2412109375,-3.4809160233, -2.1068701744, -14.3664121628
571090067,1.2248535156,0.1298828125,-0.2358398438,-4.2442746162, -4.5038166046, -13.2213745117
571100067,1.2055664062,0.1291503906,-0.2414550781,-4.5343513489, -5.2061066628, -12.9618320465
571110067,1.1484375000,0.1218261719,-0.2492675781,-4.6717557907, -4.5954198837, -12.2595415115
571120067,1.0812988281,0.1245117188,-0.2751464844,-5.4045801163, -1.2977099419, -11.1145038605
571130067,1.0234375000,0.1147460938,-0.3010253906,-5.2824425697, 3.7251908779, -10.6412210464
571140067,0.9877929688,0.1130371094,-0.3295898438,-5.5114502907, 9.5725193024, -9.8625955582
571150067,0.9562988281,0.1171875000,-0.3220214844,-4.6412215233, 13.1450386047, -5.6488547325
571160067,0.9711914062,0.1125488281,-0.3054199219,-3.4961831570, 12.9007635117, -0.3816793859
571170067,1.0173339844,0.1171875000,-0.2927246094,-2.2290077209, 10.4580154419, 3.6793892384
571180067,1.0612792969,0.1223144531,-0.2839355469,-1.2213740349, 6.3206105232, 6.0610685349
571190067,1.1125488281,0.1320800781,-0.3007812500,-0.3511450291, 4.0763359070, 7.7404580116
571200067,1.1381835938,0.1491699219,-0.3066406250,0.1374045759, 4.0458016396, 9.0839691162
571210067,1.1489257812,0.1418457031,-0.2941894531,0.2595419884, 3.9694657326, 9.1908397675
571220067,1.1591796875,0.1362304688,-0.2900390625,-0.2595419884, 3.6488549709, 6.6412215233
571230067,1.1533203125,0.1264648438,-0.2868652344,-0.7633587718, 2.8244273663, 2.6106870174
571240067,1.1616210938,0.1350097656,-0.2724609375,-1.3740458488, 1.4351145029, -2.2748091221
571250067,1.1706542969,0.1386718750,-0.2631835938,-1.8778625727, -0.4122137427, -5.4503817558
571260067,1.1723632812,0.1435546875,-0.2573242188,-1.8320610523, -1.9694656134, -5.9847326279
571270067,1.1506347656,0.1418457031,-0.2370605469,-1.3893129826, -2.3816792965, -5.3587784767
571280067,1.1384277344,0.1416015625,-0.2521972656,-1.2213740349, -0.9312977195, -5.2213740349
571290067,1.1030273438,0.1435546875,-0.2473144531,-1.0534350872, 0.8396946788, -5.0534353256
571300067,1.0791015625,0.1420898438,-0.2585449219,-0.6870229244, 1.8473281860, -4.9160304070
571310067,1.0852050781,0.1481933594,-0.2404785156,-0.4274809062, 2.0610687733, -5.1908397675
571320067,1.1093750000,0.1584472656,-0.2531738281,0.3053435087, 2.0000000000, -4.8396945000
571330067,1.1296386719,0.1572265625,-0.2524414062,0.9618320465, 0.8854961991, -4.9007635117
571340067,1.1689453125,0.1528320312,-0.2709960938,0.7786259651, -0.7938931584, -5.2213740349
571350067,1.1962890625,0.1591796875,-0.2785644531,0.7175572515, -2.8244273663, -5.4351143837
571360067,1.2355957031,0.1640625000,-0.2812500000,0.8091602921, -4.9465646744, -3.5267176628
571370067,1.2292480469,0.1445312500,-0.2927246094,-0.1221374050, -5.6030535698, -1.6335878372
571380067,1.2019042969,0.1357421875,-0.3017578125,-1.5114504099, -4.2137403488, -3.2824428082
571390067,1.1545410156,0.1250000000,-0.2927246094,-2.6412212849, -2.0458016396, -6.3664121628
571400067,1.1079101562,0.1345214844,-0.2683105469,-4.2290077209, -0.8091602921, -8.2595415115
571410067,1.1010742188,0.1267089844,-0.2712402344,-4.9923663139, -0.3206106722, -9.2671756744
571420067,1.0917968750,0.1364746094,-0.2609863281,-4.9923663139, -0.3206106722, -8.7786254883
571430067,1.0920410156,0.1420898438,-0.2377929688,-4.6106872559, -0.5648854971, -8.0152673721
571440067,1.0827636719,0.1398925781,-0.2473144531,-3.7099237442, -0.4427480996, -7.6793894768
571450067,1.0656738281,0.1452636719,-0.2614746094,-2.9618320465, 0.3206106722, -6.6870226860
571460067,1.0563964844,0.1398925781,-0.2780761719,-2.5038168430, 2.6106870174, -6.6412215233
571470067,1.0485839844,0.1350097656,-0.3010253906,-1.9083969593, 5.6183204651, -5.1755723953
571480218,1.0458984375,0.1374511719,-0.3227539062,-2.1526718140, 9.2671756744, -2.7480916977
571490067,1.0666503906,0.1210937500,-0.3247070312,-2.8244273663, 11.7251911163, -0.8091602921
571500067,1.0832519531,0.1323242188,-0.3061523438,-3.6641221046, 13.3587789536, 0.6259542108
571510067,1.0898437500,0.1225585938,-0.2775878906,-3.6793892384, 11.2061071396, 2.4122138023
571520067,1.1088867188,0.1223144531,-0.2587890625,-3.3893129826, 7.7251906395, 2.9770991802
571530067,1.1328125000,0.1271972656,-0.2561035156,-2.6106870174, 4.0610685349, 3.2671756744
571540067,1.1430664062,0.1384277344,-0.2636718750,-1.7099236250, 1.8015266657, 3.6030533314
571550067,1.1481933594,0.1538085938,-0.2812500000,-1.3587785959, 1.5877863169, 3.0534350872
571560067,1.1301269531,0.1633300781,-0.3076171875,-1.4045801163, 2.9923663139, 2.4580152035
571570067,1.1103515625,0.1638183594,-0.3098144531,-1.4351145029, 5.2061066628, 1.9389313459
571580067,1.0881347656,0.1669921875,-0.3107910156,-0.8396946788, 6.9618320465, 1.8778625727
571590067,1.0769042969,0.1606445312,-0.2944335938,-0.8091602921, 8.0305347443, 1.5877863169
571600067,1.0876464844,0.1450195312,-0.2736816406,-0.6717557311, 8.1832065582, 1.2213740349
571610067,1.0983886719,0.1442871094,-0.2749023438,-0.5954198241, 7.8015265465, 0.6564885378
571620067,1.1184082031,0.1447753906,-0.2631835938,-0.8702290058, 6.8702292442, -0.1374045759
571630067,1.1542968750,0.1477050781,-0.2583007812,-0.6870229244, 6.1679387093, -1.5267175436
571640067,1.1538085938,0.1528320312,-0.2407226562,-0.0763358772, 4.7633585930, -2.0916030407
571650067,1.1616210938,0.1550292969,-0.2438964844,-0.0458015278, 4.7175574303, -2.7175571918
571660067,1.1557617188,0.1640625000,-0.2441406250,0.1679389328, 4.8549618721, -2.5648853779
571670067,1.1450195312,0.1665039062,-0.2385253906,0.5343511701, 5.0839695930, -2.5038168430
571680067,1.1347656250,0.1525878906,-0.2336425781,0.1984732896, 5.1908397675, -2.4122138023
571690067,1.1430664062,0.1369628906,-0.2326660156,-0.2748091519, 4.2748093605, -3.0839693546
571700067,1.1359863281,0.1396484375,-0.2207031250,-0.6106870174, 2.3816792965, -3.2061069012
571710067,1.1542968750,0.1428222656,-0.2297363281,-1.0381679535, 0.5801526904, -1.7862595320
571720076,1.1689453125,0.1464843750,-0.2556152344,-1.2213740349, 0.2748091519, 0.0610687025
571730067,1.1689453125,0.1411132812,-0.2448730469,-0.9618320465, 0.7022900581, 2.5038168430
571740067,1.1582031250,0.1520996094,-0.2800292969,-1.0229008198, 2.3969466686, 2.0916030407
571750067,1.1525878906,0.1462402344,-0.2817382812,-0.8244274855, 6.9312977791, 1.0839694738
571760067,1.1201171875,0.1416015625,-0.2880859375,-1.0992366076, 8.5954198837, -0.5954198241
571770067,1.1247558594,0.1369628906,-0.2746582031,-1.2977099419, 8.5954198837, -2.6717557907
571780067,1.1328125000,0.1396484375,-0.2521972656,-1.8931298256, 6.7938933372, -3.0687022209
571790067,1.1408691406,0.1293945312,-0.2282714844,-2.0305342674, 2.6412212849, -3.1755726337
571800067,1.1586914062,0.1242675781,-0.2175292969,-2.6870229244, -2.2442748547, -3.5877861977
571810067,1.1777343750,0.1208496094,-0.2089843750,-3.4809160233, -6.1679387093, -5.4351143837
571820067,1.1945800781,0.1225585938,-0.2121582031,-3.9083969593, -7.7251906395, -6.5801525116
571830067,1.1828613281,0.1281738281,-0.2121582031,-4.4274806976, -7.0839695930, -6.9618320465
571840067,1.1542968750,0.1254882812,-0.2250976562,-4.5038166046, -6.5648856163, -6.1679387093
571850067,1.1364746094,0.1269531250,-0.2482910156,-3.4198472500, -3.7251908779, -4.7633585930
571860067,1.0842285156,0.1345214844,-0.2656250000,-2.6564886570, -0.8396946788, -2.4732823372
571870067,1.0554199219,0.1274414062,-0.2797851562,-1.8320610523, 1.5419846773, -1.0229008198
571880067,1.0322265625,0.1311035156,-0.2883300781,-1.4809160233, 3.2061069012, -0.3969465792
571890067,1.0270996094,0.1311035156,-0.2856445312,-0.9160305262, 3.5419847965, -0.4427480996
571900067,1.0373535156,0.1345214844,-0.2863769531,-0.6412213445, 3.3129770756, -0.2290076315
571910067,1.0751953125,0.1491699219,-0.2827148438,-0.8549618125, 1.7251908779, 0.5038167834
571920067,1.0969238281,0.1594238281,-0.2851562500,-1.1603053808, 0.3053435087, 0.8091602921
571930067,1.1320800781,0.1564941406,-0.2736816406,-1.5725190639, -0.0610687025, 1.5877863169
571940067,1.1418457031,0.1586914062,-0.2758789062,-1.7251908779, -0.0152671756, 2.2290077209
571950067,1.1389160156,0.1672363281,-0.2888183594,-1.8778625727, 1.3435114622, 2.7786259651
571960067,1.1254882812,0.1674804688,-0.2785644531,-1.8167939186, 2.8702290058, 3.4961831570
571970067,1.1132812500,0.1667480469,-0.2827148438,-1.3435114622, 4.5648856163, 4.2290077209
571980067,1.1079101562,0.1555175781,-0.2788085938,-0.5496183038, 5.7251906395, 3.7099237442
571990067,1.0969238281,0.1435546875,-0.2614746094,0.2748091519, 5.5572519302, 1.5572519302
572000067,1.1093750000,0.1394042969,-0.2495117188,0.1984732896, 3.0534350872, -2.0458016396
572010067,1.1381835938,0.1474609375,-0.2392578125,0.4427480996, 0.4427480996, -5.2671756744
572020067,1.1499023438,0.1567382812,-0.2573242188,0.0458015278, -1.2519084215, -6.7328243256
572030067,1.1574707031,0.1616210938,-0.2636718750,-0.3816793859, -1.7557251453, -6.2748093605
572040067,1.1669921875,0.1616210938,-0.2646484375,-0.5038167834, -1.6335878372, -5.4351143837
572050067,1.1440429688,0.1528320312,-0.2705078125,-0.4732824564, -1.1755725145, -4.1679387093
572060067,1.1396484375,0.1542968750,-0.2575683594,-0.7633587718, -1.2213740349, -3.9236640930
572070067,1.1354980469,0.1340332031,-0.2519531250,-0.4122137427, -2.1221373081, -3.2671756744
572080067,1.1486816406,0.1376953125,-0.2495117188,-0.2442748100, -2.8854961395, -2.5496182442
572090067,1.1389160156,0.1325683594,-0.2441406250,-0.4732824564, -4.5954198837, -1.0839694738
572100067,1.1455078125,0.1328125000,-0.2387695312,-0.5038167834, -6.3511452675, 0.0916030556
572110067,1.1564941406,0.1242675781,-0.2336425781,-0.4580152631, -7.6793894768, 0.4885496199
572120067,1.1596679688,0.1303710938,-0.2443847656,-0.5954198241, -8.3664121628, 0.8091602921
572130067,1.1613769531,0.1303710938,-0.2509765625,-0.9618320465, -7.6488547325, 0.9923664331
572140067,1.1721191406,0.1328125000,-0.2636718750,-1.4045801163, -6.1832060814, 0.8091602921
572150067,1.1589355469,0.1308593750,-0.2731933594,-1.5725190639, -4.7938933372, 0.9618320465
572160067,1.1477050781,0.1350097656,-0.2685546875,-1.5267175436, -3.9083969593, 1.0839694738
572170067,1.1550292969,0.1296386719,-0.2714843750,-2.0610687733, -3.2824428082, 0.5801526904
572180067,1.1445312500,0.1335449219,-0.2736816406,-2.4732823372, -1.8015266657, -1.7251908779
572190067,1.1457519531,0.1416015625,-0.2719726562,-2.5496182442, -0.2442748100, -3.3893129826
572200067,1.1472167969,0.1486816406,-0.2607421875,-3.0229008198, 0.1679389328, -2.9923663139
572210067,1.1384277344,0.1337890625,-0.2500000000,-3.3587787151, -0.0763358772, -2.7786259651
572220067,1.1298828125,0.1291503906,-0.2609863281,-3.7404580116, -0.2595419884, -4.2748093605
572230067,1.1044921875,0.1362304688,-0.2690429688,-4.0152673721, 0.0458015278, -4.6259541512
572240067,1.0712890625,0.1364746094,-0.2729492188,-3.5267176628, 1.5267175436, -2.0305342674
572250067,1.0527343750,0.1259765625,-0.2822265625,-3.1297709942, 3.4503817558, -0.8244274855
572260067,1.0559082031,0.1152343750,-0.2907714844,-2.7328243256, 6.2442746162, -3.5877861977
572270067,1.0588378906,0.1354980469,-0.2866210938,-2.8549618721, 6.9465646744, -4.2442746162
572280091,1.0642089844,0.1474609375,-0.2758789062,-2.3206107616, 4.9007635117, -3.2366411686
572290067,1.0876464844,0.1484375000,-0.2585449219,-1.6183205843, 1.8320610523, -1.9083969593
572300067,1.1079101562,0.1569824219,-0.2702636719,-1.3740458488, -0.7938931584, -0.1221374050
572310067,1.1391601562,0.1613769531,-0.2922363281,-0.8702290058, -0.4732824564, 0.9312977195
572320067,1.1313476562,0.1728515625,-0.3085937500,-0.9465649128, 0.9007633328, 2.8702290058
572330067,1.1201171875,0.1765136719,-0.3088378906,-0.8854961991, 1.6030534506, 4.5343513489
572340067,1.1025390625,0.1711425781,-0.3002929688,-0.9465649128, 2.8091602325, 5.4961833954
572350067,1.0986328125,0.1635742188,-0.3215332031,-1.0229008198, 4.0152673721, 4.9312977791
572360067,1.0915527344,0.1496582031,-0.3090820312,-1.0687023401, 4.3511452675, 3.5419847965
572370067,1.1005859375,0.1440429688,-0.3059082031,-0.9618320465, 4.6412215233, 1.2366411686
572380067,1.1154785156,0.1340332031,-0.2814941406,-0.8549618125, 3.9083969593, -0.8854961991
572390067,1.1328125000,0.1398925781,-0.2504882812,-1.2519084215, 2.7633588314, -2.4580152035
572400067,1.1606445312,0.1472167969,-0.2514648438,-1.3282443285, 2.0305342674, -4.1068701744
572410067,1.1650390625,0.1547851562,-0.2360839844,-2.0305342674, 1.0992366076, -5.3129773140
572420067,1.1699218750,0.1582031250,-0.2338867188,-1.7862595320, -0.0763358772, -7.4045801163
572430067,1.1608886719,0.1503906250,-0.2443847656,-2.0152671337, -1.4351145029, -9.6793889999
572440067,1.1662597656,0.1435546875,-0.2368164062,-1.9541984797, -2.8702290058, -10.3664121628
572450067,1.1677246094,0.1435546875,-0.2604980469,-1.8473281860, -3.5267176628, -9.0229005814
572460067,1.1743164062,0.1479492188,-0.2563476562,-1.6793893576, -3.9847328663, -5.6183204651
572470067,1.1777343750,0.1437988281,-0.2614746094,-0.9618320465, -4.0152673721, -1.2671755552
572480219,1.1774902344,0.1333007812,-0.2563476562,-0.7938931584, -3.3893129826, 1.7404580116
572490067,1.1813964844,0.1296386719,-0.2434082031,-0.6870229244, -2.5496182442, 1.0839694738
572500067,1.1728515625,0.1186523438,-0.2617187500,-1.1297709942, -1.9389313459, -1.6793893576
572510067,1.1613769531,0.1330566406,-0.2792968750,-1.7099236250, 0.9007633328, -5.2671756744
572520067,1.1325683594,0.1381835938,-0.2709960938,-1.8931298256, 3.7709922791, -6.3511452675
572530067,1.0927734375,0.1394042969,-0.2770996094,-2.6412212849, 2.6564886570, -7.0992364883
572540067,1.0812988281,0.1196289062,-0.2792968750,-2.7938930988, 2.8091602325, -9.3893127441
572550067,1.0710449219,0.1328125000,-0.2553710938,-2.7175571918, 1.8778625727, -9.7862596512
572560067,1.0598144531,0.1315917969,-0.2539062500,-2.1221373081, 0.5343511701, -8.0763359070
572570067,1.0744628906,0.1347656250,-0.2763671875,-2.1526718140, 0.2595419884, -6.5801525116
572580067,1.0864257812,0.1455078125,-0.2832031250,-2.4427480698, 1.1603053808, -4.7022900581
572590067,1.0954589844,0.1496582031,-0.2941894531,-2.2595419884, 2.6564886570, -1.6946564913
572600067,1.0942382812,0.1525878906,-0.3037109375,-2.3816792965, 3.8167939186, 0.3206106722
572610067,1.1054687500,0.1572265625,-0.3105468750,-2.1068701744, 3.6793892384, 2.0458016396
572620067,1.0922851562,0.1608886719,-0.3251953125,-2.4885497093, 2.2900762558, 4.6106872559
572630067,1.0920410156,0.1340332031,-0.3076171875,-2.0152671337, 2.6717557907, 6.7480916977
572640067,1.0952148438,0.1250000000,-0.2875976562,-0.7328244448, 3.5114502907, 7.7557253838
572650067,1.0876464844,0.1267089844,-0.2641601562,0.0000000000, 2.5038168430, 7.0229005814
572660067,1.1079101562,0.1196289062,-0.2563476562,0.3053435087, 1.0687023401, 4.0000000000
572670067,1.1162109375,0.1289062500,-0.2697753906,0.3816793859, 0.7786259651, 1.1145038605
572680067,1.1247558594,0.1513671875,-0.2729492188,0.1832061112, 0.9465649128, -0.2748091519
572690067,1.1384277344,0.1589355469,-0.2770996094,-0.1068702266, 0.7633587718, -0.8854961991
572700067,1.1401367188,0.1625976562,-0.2756347656,-0.4427480996, 0.9465649128, -1.9389313459
572710067,1.1523437500,0.1708984375,-0.2741699219,-0.5954198241, 2.1068701744, -2.2748091221
572720067,1.1452636719,0.1657714844,-0.2661132812,-0.5190839767, 3.0381679535, -1.8320610523
572730067,1.1308593750,0.1596679688,-0.2626953125,-0.4580152631, 3.1755726337, -1.5267175436
572740067,1.1269531250,0.1520996094,-0.2629394531,-0.4885496199, 2.0000000000, -1.8931298256
572750067,1.1284179688,0.1437988281,-0.2705078125,-0.8244274855, 0.9618320465, -1.9694656134
572760067,1.1145019531,0.1308593750,-0.2563476562,-1.3129770756, -0.0916030556, -1.3587785959
572770067,1.1281738281,0.1333007812,-0.2492675781,-1.5419846773, -1.3129770756, -1.1450381279
572780067,1.1403808594,0.1206054688,-0.2497558594,-0.9770992398, -3.4503817558, -0.1832061112
572790067,1.1557617188,0.1281738281,-0.2512207031,-0.7175572515, -4.4732823372, -0.4732824564
572800067,1.1945800781,0.1420898438,-0.2575683594,-0.3206106722, -4.9007635117, -0.3969465792
572810067,1.2082519531,0.1425781250,-0.2568359375,-0.3206106722, -5.8167939186, -1.5419846773
572820067,1.2136230469,0.1403808594,-0.2675781250,-0.8396946788, -6.7175574303, -4.5496182442
572830067,1.2377929688,0.1579589844,-0.2614746094,-1.5725190639, -7.7862596512, -6.8549618721
572840067,1.2343750000,0.1804199219,-0.2741699219,-1.8473281860, -7.8778624535, -6.8091602325
572850067,1.2006835938,0.1782226562,-0.2854003906,-2.2442748547, -7.3435115814, -6.7938933372
572860067,1.1452636719,0.1647949219,-0.3041992188,-3.0534350872, -4.2137403488, -9.0839691162
572870067,1.0910644531,0.1540527344,-0.3110351562,-4.3816795349, 0.5954198241, -12.3206110001
572880067,1.0305175781,0.1313476562,-0.2805175781,-5.8167939186, 3.2824428082, -15.0076332092
572890067,1.0180664062,0.1311035156,-0.2744140625,-6.1068701744, 3.0076336861, -15.5877866745
572900067,1.0170898438,0.1347656250,-0.2595214844,-6.2595419884, 0.2442748100, -11.8167934418
572910067,1.0378417969,0.1301269531,-0.2709960938,-5.8167939186, -1.5267175436, -6.3511452675
572920067,1.0703125000,0.1323242188,-0.2770996094,-5.2824425697, -0.5190839767, -2.0152671337
572930067,1.0808105469,0.1420898438,-0.3112792969,-4.7633585930, 2.4732823372, 2.4732823372
572940067,1.0935058594,0.1428222656,-0.3171386719,-4.4122138023, 4.7328243256, 5.3740458488
572950067,1.0888671875,0.1367187500,-0.3154296875,-3.7251908779, 5.9389314651, 5.9083967209
572960067,1.0932617188,0.1394042969,-0.2915039062,-3.5267176628, 4.9618320465, 5.5572519302
572970067,1.0988769531,0.1340332031,-0.2724609375,-2.9770991802, 2.7480916977, 5.3740458488
572980067,1.1054687500,0.1293945312,-0.2778320312,-2.8244273663, 1.0687023401, 2.8396947384
572990067,1.1088867188,0.1418457031,-0.2890625000,-2.6412212849, -0.0305343512, 1.3893129826
573000067,1.0986328125,0.1535644531,-0.2695312500,-2.6564886570, -2.6870229244, 1.3587785959
573010067,1.1159667969,0.1420898438,-0.2832031250,-2.5343511105, -3.7862596512, -0.3816793859
573020067,1.1298828125,0.1474609375,-0.2978515625,-2.3816792965, -3.1908397675, -0.7480915785
573030067,1.1225585938,0.1474609375,-0.3188476562,-2.1221373081, -0.3816793859, 0.3053435087
573040067,1.1140136719,0.1411132812,-0.3105468750,-1.8473281860, 2.1374046803, 2.1068701744
573050067,1.1030273438,0.1367187500,-0.2983398438,-1.6335878372, 3.7709922791, 3.5725190639
573060067,1.1020507812,0.1328125000,-0.2800292969,-1.3893129826, 3.8625953197, 4.8549618721
573070067,1.1042480469,0.1223144531,-0.2636718750,-1.0076335669, 3.1450381279, 5.3129773140
573080067,1.1088867188,0.1254882812,-0.2553710938,-0.7633587718, 1.6946564913, 4.8854961395
573090067,1.1105957031,0.1262207031,-0.2595214844,-0.7480915785, 0.6259542108, 4.5801525116
573100067,1.1250000000,0.1218261719,-0.2592773438,-0.5801526904, -0.1679389328, 3.9694657326
573110067,1.1428222656,0.1376953125,-0.2619628906,-0.6870229244, -1.1603053808, 3.3129770756
573120067,1.1450195312,0.1403808594,-0.2602539062,-0.7633587718, -1.6335878372, 2.7633588314
573130067,1.1511230469,0.1491699219,-0.2863769531,-1.1297709942, -1.2824426889, 2.3664121628
573140067,1.1420898438,0.1547851562,-0.2839355469,-1.2671755552, -0.8091602921, 2.4580152035
573150067,1.1445312500,0.1608886719,-0.2976074219,-1.3740458488, -1.0076335669, 2.7022900581
573160067,1.1416015625,0.1506347656,-0.2880859375,-1.5877863169, -1.1297709942, 2.5801527500
573170067,1.1267089844,0.1542968750,-0.2910156250,-1.3587785959, -2.0458016396, 2.6717557907
573180067,1.1230468750,0.1518554688,-0.3041992188,-1.2977099419, -2.3664121628, 2.7938930988
573190067,1.1193847656,0.1494140625,-0.3015136719,-1.4961831570, -2.7175571918, 3.0229008198
573200067,1.1127929688,0.1518554688,-0.3244628906,-1.6793893576, -2.4274809361, 2.9160306454
573210067,1.1152343750,0.1499023438,-0.3168945312,-1.8320610523, -1.9083969593, 2.8244273663
573220067,1.1140136719,0.1511230469,-0.3090820312,-2.1984732151, -1.2519084215, 2.2442748547
573230067,1.1267089844,0.1520996094,-0.3249511719,-2.6259541512, 0.2595419884, 2.0916030407
573240067,1.1323242188,0.1638183594,-0.3161621094,-2.3664121628, 2.0305342674, 2.6106870174
573250067,1.1279296875,0.1625976562,-0.3037109375,-1.9236640930, 3.6335878372, 2.6412212849
573260067,1.1386718750,0.1564941406,-0.2912597656,-1.1145038605, 5.5572519302, 1.6183205843
573270067,1.1354980469,0.1562500000,-0.2846679688,-0.0916030556, 6.6259541512, 0.3816793859
573280067,1.1337890625,0.1486816406,-0.2780761719,0.7328244448, 7.3587784767, -0.9312977195
573290067,1.1416015625,0.1474609375,-0.2709960938,0.8244274855, 7.7404580116, -2.8091602325
573300067,1.1245117188,0.1445312500,-0.2741699219,1.1603053808, 7.8015265465, -3.5725190639
573310067,1.1206054688,0.1394042969,-0.2836914062,0.7328244448, 7.4198474884, -4.0152673721
573320067,1.1142578125,0.1328125000,-0.2761230469,0.7633587718, 6.8244276047, -4.2442746162
573330067,1.1171875000,0.1237792969,-0.2785644531,0.5343511701, 7.0534353256, -5.7099237442
573340067,1.1279296875,0.1164550781,-0.2695312500,0.6259542108, 6.1526718140, -6.1984734535
573350067,1.1240234375,0.1125488281,-0.2570800781,0.8549618125, 4.7786259651, -6.1221375465
573360067,1.1403808594,0.1096191406,-0.2634277344,0.8396946788, 3.1603052616, -5.4656486511
573370067,1.1403808594,0.1091308594,-0.2551269531,0.9618320465, 1.3282443285, -4.6870226860
573380067,1.1508789062,0.1184082031,-0.2734375000,1.0839694738, 0.1374045759, -3.6183207035
573390067,1.1486816406,0.1191406250,-0.2729492188,0.9465649128, 0.7786259651, -1.8167939186
573400067,1.1535644531,0.1201171875,-0.2778320312,0.6870229244, 1.5114504099, -0.8702290058
573410067,1.1401367188,0.1223144531,-0.2797851562,0.0305343512, 1.6946564913, -0.9923664331
573420067,1.1303710938,0.1242675781,-0.2924804688,-0.9923664331, 1.8473281860, -1.9694656134
573430067,1.1303710938,0.1274414062,-0.2976074219,-2.3358778954, 2.6870229244, -2.7633588314
573440067,1.1215820312,0.1259765625,-0.2919921875,-2.7175571918, 3.6183207035, -3.0229008198
573450067,1.1228027344,0.1337890625,-0.2888183594,-3.3435113430, 4.5343513489, -3.5419847965
573460067,1.1193847656,0.1252441406,-0.2834472656,-3.0076336861, 4.6717557907, -4.9770994186
573470067,1.1110839844,0.1333007812,-0.2810058594,-3.0992367268, 4.8854961395, -7.0534353256
573480223,1.1208496094,0.1450195312,-0.2687988281,-3.0381679535, 4.3358778954, -8.0000000000
573490067,1.1164550781,0.1398925781,-0.2543945312,-2.4427480698, 3.5419847965, -7.4045801163
573500067,1.1357421875,0.1313476562,-0.2312011719,-1.3587785959, 3.5877861977, -6.8854961395
573510069,1.1616210938,0.1269531250,-0.2294921875,-0.7633587718, 1.9236640930, -7.1603055000
573520067,1.1718750000,0.1376953125,-0.2507324219,-1.6030534506, -1.8015266657, -8.5954198837
573530067,1.2194824219,0.1225585938,-0.2426757812,-1.7251908779, -5.0839695930, -10.5038166046
573540067,1.2226562500,0.1479492188,-0.2368164062,-1.7709923983, -6.9007635117, -9.7709922791
573550067,1.1862792969,0.1704101562,-0.2607421875,-1.6793893576, -7.0229005814, -6.7328243256
573560067,1.1359863281,0.1657714844,-0.2922363281,-2.8549618721, -4.6106872559, -4.6564884186
573570067,1.0849609375,0.1442871094,-0.3125000000,-3.9541983604, -0.4122137427, -4.5038166046
573580067,1.0383300781,0.1274414062,-0.3154296875,-5.5114502907, 3.8167939186, -8.1679391861
573590067,1.0124511719,0.1171875000,-0.3129882812,-5.8931298256, 6.1068701744, -10.0305347443
573600067,1.0012207031,0.1359863281,-0.3007812500,-5.5114502907, 5.2671756744, -7.4656486511
573610067,1.0144042969,0.1308593750,-0.3076171875,-4.5801525116, 4.5496182442, -2.9923663139
573620067,1.0339355469,0.1296386719,-0.2995605469,-3.8931298256, 4.4580154419, 0.8549618125
573630067,1.0720214844,0.1335449219,-0.3037109375,-2.9465649128, 4.3969464302, 2.7175571918
573640067,1.1127929688,0.1445312500,-0.2861328125,-2.0000000000, 4.0610685349, 3.5877861977
573650067,1.1425781250,0.1491699219,-0.2700195312,-1.6641221046, 2.7022900581, 4.0763359070
573660067,1.1640625000,0.1533203125,-0.2658691406,-0.9465649128, 1.5419846773, 3.9236640930
573670067,1.1645507812,0.1459960938,-0.2670898438,-1.0992366076, 1.9694656134, 2.5496182442
573680067,1.1464843750,0.1467285156,-0.2609863281,-0.9618320465, 1.6641221046, 1.9236640930
573690067,1.1225585938,0.1333007812,-0.2695312500,-0.8244274855, 1.7557251453, 1.0381679535
573700067,1.1015625000,0.1303710938,-0.2719726562,-0.5190839767, 0.8854961991, 0.6106870174
573710067,1.0859375000,0.1347656250,-0.2846679688,-0.3664122224, 0.2900763452, -0.1526717544
573720067,1.0815429688,0.1291503906,-0.2900390625,0.0916030556, 0.1832061112, -0.8549618125
573730067,1.0830078125,0.1303710938,-0.2939453125,0.0458015278, -0.1221374050, -1.1603053808
573740067,1.0898437500,0.1313476562,-0.2863769531,0.4580152631, -0.1832061112, -0.6717557311
573750067,1.1147460938,0.1218261719,-0.2907714844,0.0610687025, -0.8396946788, 0.0305343512
573760067,1.1201171875,0.1286621094,-0.2912597656,-0.4885496199, -1.2061069012, 0.7022900581
573770067,1.1357421875,0.1337890625,-0.2783203125,-1.0992366076, -1.7404580116, 1.7251908779
573780067,1.1403808594,0.1381835938,-0.2841796875,-1.9694656134, -1.7709923983, 2.5954198837
573790067,1.1508789062,0.1342773438,-0.2690429688,-2.1526718140, -1.9847328663, 3.4045801163
573800067,1.1396484375,0.1364746094,-0.2617187500,-2.7480916977, -2.7633588314, 3.6793892384
573810067,1.1445312500,0.1389160156,-0.2749023438,-2.8244273663, -3.8473281860, 3.3893129826
573820067,1.1472167969,0.1389160156,-0.2675781250,-2.3053436279, -3.7709922791, 2.8549618721
573830067,1.1484375000,0.1508789062,-0.2788085938,-1.2213740349, -3.0687022209, 2.1221373081
573840067,1.1303710938,0.1535644531,-0.2788085938,0.1526717544, -2.8854961395, 1.7862595320
573850067,1.1450195312,0.1657714844,-0.2797851562,1.7251908779, -2.8549618721, 1.1755725145
573860067,1.1369628906,0.1655273438,-0.2756347656,2.4580152035, -2.3816792965, 0.5496183038
573870067,1.1335449219,0.1713867188,-0.3020019531,2.2900762558, -1.7862595320, 0.9618320465
573880067,1.1308593750,0.1750488281,-0.3146972656,2.1832060814, -1.0534350872, 1.9236640930
573890067,1.1323242188,0.1770019531,-0.3139648438,1.1908396482, 0.9312977195, 2.5038168430
573900067,1.1386718750,0.1782226562,-0.3181152344,0.4274809062, 3.1908397675, 3.0687022209
