time,xacc,yacc,zacc,xgyro,ygyro,zgyro
561880067,1.1330566406,0.1225585938,-0.2663574219,-1.3282443285, 0.7938931584, -1.5267175436
561890067,1.1291503906,0.1298828125,-0.2697753906,-1.7099236250, 0.8549618125, -1.6641221046
561900067,1.1279296875,0.1276855469,-0.2712402344,-1.8167939186, 1.0229008198, -1.8625954390
561910067,1.1208496094,0.1213378906,-0.2863769531,-1.4351145029, 1.2824426889, -1.7862595320
561920067,1.1232910156,0.1235351562,-0.2719726562,-1.4351145029, 1.2366411686, -1.4961831570
561930067,1.1215820312,0.1159667969,-0.2851562500,-1.6641221046, 1.6183205843, -1.1297709942
561940067,1.1298828125,0.1203613281,-0.2836914062,-1.6488549709, 1.8473281860, -0.8091602921
561950067,1.1257324219,0.1232910156,-0.2827148438,-1.8473281860, 1.5725190639, -0.7938931584
561960067,1.1276855469,0.1220703125,-0.2695312500,-1.7709923983, 1.4503816366, -0.5801526904
561970067,1.1281738281,0.1140136719,-0.2751464844,-1.6793893576, 0.9618320465, -0.9312977195
561980067,1.1271972656,0.1240234375,-0.2751464844,-1.6641221046, 0.7938931584, -1.1297709942
561990067,1.1303710938,0.1274414062,-0.2712402344,-1.6488549709, 0.6717557311, -1.5419846773
562000067,1.1271972656,0.1218261719,-0.2773437500,-1.5877863169, 0.7633587718, -1.8625954390
562010067,1.1308593750,0.1223144531,-0.2746582031,-1.8167939186, 1.1908396482, -1.7557251453
562020067,1.1296386719,0.1218261719,-0.2700195312,-1.8015266657, 1.5114504099, -2.0152671337
562030067,1.1250000000,0.1208496094,-0.2761230469,-1.5725190639, 1.5572519302, -1.8625954390
562040067,1.1264648438,0.1157226562,-0.2756347656,-1.5877863169, 1.7099236250, -1.7709923983
562050067,1.1232910156,0.1206054688,-0.2802734375,-1.5419846773, 1.6641221046, -1.3435114622
562060067,1.1228027344,0.1208496094,-0.2717285156,-1.6335878372, 1.4503816366, -1.2977099419
562070067,1.1201171875,0.1215820312,-0.2749023438,-1.5725190639, 1.1145038605, -1.0839694738
562080067,1.1303710938,0.1225585938,-0.2863769531,-1.4656488895, 1.0534350872, -1.1450381279
562090067,1.1232910156,0.1215820312,-0.2722167969,-1.6488549709, 0.8702290058, -1.5419846773
562100067,1.1274414062,0.1232910156,-0.2734375000,-1.6488549709, 0.7786259651, -1.5572519302
562110067,1.1313476562,0.1188964844,-0.2866210938,-1.6641221046, 0.5496183038, -1.5877863169
562120067,1.1271972656,0.1269531250,-0.2778320312,-1.4961831570, -0.1984732896, -1.2671755552
562130067,1.1357421875,0.1210937500,-0.2910156250,-1.4656488895, -0.4885496199, -1.1755725145
562140067,1.1286621094,0.1232910156,-0.2851562500,-1.5114504099, -1.1145038605, -0.8091602921
562150067,1.1286621094,0.1291503906,-0.2797851562,-1.8015266657, -1.4198473692, -0.1526717544
562160067,1.1362304688,0.1276855469,-0.2929687500,-1.6641221046, -1.6183205843, 0.1526717544
562170067,1.1315917969,0.1191406250,-0.2819824219,-1.9083969593, -1.3893129826, -0.1832061112
562180067,1.1372070312,0.1164550781,-0.2727050781,-2.2137403488, -0.7480915785, -0.9007633328
562190067,1.1372070312,0.1188964844,-0.2712402344,-2.6106870174, -0.3511450291, -2.2442748547
562200067,1.1328125000,0.1206054688,-0.2624511719,-2.3358778954, -0.1984732896, -2.8091602325
562210067,1.1362304688,0.1247558594,-0.2678222656,-2.0152671337, -0.3969465792, -2.3206107616
562220067,1.1376953125,0.1223144531,-0.2651367188,-1.7862595320, -0.5190839767, -2.9160306454
562230067,1.1376953125,0.1228027344,-0.2753906250,-1.4198473692, -0.0916030556, -3.9847328663
562240067,1.1264648438,0.1301269531,-0.2756347656,-1.0992366076, 0.9312977195, -4.9618320465
562250067,1.1245117188,0.1323242188,-0.2824707031,-1.1908396482, 2.1984732151, -5.1755723953
562260067,1.1210937500,0.1264648438,-0.2849121094,-1.2366411686, 2.8854961395, -4.6412215233
562270067,1.1242675781,0.1354980469,-0.2836914062,-1.0534350872, 3.0381679535, -4.1526718140
562280067,1.1191406250,0.1308593750,-0.2866210938,-1.2824426889, 2.7633588314, -3.9236640930
562290067,1.1198730469,0.1242675781,-0.2756347656,-1.5725190639, 2.1984732151, -4.0610685349
562300067,1.1208496094,0.1230468750,-0.2675781250,-1.6183205843, 1.4961831570, -4.1984734535
562310067,1.1174316406,0.1157226562,-0.2734375000,-1.9389313459, 1.0229008198, -4.4427480698
562320067,1.1088867188,0.1157226562,-0.2695312500,-1.5725190639, 0.6717557311, -4.5648856163
562330067,1.1220703125,0.1159667969,-0.2761230469,-1.6641221046, 0.6717557311, -4.0610685349
562340067,1.1235351562,0.1162109375,-0.2709960938,-1.3282443285, 0.5038167834, -3.3740458488
562350067,1.1240234375,0.1208496094,-0.2783203125,-1.2366411686, -0.0458015278, -2.9618320465
562360067,1.1286621094,0.1127929688,-0.2844238281,-1.2824426889, -0.4274809062, -2.3816792965
562370067,1.1223144531,0.1169433594,-0.2819824219,-1.2519084215, -0.2748091519, -1.7862595320
562380067,1.1198730469,0.1162109375,-0.2761230469,-1.7862595320, -0.1221374050, -1.2977099419
562390067,1.1184082031,0.1132812500,-0.2778320312,-1.9083969593, -0.4580152631, -0.8702290058
562400067,1.1218261719,0.1127929688,-0.2683105469,-1.9847328663, -0.8702290058, -0.8854961991
562410067,1.1345214844,0.1181640625,-0.2634277344,-2.3664121628, -1.6030534506, -1.4656488895
562420067,1.1713867188,0.1391601562,-0.2617187500,-2.5648853779, -1.7404580116, -1.6488549709
562430067,1.2097167969,0.1611328125,-0.2565917969,-2.7633588314, -2.2900762558, -1.6946564913
562440067,1.2397460938,0.1816406250,-0.2377929688,-2.8702290058, -3.4809160233, -1.1908396482
562450067,1.2575683594,0.1708984375,-0.2397460938,-2.5648853779, -5.0534353256, -3.1297709942
562460067,1.2500000000,0.1740722656,-0.2458496094,-2.8702290058, -4.7786259651, -7.0229005814
562470067,1.2187500000,0.1821289062,-0.2875976562,-3.4045801163, -0.4580152631, -10.1068706512
562480218,1.1564941406,0.1777343750,-0.3159179688,-4.3816795349, 7.6335878372, -11.3740453720
562490067,1.0688476562,0.1501464844,-0.3093261719,-5.1297707558, 15.2213745117, -14.0458011627
562500067,0.9545898438,0.1066894531,-0.2631835938,-5.1603055000, 15.6641225815, -18.3969459534
562510067,0.8903808594,0.0891113281,-0.2585449219,-4.3053436279, 9.8167934418, -21.5419845581
562520067,0.8996582031,0.0993652344,-0.2868652344,-3.5725190639, 3.2977099419, -20.9160308838
562530067,0.9643554688,0.1162109375,-0.3183593750,-2.5343511105, 1.2061069012, -16.1374053955
562540067,1.0354003906,0.1342773438,-0.3308105469,-2.1832060814, 2.1068701744, -8.0305347443
562550067,1.1008300781,0.1252441406,-0.3120117188,-2.4274809361, 3.0839693546, 0.0000000000
562560067,1.1616210938,0.1198730469,-0.3103027344,-2.0763359070, 4.7633585930, 5.3587784767
562570067,1.1835937500,0.1313476562,-0.2700195312,-1.5725190639, 4.3664121628, 9.1908397675
562580067,1.2060546875,0.1198730469,-0.2680664062,-0.5038167834, 3.4198472500, 9.8320608139
562590067,1.1752929688,0.1342773438,-0.2460937500,-0.5648854971, 1.0992366076, 9.1297712326
562600067,1.1643066406,0.1271972656,-0.2565917969,-0.0305343512, -1.2977099419, 6.1679387093
562610067,1.1328125000,0.1418457031,-0.2695312500,0.2900763452, -2.4427480698, 3.0534350872
562620067,1.0869140625,0.1267089844,-0.2993164062,0.2900763452, -2.7633588314, -0.0458015278
562630067,1.0617675781,0.1352539062,-0.2910156250,0.1374045759, -2.4122138023, -2.1679389477
562640067,1.0649414062,0.1367187500,-0.3085937500,-0.4732824564, -1.9083969593, -3.6488549709
562650067,1.0925292969,0.1264648438,-0.3083496094,-1.4656488895, -0.2900763452, -4.1221375465
562660067,1.1250000000,0.1279296875,-0.3098144531,-2.2748091221, 1.2061069012, -3.6335878372
562670067,1.1423339844,0.1311035156,-0.2954101562,-2.6412212849, 1.3282443285, -2.4274809361
562680067,1.1555175781,0.1281738281,-0.2766113281,-2.7480916977, 0.8549618125, -1.4198473692
562690067,1.1545410156,0.1240234375,-0.2734375000,-2.3511450291, 0.8396946788, -0.7480915785
562700067,1.1513671875,0.1293945312,-0.2683105469,-2.3358778954, 0.5954198241, 0.0458015278
562710067,1.1416015625,0.1250000000,-0.2646484375,-1.5114504099, -0.5343511701, 0.5496183038
562720067,1.1464843750,0.1210937500,-0.2451171875,-0.9160305262, -2.7022900581, 0.8702290058
562730067,1.1535644531,0.1274414062,-0.2385253906,-0.3664122224, -5.8778624535, 1.0229008198
562740067,1.1611328125,0.1215820312,-0.2382812500,0.0152671756, -9.0992364883, 0.8396946788
562750067,1.1630859375,0.1362304688,-0.2592773438,0.6106870174, -10.6564884186, 0.5801526904
562760067,1.1608886719,0.1428222656,-0.2932128906,0.5801526904, -9.5114507675, 0.6870229244
562770067,1.1430664062,0.1462402344,-0.3010253906,0.1374045759, -7.2977099419, 0.7633587718
562780067,1.1315917969,0.1413574219,-0.3071289062,-0.3206106722, -4.5801525116, 0.7175572515
562790067,1.1301269531,0.1462402344,-0.3049316406,-1.0076335669, -3.6641221046, 0.0916030556
562800067,1.1479492188,0.1511230469,-0.2968750000,-1.6030534506, -4.4274806976, -1.4198473692
562810067,1.1950683594,0.1596679688,-0.2817382812,-2.1221373081, -5.8931298256, -2.2290077209
562820067,1.2285156250,0.1667480469,-0.2932128906,-2.0610687733, -6.4885497093, -3.3587787151
562830067,1.2324218750,0.1542968750,-0.2939453125,-2.6717557907, -4.5496182442, -6.1221375465
562840067,1.2167968750,0.1689453125,-0.3183593750,-3.8778626919, -0.4122137427, -8.2748088837
562850067,1.1696777344,0.1772460938,-0.3132324219,-5.1297707558, 4.4274806976, -9.2519083023
562860067,1.1079101562,0.1665039062,-0.2844238281,-5.7862596512, 8.2290077209, -10.2595415115
562870067,1.0476074219,0.1508789062,-0.2648925781,-5.4198474884, 10.5648851395, -11.7862596512
562880067,1.0041503906,0.1398925781,-0.2517089844,-4.5801525116, 11.2671756744, -12.6106872559
562890067,0.9833984375,0.1381835938,-0.2602539062,-4.2748093605, 8.7786254883, -11.5267171860
562900067,1.0148925781,0.1223144531,-0.2583007812,-3.4198472500, 4.4732823372, -8.5801525116
562910067,1.0732421875,0.1230468750,-0.2736816406,-2.3358778954, 0.7175572515, -6.4274806976
562920067,1.1103515625,0.1210937500,-0.3041992188,-1.9083969593, -1.4198473692, -3.7099237442
562930067,1.1318359375,0.1284179688,-0.3391113281,-1.6946564913, 0.8702290058, -1.7251908779
562940067,1.1237792969,0.1308593750,-0.3222656250,-1.7862595320, 4.6259541512, 0.6870229244
562950067,1.0939941406,0.1342773438,-0.3139648438,-2.2137403488, 6.6717557907, 1.4351145029
562960067,1.0708007812,0.1374511719,-0.2805175781,-2.5190839767, 6.0916032791, 1.2366411686
562970067,1.0812988281,0.1289062500,-0.2683105469,-2.5496182442, 4.5648856163, -0.1832061112
562980067,1.0913085938,0.1406250000,-0.2873535156,-2.2442748547, 4.2595419884, -1.2519084215
562990067,1.0869140625,0.1403808594,-0.2741699219,-2.0152671337, 3.0687022209, -0.8854961991
563000067,1.0915527344,0.1298828125,-0.2895507812,-1.0687023401, 1.7862595320, -0.9465649128
563010067,1.0993652344,0.1428222656,-0.2897949219,-0.4427480996, 0.1679389328, -0.3511450291
563020067,1.1130371094,0.1562500000,-0.3032226562,-0.1679389328, -0.8396946788, 0.7938931584
563030067,1.1171875000,0.1506347656,-0.3217773438,-0.1221374050, -0.4427480996, 0.8091602921
563040067,1.1235351562,0.1467285156,-0.3205566406,-0.5954198241, 0.6259542108, 0.7022900581
563050067,1.1213378906,0.1406250000,-0.3107910156,-1.0992366076, 1.5572519302, 0.3969465792
563060067,1.1066894531,0.1320800781,-0.3012695312,-1.0229008198, 1.7404580116, 0.5343511701
563070067,1.1086425781,0.1386718750,-0.2861328125,-1.0992366076, 1.4656488895, 0.5648854971
563080067,1.1008300781,0.1342773438,-0.2734375000,-1.0381679535, 0.7480915785, 0.4427480996
563090067,1.1113281250,0.1318359375,-0.2705078125,-1.0839694738, 0.5190839767, 0.5801526904
563100067,1.1115722656,0.1440429688,-0.2712402344,-0.9618320465, 0.1832061112, 0.7175572515
563110067,1.1303710938,0.1486816406,-0.2570800781,-0.8702290058, -0.4274809062, 0.6717557311
563120067,1.1384277344,0.1459960938,-0.2695312500,-0.7328244448, -0.7328244448, 0.4427480996
563130067,1.1481933594,0.1457519531,-0.2712402344,-0.4427480996, -0.8091602921, -0.0305343512
563140067,1.1552734375,0.1428222656,-0.2783203125,-0.6106870174, -0.5954198241, -1.1297709942
563150067,1.1464843750,0.1411132812,-0.2675781250,-0.7786259651, -1.6946564913, -1.6183205843
563160067,1.1496582031,0.1408691406,-0.2648925781,-0.6870229244, -3.7099237442, -1.6641221046
563170067,1.1525878906,0.1462402344,-0.2736816406,-0.6717557311, -5.3129773140, -0.7022900581
563180067,1.1547851562,0.1513671875,-0.2988281250,-0.5496183038, -6.0305342674, 0.3664122224
563190067,1.1437988281,0.1440429688,-0.3056640625,-0.6259542108, -5.7404580116, 1.2977099419
563200067,1.1416015625,0.1457519531,-0.3093261719,-0.6870229244, -4.7022900581, 1.7709923983
563210067,1.1291503906,0.1384277344,-0.3090820312,-0.4732824564, -4.2290077209, 1.4503816366
563220067,1.1269531250,0.1416015625,-0.3217773438,-0.8549618125, -3.6030533314, 1.6183205843
563230067,1.1232910156,0.1435546875,-0.3229980469,-1.1297709942, -3.3740458488, 1.7099236250
563240067,1.1250000000,0.1276855469,-0.3237304688,-1.2824426889, -3.0381679535, 1.7099236250
563250067,1.1223144531,0.1340332031,-0.3203125000,-1.9083969593, -2.2748091221, 1.3129770756
563260067,1.1301269531,0.1293945312,-0.3049316406,-2.2442748547, -1.9847328663, 1.1908396482
563270067,1.1403808594,0.1289062500,-0.2963867188,-2.1832060814, -2.5496182442, 1.2213740349
563280067,1.1713867188,0.1276855469,-0.2727050781,-2.1832060814, -3.8015267849, 1.7251908779
563290067,1.1855468750,0.1408691406,-0.2624511719,-2.1679389477, -4.4580154419, 2.1679389477
563300067,1.1982421875,0.1284179688,-0.2607421875,-2.0305342674, -4.5343513489, 0.8244274855
563310067,1.1882324219,0.1301269531,-0.2927246094,-1.9847328663, -2.4580152035, -3.2213740349
563320067,1.1701660156,0.1516113281,-0.2751464844,-2.3969466686, 0.5190839767, -7.4809160233
563330067,1.1567382812,0.1516113281,-0.2712402344,-2.5496182442, 2.1832060814, -9.5419845581
563340067,1.1411132812,0.1347656250,-0.2570800781,-2.3969466686, 0.9160305262, -11.0534353256
563350067,1.1228027344,0.1352539062,-0.2456054688,-3.2366411686, -2.1984732151, -13.4656486511
563360067,1.0866699219,0.1484375000,-0.2724609375,-3.1908397675, -4.3664121628, -13.5725193024
563370067,1.0498046875,0.1618652344,-0.3481445312,-3.2977099419, -1.3435114622, -10.5038166046
563380067,1.0029296875,0.1665039062,-0.3994140625,-3.7404580116, 7.0229005814, -6.3664121628
563390067,0.9541015625,0.1411132812,-0.4052734375,-4.1984734535, 14.5343513489, -3.2213740349
563400067,0.9541015625,0.1218261719,-0.3557128906,-3.8625953197, 16.3816795349, -1.2061069012
563410067,0.9995117188,0.1147460938,-0.3139648438,-3.6335878372, 14.3511447906, 0.7938931584
563420067,1.0688476562,0.1147460938,-0.2939453125,-2.6717557907, 10.9923667908, 1.9236640930
563430067,1.1113281250,0.1411132812,-0.2656250000,-2.1221373081, 7.7099237442, 4.8702292442
563440067,1.1425781250,0.1413574219,-0.2622070312,-1.4809160233, 4.3206105232, 6.9770994186
563450067,1.1633300781,0.1486816406,-0.2683105469,-0.3969465792, 3.2977099419, 6.3664121628
563460067,1.1557617188,0.1604003906,-0.2849121094,-0.1984732896, 3.0381679535, 5.4351143837
563470067,1.1188964844,0.1677246094,-0.2746582031,0.0763358772, 1.8167939186, 5.3587784767
563480269,1.1047363281,0.1542968750,-0.3020019531,0.5648854971, 0.6412213445, 3.4809160233
563490067,1.0988769531,0.1462402344,-0.3366699219,0.3969465792, 1.2977099419, 1.4198473692
563500067,1.0781250000,0.1367187500,-0.3256835938,-0.3206106722, 2.5343511105, 0.2748091519
563510067,1.0898437500,0.1271972656,-0.3391113281,-0.4580152631, 2.9160306454, -0.6870229244
563520067,1.0900878906,0.1135253906,-0.3142089844,-1.0229008198, 2.7480916977, -1.3282443285
563530067,1.1159667969,0.1196289062,-0.3032226562,-1.9389313459, 1.6946564913, -2.2900762558
563540067,1.1372070312,0.1191406250,-0.2900390625,-2.5190839767, 0.8549618125, -3.4045801163
563550067,1.1457519531,0.1257324219,-0.2736816406,-2.6259541512, 0.5038167834, -3.9541983604
563560067,1.1525878906,0.1374511719,-0.2565917969,-2.5648853779, -0.1221374050, -3.4045801163
563570067,1.1518554688,0.1411132812,-0.2536621094,-2.1984732151, -0.5190839767, -2.6106870174
563580067,1.1538085938,0.1291503906,-0.2634277344,-1.4809160233, -0.7786259651, -2.0763359070
563590067,1.1567382812,0.1342773438,-0.2580566406,-0.5648854971, -0.8702290058, -1.8625954390
563600067,1.1586914062,0.1315917969,-0.2561035156,0.6717557311, -1.8015266657, -1.5419846773
563610067,1.1550292969,0.1286621094,-0.2636718750,1.4961831570, -3.4045801163, -1.4809160233
563620067,1.1584472656,0.1276855469,-0.2653808594,1.7862595320, -5.0992364883, -1.7557251453
563630067,1.1669921875,0.1328125000,-0.2863769531,1.4656488895, -6.3206105232, -2.2595419884
563640067,1.1762695312,0.1394042969,-0.2878417969,1.0992366076, -7.8015265465, -1.6793893576
563650067,1.1662597656,0.1394042969,-0.3081054688,0.1374045759, -8.7786254883, -0.4885496199
563660067,1.1589355469,0.1486816406,-0.3344726562,-0.7175572515, -8.8396949768, 0.9312977195
563670067,1.1413574219,0.1455078125,-0.3488769531,-1.7099236250, -7.0229005814, 2.0000000000
563680067,1.1276855469,0.1523437500,-0.3474121094,-2.3206107616, -4.9160304070, 2.8244273663
563690067,1.1162109375,0.1472167969,-0.3400878906,-2.6259541512, -1.8625954390, 2.1679389477
563700067,1.1252441406,0.1481933594,-0.3325195312,-2.6717557907, 0.4122137427, 1.7557251453
563710067,1.1296386719,0.1428222656,-0.2998046875,-2.5648853779, 1.8015266657, 1.0992366076
563720067,1.1345214844,0.1420898438,-0.2758789062,-2.2290077209, 1.2366411686, -0.2748091519
563730067,1.1506347656,0.1398925781,-0.2587890625,-1.9694656134, -1.4198473692, -2.7786259651
563740067,1.1975097656,0.1245117188,-0.2590332031,-1.5877863169, -4.7175574303, -8.1068706512
563750067,1.2297363281,0.1501464844,-0.2653808594,-2.0763359070, -6.8549618721, -13.6030530930
563760067,1.2321777344,0.1762695312,-0.2812500000,-2.9160306454, -6.4580154419, -15.7709922791
563770067,1.2165527344,0.1855468750,-0.3190917969,-4.0610685349, -2.2137403488, -14.2900762558
563780067,1.1640625000,0.1701660156,-0.3427734375,-5.2977099419, 5.7557253838, -11.0381679535
563790067,1.0644531250,0.1682128906,-0.3471679688,-5.0381679535, 12.9618320465, -8.8549613953
563800067,0.9580078125,0.1435546875,-0.3259277344,-4.4580154419, 16.3206100464, -8.2595415115
563810067,0.8928222656,0.1264648438,-0.3132324219,-4.2900762558, 16.7022895813, -9.1450386047
563820067,0.8818359375,0.1220703125,-0.3198242188,-4.2442746162, 14.4885492325, -7.4656486511
563830067,0.9287109375,0.1049804688,-0.3159179688,-3.5419847965, 11.8625955582, -1.6488549709
563840067,1.0119628906,0.0925292969,-0.2934570312,-2.5648853779, 9.5267171860, 4.3511452675
563850067,1.0861816406,0.0991210938,-0.2685546875,-1.9541984797, 6.9923663139, 8.0763359070
563860067,1.1469726562,0.1015625000,-0.2487792969,-1.0992366076, 2.8702290058, 9.9541988373
563870067,1.1743164062,0.1149902344,-0.2312011719,-0.7480915785, -2.3053436279, 10.3053436279
563880323,1.1960449219,0.1247558594,-0.2729492188,-0.5954198241, -4.7175574303, 7.8778624535
563890067,1.1911621094,0.1618652344,-0.3103027344,-0.9618320465, -4.2900762558, 5.4503817558
563900067,1.1469726562,0.1638183594,-0.3339843750,-0.7480915785, -2.8396947384, 4.5801525116
563910067,1.1074218750,0.1643066406,-0.3547363281,-0.8702290058, -1.0992366076, 2.0610687733
563920067,1.0761718750,0.1589355469,-0.3571777344,-1.1908396482, 0.7328244448, 0.5496183038
563930067,1.0612792969,0.1542968750,-0.3393554688,-1.1908396482, 2.1221373081, 0.0916030556
563940067,1.0727539062,0.1469726562,-0.3400878906,-1.4045801163, 3.1908397675, 0.1984732896
563950067,1.0822753906,0.1359863281,-0.3217773438,-1.4503816366, 4.2900762558, -0.3969465792
563960067,1.0981445312,0.1340332031,-0.3022460938,-1.4351145029, 4.4274806976, -2.5343511105
563970067,1.1169433594,0.1291503906,-0.2832031250,-1.6183205843, 3.9541983604, -5.3282442093
563980067,1.1296386719,0.1372070312,-0.2658691406,-1.6946564913, 3.6641221046, -6.4427480698
563990067,1.1506347656,0.1301269531,-0.2653808594,-1.1755725145, 2.6564886570, -6.0458016396
564000067,1.1640625000,0.1286621094,-0.2434082031,-0.6870229244, 2.0763359070, -4.7938933372
564010121,1.1777343750,0.1257324219,-0.2482910156,-0.5648854971, 0.2748091519, -4.1984734535
564020067,1.1870117188,0.1289062500,-0.2529296875,-0.0305343512, -2.5954198837, -3.2519083023
564030067,1.2014160156,0.1428222656,-0.2714843750,0.3664122224, -5.6335878372, -0.8244274855
564040067,1.2041015625,0.1420898438,-0.3024902344,0.4732824564, -7.7709922791, 1.8778625727
564050067,1.2043457031,0.1511230469,-0.3254394531,-0.6564885378, -7.9389314651, 3.6641221046
564060067,1.1960449219,0.1562500000,-0.3471679688,-0.9923664331, -6.5496182442, 4.1068701744
564070067,1.1787109375,0.1647949219,-0.3557128906,-1.6946564913, -3.4961831570, 2.3358778954
564080067,1.1535644531,0.1684570312,-0.3503417969,-2.2900762558, 1.3587785959, -2.0000000000
564090067,1.1115722656,0.1865234375,-0.3491210938,-2.3511450291, 7.5267176628, -3.9389312267
564100067,1.0893554688,0.1926269531,-0.3540039062,-1.6488549709, 14.2137403488, -3.8931298256
564110067,1.0598144531,0.1967773438,-0.3183593750,-0.8244274855, 18.8091602325, -3.7557251453
564120067,1.0573730469,0.1662597656,-0.2695312500,-0.1679389328, 19.1145038605, -6.0458016396
564130067,1.0854492188,0.1340332031,-0.2255859375,-1.1145038605, 14.4122133255, -10.0305347443
564140067,1.1330566406,0.1003417969,-0.1889648438,-2.4885497093, 6.0916032791, -13.4503812790
564150067,1.1726074219,0.0610351562,-0.1748046875,-2.8549618721, -3.8778626919, -13.1603050232
564160067,1.1721191406,0.0634765625,-0.1828613281,-3.2671756744, -9.7862596512, -10.1526718140
564170067,1.1469726562,0.0737304688,-0.2246093750,-4.2290077209, -9.9236640930, -7.1145038605
564180067,1.1030273438,0.1003417969,-0.3098144531,-4.9160304070, -2.7786259651, -2.3206107616
564190067,1.0461425781,0.1328125000,-0.3513183594,-4.2290077209, 5.7251906395, 4.2900762558
564200067,0.9897460938,0.1335449219,-0.3388671875,-3.3587787151, 10.3511447906, 8.7938928604
564210067,0.9775390625,0.1164550781,-0.3112792969,-1.6793893576, 9.5877866745, 7.3282442093
564220067,1.0095214844,0.1206054688,-0.3176269531,-0.6106870174, 6.4274806976, 4.0305342674
564230067,1.0671386719,0.1232910156,-0.3300781250,-0.2595419884, 3.7404580116, 1.6488549709
564240067,1.1303710938,0.1477050781,-0.3491210938,-0.6870229244, 2.8549618721, 0.9618320465
564250067,1.1562500000,0.1672363281,-0.3317871094,-1.7251908779, 2.0763359070, 1.5419846773
564260067,1.1569824219,0.1611328125,-0.3300781250,-2.6106870174, 0.9618320465, 0.6717557311
564270067,1.1433105469,0.1711425781,-0.3193359375,-3.4351146221, 0.8854961991, -0.9007633328
564280067,1.1164550781,0.1655273438,-0.3171386719,-3.2213740349, 2.3053436279, -1.2213740349
564290067,1.1096191406,0.1577148438,-0.3083496094,-2.4122138023, 3.5725190639, -0.7938931584
564300067,1.0947265625,0.1499023438,-0.3056640625,-1.3129770756, 4.5954198837, -0.4732824564
564310067,1.0864257812,0.1372070312,-0.3085937500,0.1526717544, 5.2519083023, 0.1984732896
564320067,1.0947265625,0.1298828125,-0.2985839844,0.9770992398, 5.2366414070, 0.2900763452
564330067,1.1137695312,0.1250000000,-0.2956542969,0.7022900581, 5.7404580116, -0.4427480996
564340067,1.1154785156,0.1289062500,-0.2902832031,0.4427480996, 5.6030535698, -1.2671755552
564350067,1.1286621094,0.1435546875,-0.2893066406,-0.4885496199, 4.7022900581, -2.5038168430
564360067,1.1386718750,0.1520996094,-0.2553710938,-1.1755725145, 3.0534350872, -3.8931298256
564370067,1.1574707031,0.1425781250,-0.2648925781,-1.4198473692, 1.4809160233, -5.3435115814
564380067,1.1669921875,0.1447753906,-0.2470703125,-1.8015266657, -0.1221374050, -6.4274806976
564390067,1.1687011719,0.1462402344,-0.2290039062,-1.6946564913, -3.7099237442, -6.4732823372
564400067,1.1574707031,0.1430664062,-0.2285156250,-0.7022900581, -6.5801525116, -5.7862596512
564410067,1.1608886719,0.1484375000,-0.2663574219,-0.1679389328, -7.2824425697, -4.1068701744
564420067,1.1577148438,0.1357421875,-0.2802734375,0.3511450291, -6.4885497093, -2.4427480698
564430067,1.1391601562,0.1401367188,-0.3071289062,-0.0763358772, -5.2671756744, -1.5877863169
564440067,1.1376953125,0.1401367188,-0.3122558594,-0.8854961991, -3.9847328663, -0.8091602921
564450067,1.1354980469,0.1411132812,-0.3266601562,-1.2366411686, -3.1603052616, 1.1603053808
564460067,1.1433105469,0.1376953125,-0.3334960938,-2.0916030407, -1.7862595320, 3.0839693546
564470067,1.1435546875,0.1372070312,-0.3161621094,-2.3816792965, -1.2824426889, 3.6183207035
564480219,1.1389160156,0.1384277344,-0.3195800781,-2.3511450291, -0.9160305262, 3.4351146221
564490067,1.1345214844,0.1340332031,-0.3356933594,-2.2442748547, 1.0534350872, 2.6564886570
564500067,1.1247558594,0.1242675781,-0.3332519531,-1.9236640930, 3.1908397675, 1.3740458488
564510067,1.1127929688,0.1198730469,-0.3112792969,-1.7557251453, 5.3282442093, -0.2290076315
564520067,1.0966796875,0.1206054688,-0.3173828125,-1.8625954390, 7.3435115814, -1.8015266657
564530067,1.1093750000,0.1318359375,-0.2939453125,-1.7862595320, 8.1221370697, -3.2213740349
564540067,1.0947265625,0.1235351562,-0.2690429688,-1.4045801163, 5.1908397675, -3.6793892384
564550067,1.1086425781,0.1120605469,-0.2458496094,-1.9083969593, -0.1221374050, -5.5877861977
564560067,1.1389160156,0.1289062500,-0.2451171875,-2.1984732151, -5.0534353256, -6.7022900581
564570067,1.1791992188,0.1413574219,-0.2587890625,-2.3664121628, -7.5572519302, -5.0687022209
564580067,1.2233886719,0.1506347656,-0.2695312500,-2.9160306454, -6.1068701744, -3.6488549709
564590067,1.2236328125,0.1650390625,-0.2763671875,-3.3587787151, -2.5190839767, -2.9770991802
564600067,1.2004394531,0.1604003906,-0.2839355469,-3.4045801163, 0.9312977195, -3.4045801163
564610067,1.1762695312,0.1533203125,-0.3002929688,-3.9694657326, 4.8091602325, -4.7175574303
564620067,1.1184082031,0.1403808594,-0.3120117188,-4.2900762558, 8.5648851395, -6.3816795349
564630067,1.0461425781,0.1401367188,-0.3364257812,-4.0916032791, 13.3740453720, -6.5801525116
564640067,0.9396972656,0.1320800781,-0.3283691406,-3.4809160233, 16.7786254883, -6.4274806976
564650067,0.9245605469,0.1315917969,-0.3305664062,-3.9847328663, 16.5954189301, -5.8473281860
564660067,0.9680175781,0.1281738281,-0.3146972656,-3.6030533314, 14.1679391861, -2.9618320465
564670067,1.0410156250,0.1406250000,-0.2990722656,-3.3129770756, 10.3969469070, 1.0534350872
564680067,1.1210937500,0.1274414062,-0.2758789062,-2.7786259651, 5.3587784767, 4.2137403488
564690067,1.1674804688,0.1293945312,-0.2648925781,-1.7404580116, 1.8167939186, 5.2977099419
564700067,1.1896972656,0.1289062500,-0.2954101562,-0.7938931584, 0.7022900581, 6.3511452675
564710067,1.1638183594,0.1301269531,-0.3010253906,0.5038167834, 1.2213740349, 7.6946563721
564720067,1.1269531250,0.1188964844,-0.3132324219,1.3893129826, 2.5648853779, 6.6412215233
564730067,1.1127929688,0.1047363281,-0.3312988281,1.8015266657, 5.6946563721, 2.2137403488
564740067,1.1074218750,0.1267089844,-0.2990722656,1.6946564913, 6.3206105232, -1.7862595320
564750067,1.1259765625,0.1474609375,-0.2722167969,1.6488549709, 3.4809160233, -4.0000000000
564760067,1.1406250000,0.1662597656,-0.2490234375,2.2290077209, -0.4274809062, -4.2595419884
564770067,1.1401367188,0.1689453125,-0.2563476562,1.8931298256, -2.5343511105, -5.1145038605
564780067,1.1323242188,0.1716308594,-0.2722167969,1.2061069012, 0.6412213445, -6.7328243256
564790067,1.1088867188,0.1796875000,-0.2753906250,0.6564885378, 4.8244276047, -5.6641221046
564800067,1.0974121094,0.1696777344,-0.2514648438,0.3053435087, 6.6259541512, -3.3893129826
564810067,1.1000976562,0.1518554688,-0.2316894531,-0.0152671756, 5.8931298256, -1.7251908779
564820067,1.1220703125,0.1276855469,-0.2346191406,0.1221374050, 3.0076336861, -0.6259542108
564830067,1.1525878906,0.1091308594,-0.2355957031,-0.0916030556, 0.6106870174, -0.3511450291
564840067,1.1723632812,0.1213378906,-0.2363281250,-0.8091602921, -2.5038168430, -0.0152671756
564850067,1.1889648438,0.1337890625,-0.2385253906,-1.1145038605, -6.4274806976, 2.5801527500
564860067,1.1911621094,0.1555175781,-0.2482910156,-1.1603053808, -9.4809160233, 5.4809160233
564870067,1.1938476562,0.1506347656,-0.2875976562,-1.3282443285, -9.4961833954, 5.2977099419
564880067,1.1589355469,0.1474609375,-0.3225097656,-2.0305342674, -6.5190839767, 2.9312977791
564890067,1.1242675781,0.1540527344,-0.3256835938,-2.6106870174, -2.8854961395, 1.2366411686
564900067,1.0939941406,0.1406250000,-0.3237304688,-2.4122138023, -0.0763358772, -0.0763358772
564910067,1.0769042969,0.1252441406,-0.3237304688,-2.6564886570, 2.3511450291, -1.8778625727
564920067,1.0847167969,0.1142578125,-0.2868652344,-2.8396947384, 0.9618320465, -3.7862596512
564930067,1.0983886719,0.1123046875,-0.2670898438,-3.2671756744, -1.9847328663, -5.4961833954
564940067,1.1120605469,0.1213378906,-0.2663574219,-2.3511450291, -3.8320610523, -3.9083969593
564950067,1.1232910156,0.1247558594,-0.2714843750,-2.3664121628, -2.8091602325, -2.2748091221
564960067,1.1198730469,0.1149902344,-0.2700195312,-2.2900762558, -0.9160305262, -2.9465649128
564970067,1.1447753906,0.1230468750,-0.2717285156,-2.5801527500, 1.1297709942, -4.6564884186
564980067,1.1606445312,0.1291503906,-0.2634277344,-1.6488549709, 1.9236640930, -4.7938933372
564990067,1.1679687500,0.1140136719,-0.2578125000,-1.9083969593, 0.3053435087, -4.5190839767
565000067,1.1599121094,0.1225585938,-0.2685546875,-2.1526718140, -1.0992366076, -5.1908397675
565010067,1.1340332031,0.1418457031,-0.2866210938,-2.9770991802, -0.3053435087, -2.7633588314
565020067,1.0969238281,0.1440429688,-0.3125000000,-3.4961831570, 1.7404580116, 1.5419846773
565030067,1.0612792969,0.1257324219,-0.3381347656,-4.1679387093, 5.0839695930, 4.0610685349
565040067,1.0239257812,0.1213378906,-0.3491210938,-4.3816795349, 8.3053436279, 4.7633585930
565050067,1.0073242188,0.1162109375,-0.3210449219,-4.0305342674, 8.8396949768, 5.2977099419
565060067,1.0266113281,0.0961914062,-0.3078613281,-2.8702290058, 6.4122138023, 3.5725190639
565070067,1.0634765625,0.0900878906,-0.2849121094,-1.6488549709, 1.4351145029, 1.2061069012
565080067,1.1271972656,0.0861816406,-0.3020019531,0.2290076315, -3.2671756744, 0.1374045759
565090067,1.1738281250,0.0864257812,-0.3278808594,1.9389313459, -3.5725190639, 0.1068702266
565100067,1.1784667969,0.1020507812,-0.3271484375,2.7633588314, -0.5954198241, 1.6335878372
565110067,1.1618652344,0.1247558594,-0.2770996094,2.9770991802, -1.7862595320, 3.4503817558
565120067,1.1882324219,0.1284179688,-0.2597656250,3.2671756744, -4.7633585930, 2.4427480698
565130067,1.1884765625,0.1584472656,-0.2500000000,2.8854961395, -5.6030535698, 0.5801526904
565140067,1.1469726562,0.1689453125,-0.2651367188,2.4274809361, -3.2213740349, -2.3816792965
565150067,1.0864257812,0.2026367188,-0.2756347656,1.6335878372, 1.2519084215, -5.7251906395
565160067,1.0346679688,0.2199707031,-0.2736816406,0.9923664331, 4.2748093605, -8.5648851395
565170067,1.0361328125,0.2233886719,-0.2546386719,0.6259542108, 5.9541983604, -11.2671756744
565180067,1.0830078125,0.2050781250,-0.2580566406,-0.1832061112, 6.5496182442, -13.9236640930
565190067,1.1335449219,0.1972656250,-0.2590332031,-1.0229008198, 4.1374044418, -13.2366409302
565200067,1.1511230469,0.1784667969,-0.2731933594,-2.1068701744, -1.0534350872, -9.3893127441
565210067,1.1826171875,0.1481933594,-0.2951660156,-3.1145038605, -5.8473281860, -4.5648856163
565220067,1.2158203125,0.1269531250,-0.3139648438,-3.4961831570, -8.1526718140, -1.3435114622
565230067,1.2270507812,0.1198730469,-0.3298339844,-3.8167939186, -8.5954198837, 1.2061069012
565240067,1.2370605469,0.1213378906,-0.3354492188,-3.3435113430, -8.2748088837, 1.5725190639
565250067,1.2053222656,0.1152343750,-0.3242187500,-3.8015267849, -7.9694657326, -0.4580152631
565260067,1.1699218750,0.1315917969,-0.3271484375,-4.2137403488, -5.8320612907, -2.9923663139
565270067,1.1242675781,0.1450195312,-0.3461914062,-4.1526718140, 0.0305343512, -2.9770991802
565280067,1.0498046875,0.1384277344,-0.3132324219,-3.6641221046, 6.5496182442, -1.9389313459
565290067,0.9892578125,0.1281738281,-0.2722167969,-3.2061069012, 9.0534353256, -1.3129770756
565300067,0.9741210938,0.1027832031,-0.2851562500,-3.4198472500, 10.3969469070, -2.5190839767
565310067,0.9992675781,0.1147460938,-0.2871093750,-3.5114502907, 13.5114507675, -1.0687023401
565320067,0.9995117188,0.1049804688,-0.2736816406,-3.3740458488, 16.3053436279, 0.9007633328
565330067,1.0219726562,0.1018066406,-0.2827148438,-3.6030533314, 16.7480907440, 0.6412213445
565340067,1.0603027344,0.1096191406,-0.2778320312,-3.1908397675, 15.3282442093, 0.2290076315
565350067,1.1110839844,0.1198730469,-0.2690429688,-2.4427480698, 13.0687026978, 0.5801526904
565360067,1.1345214844,0.1247558594,-0.2763671875,-1.6183205843, 8.8702287674, 1.2366411686
565370067,1.1479492188,0.1281738281,-0.2731933594,-0.7328244448, 4.1526718140, 2.3053436279
565380067,1.1704101562,0.1274414062,-0.2946777344,0.3053435087, 2.1526718140, 1.7099236250
565390067,1.1574707031,0.1357421875,-0.3051757812,0.4122137427, 3.4198472500, 1.8931298256
565400067,1.1391601562,0.1264648438,-0.3129882812,0.6259542108, 6.3969464302, 1.7709923983
565410067,1.1179199219,0.1166992188,-0.2910156250,0.2900763452, 7.2519083023, -0.5954198241
565420067,1.1286621094,0.1184082031,-0.2802734375,-0.4427480996, 5.7557253838, -3.5114502907
565430067,1.1433105469,0.1086425781,-0.2868652344,-1.0992366076, 4.5496182442, -5.8015265465
565440067,1.1533203125,0.1206054688,-0.2878417969,-2.1832060814, 2.6259541512, -6.6259541512
565450067,1.1674804688,0.1379394531,-0.2641601562,-2.4732823372, -1.5572519302, -5.6793894768
565460067,1.1806640625,0.1533203125,-0.2700195312,-1.5877863169, -4.3053436279, -2.9312977791
565470067,1.1770019531,0.1613769531,-0.2949218750,-1.1145038605, -3.4351146221, -1.5419846773
565480274,1.1547851562,0.1508789062,-0.2958984375,-1.1908396482, -1.2366411686, -0.9465649128
565490067,1.1240234375,0.1328125000,-0.2805175781,-1.3587785959, -0.5801526904, -0.1832061112
565500067,1.1132812500,0.1071777344,-0.2402343750,-2.0610687733, -2.1374046803, 0.0763358772
565510067,1.1333007812,0.1040039062,-0.2131347656,-2.8702290058, -6.1984734535, -0.5038167834
565520067,1.1718750000,0.1127929688,-0.2275390625,-3.0839693546, -10.6717557907, 0.0610687025
565530067,1.1789550781,0.1340332031,-0.2817382812,-2.7328243256, -10.4732828140, 1.7099236250
565540067,1.1608886719,0.1586914062,-0.3142089844,-2.6412212849, -6.7328243256, 4.7022900581
565550067,1.1140136719,0.1662597656,-0.3269042969,-1.5267175436, -1.9083969593, 6.9160304070
565560067,1.0783691406,0.1711425781,-0.3286132812,-1.0229008198, 0.9465649128, 8.0000000000
565570067,1.0573730469,0.1520996094,-0.3205566406,-0.1832061112, 1.8931298256, 6.4885497093
565580141,1.0654296875,0.1596679688,-0.3110351562,-0.3358778656, 0.6106870174, 4.1832060814
565590067,1.0695800781,0.1418457031,-0.3051757812,-0.1984732896, -0.0152671756, 2.5190839767
565600067,1.0815429688,0.1333007812,-0.2958984375,-0.3358778656, -0.8549618125, 0.6106870174
565610067,1.0930175781,0.1213378906,-0.2937011719,0.2137404531, -1.2977099419, -0.8702290058
565620067,1.1057128906,0.1198730469,-0.2783203125,0.2442748100, -1.9541984797, -2.6564886570
565630067,1.1352539062,0.1149902344,-0.2766113281,0.7480915785, -2.7175571918, -5.1145038605
565640067,1.1467285156,0.1152343750,-0.2792968750,0.7022900581, -3.0076336861, -7.0076336861
565650067,1.1567382812,0.1228027344,-0.2817382812,0.5038167834, -3.3587787151, -8.2442750931
565660067,1.1564941406,0.1176757812,-0.2722167969,0.6412213445, -3.6488549709, -8.5038166046
565670067,1.1718750000,0.1264648438,-0.2685546875,0.3664122224, -5.2519083023, -9.4045801163
565680141,1.1794433594,0.1320800781,-0.2519531250,0.3511450291, -7.6946563721, -8.8396949768
565690067,1.2055664062,0.1352539062,-0.2529296875,0.6106870174, -9.8015270233, -6.7633585930
565700067,1.2138671875,0.1386718750,-0.2707519531,0.1221374050, -11.1755723953, -2.7480916977
565710067,1.1936035156,0.1394042969,-0.3095703125,-0.3358778656, -10.0458011627, 2.3511450291
565720067,1.1704101562,0.1398925781,-0.3178710938,-0.5648854971, -5.6335878372, 7.3587784767
565730067,1.1357421875,0.1345214844,-0.3073730469,-0.8091602921, 0.8396946788, 8.3053436279
565740067,1.1223144531,0.1237792969,-0.3010253906,-1.7404580116, 5.3435115814, 5.1297707558
565750067,1.0974121094,0.1267089844,-0.2893066406,-2.7175571918, 9.0381679535, -0.3969465792
565760067,1.0588378906,0.1342773438,-0.2812500000,-3.9847328663, 10.0763359070, -4.1832060814
565770067,1.0383300781,0.1093750000,-0.2834472656,-4.1221375465, 9.3740453720, -6.9923663139
565780142,1.0251464844,0.1005859375,-0.2880859375,-4.3358778954, 8.2595415115, -7.2213740349
565790067,1.0134277344,0.0905761719,-0.3093261719,-5.1603055000, 7.5725193024, -6.9923663139
565800067,1.0046386719,0.1123046875,-0.3386230469,-5.4961833954, 8.9007635117, -5.8931298256
565810067,1.0029296875,0.1257324219,-0.3537597656,-5.5877861977, 11.6793889999, -2.4427480698
565820067,1.0239257812,0.1303710938,-0.3369140625,-5.7099237442, 11.5725193024, 0.0305343512
565830067,1.0563964844,0.1293945312,-0.2966308594,-4.7175574303, 7.1450381279, 0.8854961991
565840067,1.1022949219,0.1352539062,-0.2980957031,-3.4198472500, 2.5038168430, 0.8549618125
565850067,1.1542968750,0.1518554688,-0.3002929688,-2.2595419884, -0.2900763452, 1.7099236250
565860067,1.1955566406,0.1669921875,-0.3071289062,-1.2061069012, -1.0229008198, 4.5038166046
565870067,1.2136230469,0.1464843750,-0.3254394531,-0.4274809062, 1.8931298256, 5.8473281860
565880446,1.2194824219,0.1350097656,-0.3320312500,-0.5954198241, 7.1603055000, 3.3893129826
