time,xacc,yacc,zacc,xgyro,ygyro,zgyro
1665260067,1.1508789062,-0.0527343750,-0.2390136719,-3.0839693546, 0.0610687025, -5.3282442093
1665270067,1.1489257812,-0.0422363281,-0.2441406250,-3.6946563721, 0.3816793859, -5.4503817558
1665280067,1.1545410156,-0.0480957031,-0.2460937500,-3.6641221046, 0.2595419884, -4.7786259651
1665290067,1.1618652344,-0.0473632812,-0.2368164062,-3.3740458488, 0.4427480996, -4.3358778954
1665300067,1.1508789062,-0.0585937500,-0.2302246094,-3.0381679535, -0.0152671756, -4.7633585930
1665310067,1.1464843750,-0.0541992188,-0.2197265625,-3.0076336861, -0.4427480996, -4.1984734535
1665320067,1.1540527344,-0.0603027344,-0.2163085938,-2.7328243256, -0.9618320465, -3.3893129826
1665330067,1.1511230469,-0.0551757812,-0.2233886719,-2.5038168430, -1.8778625727, -3.0839693546
1665340067,1.1403808594,-0.0441894531,-0.2268066406,-2.0763359070, -2.7175571918, -2.8396947384
1665350067,1.1357421875,-0.0559082031,-0.2416992188,-1.8625954390, -2.3969466686, -5.3587784767
1665360067,1.1396484375,-0.0385742188,-0.2424316406,-1.7557251453, -0.9312977195, -5.6793894768
1665370067,1.1323242188,-0.0395507812,-0.2473144531,-1.5572519302, 0.3358778656, -3.1297709942
1665380067,1.1284179688,-0.0507812500,-0.2463378906,-1.3435114622, 0.1832061112, -2.4580152035
1665390067,1.1220703125,-0.0620117188,-0.2500000000,-1.4198473692, 0.1526717544, -2.5801527500
1665400067,1.1323242188,-0.0468750000,-0.2336425781,-1.4351145029, -0.0458015278, -1.4503816366
1665410067,1.1491699219,-0.0488281250,-0.2426757812,-1.6183205843, 0.4732824564, -0.4885496199
1665420067,1.1452636719,-0.0578613281,-0.2358398438,-1.5877863169, 1.1145038605, -2.4427480698
1665430067,1.1452636719,-0.0551757812,-0.2324218750,-1.6335878372, 0.9160305262, -4.2748093605
1665440067,1.1369628906,-0.0502929688,-0.2377929688,-1.4198473692, -0.0305343512, -4.7328243256
1665450067,1.1491699219,-0.0427246094,-0.2409667969,-1.2671755552, 0.1984732896, -4.3664121628
1665460067,1.1591796875,-0.0415039062,-0.2673339844,-0.9007633328, 1.3129770756, -3.6793892384
1665470067,1.1496582031,-0.0400390625,-0.2575683594,-0.4580152631, 1.6946564913, -3.0839693546
1665480222,1.1374511719,-0.0473632812,-0.2399902344,-0.5343511701, 1.3282443285, -2.8549618721
1665490067,1.1384277344,-0.0390625000,-0.2524414062,-0.6870229244, 0.5954198241, -3.0381679535
1665500067,1.1430664062,-0.0383300781,-0.2465820312,-0.6717557311, 0.3358778656, -2.8854961395
1665510067,1.1406250000,-0.0446777344,-0.2424316406,-0.9160305262, 1.0076335669, -2.2442748547
1665520067,1.1435546875,-0.0378417969,-0.2451171875,-1.1908396482, 1.8015266657, -1.7862595320
1665530067,1.1369628906,-0.0461425781,-0.2446289062,-1.4045801163, 2.3969466686, -1.8473281860
1665540067,1.1315917969,-0.0451660156,-0.2314453125,-1.4198473692, 2.5954198837, -1.7251908779
1665550067,1.1401367188,-0.0485839844,-0.2236328125,-1.4961831570, 2.6106870174, -1.7099236250
1665560067,1.1425781250,-0.0427246094,-0.2216796875,-1.5419846773, 2.2748091221, -1.4961831570
1665570067,1.1389160156,-0.0400390625,-0.2368164062,-1.5114504099, 1.7862595320, -1.1603053808
1665580067,1.1396484375,-0.0454101562,-0.2355957031,-1.3893129826, 1.4045801163, -0.8091602921
1665590067,1.1372070312,-0.0468750000,-0.2287597656,-1.2519084215, 1.6030534506, -0.7633587718
1665600067,1.1430664062,-0.0463867188,-0.2336425781,-1.4351145029, 1.4351145029, -0.9770992398
1665610067,1.1386718750,-0.0500488281,-0.2397460938,-1.5267175436, 1.7099236250, -0.7786259651
1665620067,1.1374511719,-0.0610351562,-0.2431640625,-1.7099236250, 1.1908396482, -1.2366411686
1665630067,1.1384277344,-0.0473632812,-0.2321777344,-1.6793893576, 0.9923664331, -1.1297709942
1665640067,1.1369628906,-0.0390625000,-0.2392578125,-1.3893129826, 1.0839694738, 0.4427480996
1665650067,1.1367187500,-0.0400390625,-0.2392578125,-1.4198473692, 0.9618320465, 0.3053435087
1665660067,1.1352539062,-0.0527343750,-0.2463378906,-1.4656488895, 1.5572519302, -0.2137404531
1665670067,1.1420898438,-0.0434570312,-0.2490234375,-1.2977099419, 2.6259541512, -0.2900763452
1665680067,1.1298828125,-0.0424804688,-0.2358398438,-1.0534350872, 2.7480916977, 0.5038167834
1665690067,1.1276855469,-0.0541992188,-0.2336425781,-1.1908396482, 2.3511450291, -0.2137404531
1665700067,1.1384277344,-0.0544433594,-0.2268066406,-1.1297709942, 1.8778625727, -1.1450381279
1665710067,1.1391601562,-0.0458984375,-0.2309570312,-1.1603053808, 1.6335878372, -1.2213740349
1665720067,1.1513671875,-0.0437011719,-0.2390136719,-1.4045801163, 1.4809160233, -1.2061069012
1665730067,1.1452636719,-0.0539550781,-0.2446289062,-1.7099236250, 1.4045801163, -1.1755725145
1665740067,1.1433105469,-0.0432128906,-0.2351074219,-1.7251908779, 1.4809160233, -0.8244274855
1665750067,1.1491699219,-0.0468750000,-0.2370605469,-1.6488549709, 1.4503816366, -0.6870229244
1665760067,1.1418457031,-0.0478515625,-0.2436523438,-1.7709923983, 0.9618320465, -0.5801526904
1665770067,1.1394042969,-0.0490722656,-0.2336425781,-1.4961831570, 0.8549618125, -0.2900763452
1665780067,1.1437988281,-0.0458984375,-0.2468261719,-1.4198473692, 0.7633587718, -0.1984732896
1665790067,1.1435546875,-0.0485839844,-0.2473144531,-1.7404580116, 0.5954198241, -0.3664122224
1665800067,1.1420898438,-0.0502929688,-0.2429199219,-1.5419846773, 1.3893129826, -0.3969465792
1665810067,1.1364746094,-0.0546875000,-0.2424316406,-1.5419846773, 1.6641221046, -0.4732824564
1665820067,1.1391601562,-0.0515136719,-0.2380371094,-1.2519084215, 1.7099236250, -0.5190839767
1665830067,1.1403808594,-0.0476074219,-0.2370605469,-1.3435114622, 1.7557251453, -0.7022900581
1665840067,1.1420898438,-0.0471191406,-0.2355957031,-1.5877863169, 1.9389313459, -0.7786259651
1665850067,1.1413574219,-0.0476074219,-0.2368164062,-1.7404580116, 1.8015266657, -0.3816793859
1665860067,1.1367187500,-0.0593261719,-0.2375488281,-1.9541984797, 1.8625954390, -0.6106870174
1665870067,1.1381835938,-0.0446777344,-0.2297363281,-1.8625954390, 1.8167939186, -0.6870229244
1665880067,1.1381835938,-0.0471191406,-0.2329101562,-1.9083969593, 1.7099236250, -0.7175572515
1665890067,1.1318359375,-0.0454101562,-0.2331542969,-1.8473281860, 1.6946564913, -1.1450381279
1665900067,1.1413574219,-0.0510253906,-0.2463378906,-1.8320610523, 1.4656488895, -1.4503816366
1665910067,1.1401367188,-0.0485839844,-0.2365722656,-1.5114504099, 1.4503816366, -1.6488549709
1665920067,1.1508789062,-0.0505371094,-0.2407226562,-1.3129770756, 1.4809160233, -2.1374046803
1665930067,1.1455078125,-0.0449218750,-0.2312011719,-1.3587785959, 1.8167939186, -1.9541984797
1665940067,1.1384277344,-0.0544433594,-0.2363281250,-1.2824426889, 1.4045801163, -1.4351145029
1665950067,1.1462402344,-0.0541992188,-0.2397460938,-1.4045801163, 1.3587785959, -0.8702290058
1665960067,1.1423339844,-0.0461425781,-0.2355957031,-1.3435114622, 0.8396946788, -1.0534350872
1665970067,1.1406250000,-0.0480957031,-0.2514648438,-1.4045801163, 0.7022900581, -1.0229008198
1665980067,1.1342773438,-0.0510253906,-0.2414550781,-1.5267175436, 0.6717557311, -4.3816795349
1665990067,1.1318359375,-0.0375976562,-0.2460937500,-1.6946564913, 1.0381679535, -2.8244273663
1666000067,1.1254882812,-0.0473632812,-0.2316894531,-1.5419846773, 1.3282443285, -1.0992366076
1666010067,1.1379394531,-0.0612792969,-0.2346191406,-1.4045801163, 1.4809160233, -1.1755725145
1666020067,1.1372070312,-0.0563964844,-0.2329101562,-1.8015266657, 1.9083969593, -0.6412213445
1666030067,1.1499023438,-0.0505371094,-0.2282714844,-2.1526718140, 2.5190839767, 0.6259542108
1666040067,1.1508789062,-0.0605468750,-0.2199707031,-2.1374046803, 2.0152671337, -0.2900763452
1666050067,1.1364746094,-0.0563964844,-0.2250976562,-2.2290077209, 0.7328244448, -2.5954198837
1666060067,1.1396484375,-0.0444335938,-0.2304687500,-1.8473281860, -0.4122137427, -4.3511452675
1666070067,1.1425781250,-0.0454101562,-0.2377929688,-1.8931298256, 0.0916030556, -4.9465646744
1666080067,1.1464843750,-0.0444335938,-0.2497558594,-1.5877863169, 1.6793893576, -4.0763359070
1666090067,1.1484375000,-0.0454101562,-0.2502441406,-1.3587785959, 2.5496182442, -3.1145038605
1666100067,1.1572265625,-0.0422363281,-0.2546386719,-1.0839694738, 2.6106870174, -2.7328243256
1666110067,1.1474609375,-0.0461425781,-0.2446289062,-1.1145038605, 1.8931298256, -2.6717557907
1666120067,1.1430664062,-0.0422363281,-0.2414550781,-0.9007633328, 0.7633587718, -2.4274809361
1666130067,1.1496582031,-0.0541992188,-0.2478027344,-1.0229008198, -0.2137404531, -2.5801527500
1666140067,1.1428222656,-0.0534667969,-0.2524414062,-1.0381679535, 0.4427480996, -2.5648853779
1666150067,1.1518554688,-0.0495605469,-0.2380371094,-1.4656488895, 1.7404580116, -2.3511450291
1666160067,1.1347656250,-0.0458984375,-0.2419433594,-1.4045801163, 2.8244273663, -1.9847328663
1666170067,1.1372070312,-0.0485839844,-0.2280273438,-1.7251908779, 2.9923663139, -2.0152671337
1666180067,1.1369628906,-0.0517578125,-0.2238769531,-1.6488549709, 2.7480916977, -2.0000000000
1666190067,1.1311035156,-0.0485839844,-0.2253417969,-1.8320610523, 2.1679389477, -1.8625954390
1666200067,1.1347656250,-0.0534667969,-0.2207031250,-1.4351145029, 1.2519084215, -1.6641221046
1666210067,1.1374511719,-0.0507812500,-0.2260742188,-1.9083969593, 1.0381679535, -1.4503816366
1666220067,1.1418457031,-0.0451660156,-0.2297363281,-1.7709923983, 0.7938931584, -1.2213740349
1666230067,1.1406250000,-0.0476074219,-0.2326660156,-1.6335878372, 0.8702290058, -1.0534350872
1666240067,1.1420898438,-0.0527343750,-0.2424316406,-2.1374046803, 0.0916030556, -0.9465649128
1666250067,1.1413574219,-0.0568847656,-0.2324218750,-1.7251908779, -0.0610687025, -1.6183205843
1666260067,1.1472167969,-0.0449218750,-0.2385253906,-1.8778625727, 0.2748091519, -0.8854961991
1666270067,1.1425781250,-0.0422363281,-0.2517089844,-1.9236640930, 0.7938931584, 0.0000000000
1666280067,1.1359863281,-0.0490722656,-0.2424316406,-1.8167939186, 1.0534350872, -0.2595419884
1666290067,1.1379394531,-0.0454101562,-0.2473144531,-1.7251908779, 1.6946564913, -0.3206106722
1666300067,1.1386718750,-0.0485839844,-0.2438964844,-1.8320610523, 1.9083969593, 0.0305343512
1666310067,1.1420898438,-0.0505371094,-0.2319335938,-1.2519084215, 1.6946564913, -0.0152671756
1666320067,1.1362304688,-0.0529785156,-0.2253417969,-1.5114504099, 1.2824426889, -0.6412213445
1666330069,1.1362304688,-0.0529785156,-0.2258300781,-1.4198473692, 0.4885496199, -0.8854961991
1666340067,1.1384277344,-0.0520019531,-0.2314453125,-1.1450381279, 0.1374045759, -1.4351145029
1666350067,1.1494140625,-0.0505371094,-0.2436523438,-1.2366411686, 0.9160305262, -2.1221373081
1666360067,1.1428222656,-0.0468750000,-0.2397460938,-1.3282443285, 1.6793893576, -1.3740458488
1666370067,1.1442871094,-0.0524902344,-0.2446289062,-1.6793893576, 1.8320610523, -0.8091602921
1666380067,1.1445312500,-0.0483398438,-0.2404785156,-1.5267175436, 1.7862595320, -0.7786259651
1666390067,1.1411132812,-0.0507812500,-0.2424316406,-1.9236640930, 1.0229008198, -0.7786259651
1666400067,1.1442871094,-0.0493164062,-0.2458496094,-1.8778625727, 0.7175572515, -0.5801526904
1666410067,1.1413574219,-0.0490722656,-0.2419433594,-2.0763359070, 0.8854961991, -0.3664122224
1666420067,1.1420898438,-0.0483398438,-0.2377929688,-1.9694656134, 1.4656488895, -0.2290076315
1666430067,1.1391601562,-0.0510253906,-0.2399902344,-1.9083969593, 1.6793893576, -0.1984732896
1666440067,1.1357421875,-0.0556640625,-0.2207031250,-1.9389313459, 1.8931298256, -0.3206106722
1666450067,1.1386718750,-0.0534667969,-0.2397460938,-1.5114504099, 1.5419846773, -0.7633587718
1666460067,1.1379394531,-0.0544433594,-0.2321777344,-1.7557251453, 1.6183205843, -0.9160305262
1666470067,1.1398925781,-0.0554199219,-0.2319335938,-1.6335878372, 1.3893129826, -0.9923664331
1666480215,1.1364746094,-0.0500488281,-0.2326660156,-1.5572519302, 1.4503816366, -0.7328244448
1666490067,1.1345214844,-0.0500488281,-0.2355957031,-1.7404580116, 1.5572519302, -0.4427480996
1666500067,1.1357421875,-0.0529785156,-0.2287597656,-1.6641221046, 1.4351145029, -0.6106870174
1666510067,1.1398925781,-0.0512695312,-0.2348632812,-1.7251908779, 1.1450381279, -1.0229008198
1666520067,1.1328125000,-0.0498046875,-0.2382812500,-1.7251908779, 1.0992366076, -1.4351145029
1666530067,1.1494140625,-0.0520019531,-0.2458496094,-1.4809160233, 1.0992366076, -1.6946564913
1666540067,1.1418457031,-0.0532226562,-0.2470703125,-1.6641221046, 1.7557251453, -1.8625954390
1666550067,1.1486816406,-0.0522460938,-0.2319335938,-1.5572519302, 1.9541984797, -1.8167939186
1666560067,1.1435546875,-0.0529785156,-0.2348632812,-1.2977099419, 1.4503816366, -1.6793893576
1666570067,1.1435546875,-0.0578613281,-0.2434082031,-1.4045801163, 1.1755725145, -1.5267175436
1666580067,1.1455078125,-0.0551757812,-0.2468261719,-1.3893129826, 1.1145038605, -0.7786259651
1666590067,1.1486816406,-0.0534667969,-0.2368164062,-1.6793893576, 0.9007633328, -0.7786259651
1666600067,1.1528320312,-0.0478515625,-0.2421875000,-1.1755725145, 0.9160305262, -0.7633587718
1666610067,1.1284179688,-0.0612792969,-0.2270507812,-1.4045801163, 0.8396946788, -3.7557251453
1666620067,1.1352539062,-0.0422363281,-0.2377929688,-1.6335878372, 0.8702290058, -3.8015267849
1666630067,1.1286621094,-0.0556640625,-0.2343750000,-1.5725190639, 1.3435114622, -1.8473281860
1666640067,1.1337890625,-0.0720214844,-0.2382812500,-1.5267175436, 1.7404580116, -1.5267175436
1666650067,1.1376953125,-0.0568847656,-0.2409667969,-1.5725190639, 2.0763359070, -0.8854961991
1666660067,1.1374511719,-0.0483398438,-0.2375488281,-1.6641221046, 2.2137403488, 0.3206106722
1666670067,1.1467285156,-0.0512695312,-0.2233886719,-1.6488549709, 2.1068701744, 0.1221374050
1666680067,1.1523437500,-0.0585937500,-0.2309570312,-1.6030534506, 1.7099236250, -2.4580152035
1666690067,1.1350097656,-0.0537109375,-0.2326660156,-1.4503816366, 0.6106870174, -4.0458016396
1666700067,1.1328125000,-0.0432128906,-0.2346191406,-1.5572519302, 0.4580152631, -4.5190839767
1666710067,1.1413574219,-0.0434570312,-0.2373046875,-1.6488549709, 1.0534350872, -4.2442746162
1666720067,1.1499023438,-0.0451660156,-0.2404785156,-1.5725190639, 1.7557251453, -3.6030533314
1666730067,1.1479492188,-0.0539550781,-0.2404785156,-1.4656488895, 2.1374046803, -3.2061069012
1666740067,1.1457519531,-0.0544433594,-0.2490234375,-1.2977099419, 1.5725190639, -2.7175571918
1666750067,1.1457519531,-0.0488281250,-0.2495117188,-0.9312977195, 0.8091602921, -2.2748091221
1666760067,1.1457519531,-0.0480957031,-0.2478027344,-1.2213740349, 0.0916030556, -2.1526718140
1666770067,1.1469726562,-0.0566406250,-0.2512207031,-1.4809160233, 0.0152671756, -2.2748091221
1666780067,1.1469726562,-0.0595703125,-0.2546386719,-1.5267175436, 1.1755725145, -2.8702290058
1666790067,1.1416015625,-0.0495605469,-0.2404785156,-1.8167939186, 2.2900762558, -2.6564886570
1666800067,1.1411132812,-0.0515136719,-0.2255859375,-1.9541984797, 2.7938930988, -2.4427480698
1666810067,1.1445312500,-0.0507812500,-0.2309570312,-1.7709923983, 3.0992367268, -2.4580152035
1666820067,1.1428222656,-0.0510253906,-0.2277832031,-1.7099236250, 2.2595419884, -2.5648853779
1666830110,1.1401367188,-0.0473632812,-0.2285156250,-1.4809160233, 1.5877863169, -2.2595419884
1666840067,1.1369628906,-0.0498046875,-0.2233886719,-1.5419846773, 1.0534350872, -1.8473281860
1666850067,1.1384277344,-0.0422363281,-0.2312011719,-1.3740458488, 1.0381679535, -1.6641221046
1666860067,1.1472167969,-0.0517578125,-0.2353515625,-1.2519084215, 1.1297709942, -1.2061069012
1666870067,1.1398925781,-0.0510253906,-0.2426757812,-1.4809160233, 0.7328244448, -1.0534350872
1666880067,1.1381835938,-0.0578613281,-0.2324218750,-1.7404580116, 0.3358778656, -1.4198473692
1666890067,1.1486816406,-0.0515136719,-0.2441406250,-1.8320610523, -0.3664122224, -1.7251908779
1666900067,1.1533203125,-0.0488281250,-0.2495117188,-1.9389313459, -0.2290076315, -0.9465649128
1666910067,1.1364746094,-0.0461425781,-0.2395019531,-2.1526718140, 0.0152671756, -0.6717557311
1666920067,1.1379394531,-0.0498046875,-0.2312011719,-2.1068701744, 0.6564885378, -0.9770992398
1666930067,1.1467285156,-0.0478515625,-0.2458496094,-2.0000000000, 1.5725190639, -0.6717557311
1666940067,1.1430664062,-0.0529785156,-0.2380371094,-2.1832060814, 1.9694656134, -0.5496183038
1666950067,1.1420898438,-0.0534667969,-0.2248535156,-2.0916030407, 1.8625954390, -0.8091602921
1666960067,1.1401367188,-0.0471191406,-0.2390136719,-1.7099236250, 1.6030534506, -1.6793893576
1666970067,1.1440429688,-0.0505371094,-0.2299804688,-1.9389313459, 1.8931298256, -1.8015266657
1666980067,1.1457519531,-0.0463867188,-0.2385253906,-1.8015266657, 1.6030534506, -1.8931298256
1666990067,1.1423339844,-0.0456542969,-0.2307128906,-1.6335878372, 1.2977099419, -1.7251908779
1667000067,1.1411132812,-0.0495605469,-0.2397460938,-1.3740458488, 1.0839694738, -1.2366411686
1667010067,1.1459960938,-0.0427246094,-0.2324218750,-1.5725190639, 0.8244274855, -1.0992366076
1667020067,1.1484375000,-0.0446777344,-0.2387695312,-1.4198473692, 0.3511450291, -0.8549618125
1667030067,1.1376953125,-0.0546875000,-0.2397460938,-1.5419846773, -0.0916030556, -0.9618320465
1667040067,1.1445312500,-0.0512695312,-0.2407226562,-1.7404580116, -0.0763358772, -0.8091602921
1667050067,1.1386718750,-0.0454101562,-0.2426757812,-1.7709923983, 0.8702290058, -0.9770992398
1667060067,1.1401367188,-0.0505371094,-0.2470703125,-1.9847328663, 1.4198473692, -0.8396946788
1667070067,1.1376953125,-0.0517578125,-0.2487792969,-1.8015266657, 1.3587785959, -1.0687023401
1667080067,1.1416015625,-0.0529785156,-0.2392578125,-1.8625954390, 1.8625954390, -1.2671755552
1667090067,1.1342773438,-0.0546875000,-0.2446289062,-1.8320610523, 1.3587785959, -1.6488549709
1667100067,1.1396484375,-0.0517578125,-0.2270507812,-1.7251908779, 1.0381679535, -1.7251908779
1667110067,1.1416015625,-0.0532226562,-0.2351074219,-1.7251908779, 0.7633587718, -1.6183205843
1667120067,1.1398925781,-0.0502929688,-0.2370605469,-1.8778625727, 0.7633587718, -1.6946564913
1667130067,1.1430664062,-0.0488281250,-0.2431640625,-2.1221373081, 0.5038167834, -1.6641221046
1667140153,1.1320800781,-0.0483398438,-0.2424316406,-2.1679389477, 0.4122137427, -1.6641221046
1667150067,1.1345214844,-0.0517578125,-0.2351074219,-2.2748091221, 0.5038167834, -1.7709923983
1667160067,1.1364746094,-0.0502929688,-0.2373046875,-2.0763359070, 0.2900763452, -2.2290077209
1667170067,1.1325683594,-0.0527343750,-0.2404785156,-1.8320610523, 0.2595419884, -2.7175571918
1667180067,1.1433105469,-0.0485839844,-0.2309570312,-1.8625954390, 0.5801526904, -2.9618320465
1667190067,1.1406250000,-0.0480957031,-0.2392578125,-1.6641221046, 0.9312977195, -2.9770991802
1667200067,1.1469726562,-0.0463867188,-0.2416992188,-1.8625954390, 1.1755725145, -3.5572519302
1667210067,1.1354980469,-0.0505371094,-0.2436523438,-2.0152671337, 0.7633587718, -3.6641221046
1667220067,1.1379394531,-0.0449218750,-0.2436523438,-1.8320610523, 0.2442748100, -3.4045801163
1667230067,1.1303710938,-0.0512695312,-0.2485351562,-2.1068701744, -0.1679389328, -3.0229008198
1667240067,1.1342773438,-0.0427246094,-0.2495117188,-2.1679389477, -0.4580152631, -3.8778626919
1667250067,1.1430664062,-0.0468750000,-0.2448730469,-2.2442748547, -0.9770992398, -5.3740458488
1667260067,1.1328125000,-0.0541992188,-0.2485351562,-2.4122138023, -1.3587785959, -9.3587789536
1667270067,1.1447753906,-0.0280761719,-0.2561035156,-3.0381679535, -1.5725190639, -7.8931298256
1667280067,1.1259765625,-0.0341796875,-0.2541503906,-3.0687022209, -2.1679389477, -5.1450381279
1667290067,1.1269531250,-0.0534667969,-0.2609863281,-2.8702290058, -2.5038168430, -5.4351143837
1667300067,1.1447753906,-0.0444335938,-0.2526855469,-2.6564886570, -2.0916030407, -6.0458016396
1667310067,1.1586914062,-0.0329589844,-0.2473144531,-3.2519083023, -1.2519084215, -4.6870226860
1667320067,1.1540527344,-0.0432128906,-0.2419433594,-3.2519083023, -0.7328244448, -5.3435115814
1667330067,1.1599121094,-0.0485839844,-0.2197265625,-4.0152673721, -0.6717557311, -8.5190839767
1667340067,1.1596679688,-0.0336914062,-0.2165527344,-4.1221375465, -1.5114504099, -10.9465646744
1667350067,1.1638183594,-0.0278320312,-0.2280273438,-3.9389312267, -3.4198472500, -11.0534353256
1667360067,1.1943359375,-0.0292968750,-0.2507324219,-3.8931298256, -3.3129770756, -11.2061071396
1667370067,1.2170410156,-0.0310058594,-0.2778320312,-3.7862596512, -2.7938930988, -12.8396949768
1667380067,1.1977539062,-0.0314941406,-0.2973632812,-3.8320610523, -2.3358778954, -14.2442750931
1667390067,1.1923828125,-0.0380859375,-0.2963867188,-3.7557251453, -1.7862595320, -15.4809160233
1667400067,1.2045898438,-0.0358886719,-0.3002929688,-3.5114502907, -1.2213740349, -15.8320608139
1667410067,1.1791992188,-0.0249023438,-0.2897949219,-2.3206107616, -1.5725190639, -14.3816795349
1667420067,1.1616210938,-0.0395507812,-0.2751464844,-1.5877863169, -2.3206107616, -12.4427480698
1667430067,1.1503906250,-0.0346679688,-0.2724609375,-1.1450381279, -2.2290077209, -11.6030530930
1667440067,1.1401367188,-0.0449218750,-0.2487792969,-0.2137404531, -1.7557251453, -10.6412210464
1667450067,1.1120605469,-0.0205078125,-0.2292480469,-0.4427480996, -0.9465649128, -8.9465646744
1667460067,1.0976562500,-0.0163574219,-0.2116699219,-0.3053435087, -0.9312977195, -6.0916032791
1667470067,1.0822753906,-0.0268554688,-0.1896972656,-0.5343511701, -1.6030534506, -5.2366414070
1667480215,1.0886230469,-0.0520019531,-0.1938476562,-0.3969465792, -3.1755726337, -7.0229005814
1667490067,1.0915527344,-0.0183105469,-0.1950683594,-0.4274809062, -4.0916032791, -5.3587784767
1667500067,1.0937500000,-0.0368652344,-0.2153320312,-0.3664122224, -5.1145038605, -4.9770994186
1667510067,1.0947265625,-0.0373535156,-0.2194824219,-0.1068702266, -6.9007635117, -5.3893127441
1667520067,1.1130371094,-0.0219726562,-0.2470703125,-0.0763358772, -8.9160308838, -4.1221375465
1667530067,1.1274414062,-0.0241699219,-0.2687988281,-0.5038167834, -10.7786254883, -3.1450381279
1667540067,1.1379394531,-0.0224609375,-0.2941894531,-0.9312977195, -11.2519083023, -3.2213740349
1667550067,1.1513671875,-0.0034179688,-0.3027343750,-1.6335878372, -9.3740453720, -1.1908396482
1667560111,1.1655273438,-0.0075683594,-0.3098144531,-2.1984732151, -6.9312977791, 0.9160305262
1667570067,1.1579589844,-0.0251464844,-0.3063964844,-1.9847328663, -3.7557251453, 0.9770992398
1667580067,1.1618652344,-0.0314941406,-0.2827148438,-1.4503816366, -0.8854961991, 0.8396946788
1667590067,1.1577148438,-0.0273437500,-0.2595214844,-0.8091602921, 1.0229008198, 1.5877863169
1667600067,1.1352539062,-0.0307617188,-0.2380371094,0.2748091519, 1.1450381279, 1.4503816366
1667610067,1.1318359375,-0.0302734375,-0.2260742188,0.9770992398, 1.5572519302, -0.1984732896
1667620067,1.1306152344,-0.0161132812,-0.2194824219,1.3435114622, 2.1374046803, 0.0916030556
1667630067,1.1303710938,-0.0183105469,-0.2258300781,1.3893129826, 2.2748091221, 0.8396946788
1667640067,1.1560058594,-0.0209960938,-0.2307128906,1.4656488895, 1.9694656134, 0.9618320465
1667650067,1.1635742188,-0.0178222656,-0.2568359375,0.9312977195, 1.2824426889, 0.4274809062
1667660067,1.1550292969,-0.0251464844,-0.2702636719,0.7938931584, 1.4503816366, 0.1068702266
1667670067,1.1540527344,-0.0092773438,-0.2810058594,0.1832061112, 3.3129770756, 1.1755725145
1667680067,1.1435546875,-0.0156250000,-0.2932128906,-0.2900763452, 5.1755723953, 2.4580152035
1667690067,1.1276855469,-0.0175781250,-0.2956542969,-0.6717557311, 6.6564884186, 1.9389313459
1667700067,1.1020507812,-0.0087890625,-0.2807617188,-0.3816793859, 7.3740458488, 2.5954198837
1667710067,1.0983886719,-0.0153808594,-0.2770996094,0.0152671756, 8.7633590698, 2.4580152035
1667720067,1.1079101562,-0.0073242188,-0.2639160156,0.4580152631, 11.0992364883, 2.1068701744
1667730067,1.0856933594,-0.0100097656,-0.2436523438,1.0687023401, 10.6259546280, 1.8320610523
1667740067,1.0864257812,-0.0131835938,-0.2363281250,1.0992366076, 9.3282442093, 0.9770992398
1667750067,1.0942382812,-0.0190429688,-0.2360839844,1.2977099419, 7.9083967209, -0.3969465792
1667760067,1.1069335938,-0.0131835938,-0.2338867188,1.1450381279, 7.0687022209, -1.0687023401
1667770067,1.1213378906,-0.0134277344,-0.2373046875,1.0076335669, 6.6870226860, -1.2977099419
1667780067,1.1250000000,-0.0151367188,-0.2387695312,0.8549618125, 6.8396945000, -1.1297709942
1667790067,1.1166992188,-0.0139160156,-0.2468261719,0.2442748100, 5.8625955582, -1.4198473692
1667800067,1.1198730469,-0.0246582031,-0.2438964844,-0.2442748100, 4.4580154419, -2.2442748547
1667810067,1.1279296875,-0.0212402344,-0.2470703125,-0.7175572515, 3.9694657326, -2.4122138023
1667820067,1.1337890625,-0.0258789062,-0.2500000000,-1.1145038605, 4.3664121628, -2.1526718140
1667830067,1.1452636719,-0.0263671875,-0.2497558594,-1.5572519302, 4.7938933372, -1.7557251453
1667840067,1.1442871094,-0.0241699219,-0.2426757812,-2.1221373081, 4.9312977791, -1.6030534506
1667850067,1.1442871094,-0.0285644531,-0.2546386719,-2.3053436279, 4.2900762558, -1.6946564913
1667860067,1.1396484375,-0.0207519531,-0.2480468750,-2.2137403488, 3.0381679535, -1.5114504099
1667870067,1.1455078125,-0.0256347656,-0.2551269531,-2.3816792965, 2.2900762558, -0.7938931584
1667880067,1.1469726562,-0.0290527344,-0.2617187500,-1.8931298256, 1.4351145029, 0.0152671756
1667890067,1.1528320312,-0.0117187500,-0.2702636719,-1.8320610523, 1.4503816366, 0.2748091519
1667900067,1.1298828125,-0.0261230469,-0.2651367188,-1.7404580116, 1.5725190639, -1.2061069012
1667910067,1.1423339844,-0.0214843750,-0.2712402344,-1.8320610523, 1.7099236250, -3.0534350872
1667920067,1.1464843750,-0.0068359375,-0.2707519531,-1.7557251453, 2.1832060814, -1.8931298256
1667930067,1.1416015625,-0.0305175781,-0.2634277344,-1.4503816366, 2.5038168430, -0.4580152631
1667940067,1.1584472656,-0.0302734375,-0.2609863281,-1.5419846773, 3.5267176628, 0.3358778656
1667950067,1.1469726562,-0.0356445312,-0.2568359375,-1.7251908779, 3.8778626919, 0.3969465792
1667960067,1.1535644531,-0.0249023438,-0.2458496094,-1.8625954390, 4.1526718140, 1.2977099419
1667970067,1.1494140625,-0.0385742188,-0.2355957031,-2.2595419884, 3.8931298256, 0.5343511701
1667980067,1.1342773438,-0.0341796875,-0.2189941406,-2.1526718140, 2.6870229244, -1.5572519302
1667990067,1.1328125000,-0.0268554688,-0.2219238281,-2.0763359070, 0.9618320465, -2.8091602325
1668000067,1.1369628906,-0.0270996094,-0.2424316406,-2.1068701744, -0.0458015278, -3.1450381279
1668010067,1.1452636719,-0.0214843750,-0.2502441406,-2.1374046803, 0.4427480996, -3.1297709942
1668020067,1.1477050781,-0.0090332031,-0.2441406250,-1.6488549709, 1.0229008198, -2.9312977791
1668030067,1.1418457031,-0.0217285156,-0.2617187500,-1.4045801163, 1.4809160233, -2.4580152035
1668040067,1.1372070312,-0.0285644531,-0.2585449219,-1.4045801163, 1.4809160233, -2.1374046803
1668050067,1.1450195312,-0.0234375000,-0.2648925781,-0.8091602921, 1.5725190639, -2.2748091221
1668060067,1.1442871094,-0.0190429688,-0.2561035156,-0.9618320465, 2.2442748547, -1.7862595320
1668070067,1.1445312500,-0.0187988281,-0.2504882812,-0.9770992398, 2.8244273663, -1.5114504099
1668080067,1.1342773438,-0.0246582031,-0.2490234375,-1.4351145029, 2.7022900581, -1.6183205843
1668090067,1.1293945312,-0.0258789062,-0.2434082031,-1.4503816366, 2.8091602325, -1.5572519302
1668100067,1.1289062500,-0.0214843750,-0.2387695312,-1.8625954390, 2.8396947384, -1.4351145029
1668110067,1.1320800781,-0.0236816406,-0.2314453125,-1.6641221046, 3.1145038605, -1.5267175436
1668120067,1.1372070312,-0.0261230469,-0.2353515625,-1.7862595320, 3.0534350872, -1.2977099419
1668130067,1.1457519531,-0.0209960938,-0.2358398438,-1.7404580116, 2.6259541512, -1.3435114622
1668140067,1.1374511719,-0.0229492188,-0.2426757812,-1.8015266657, 2.1221373081, -1.0381679535
1668150067,1.1342773438,-0.0249023438,-0.2382812500,-1.5419846773, 1.2519084215, -0.9312977195
1668160067,1.1455078125,-0.0300292969,-0.2353515625,-1.3129770756, 0.3664122224, -1.0839694738
1668170067,1.1335449219,-0.0319824219,-0.2465820312,-1.3893129826, -0.1984732896, -1.0839694738
1668180067,1.1457519531,-0.0300292969,-0.2470703125,-1.2366411686, -0.5190839767, -1.6946564913
1668190067,1.1569824219,-0.0246582031,-0.2585449219,-0.9923664331, 0.1068702266, -1.1603053808
1668200067,1.1533203125,-0.0217285156,-0.2626953125,-1.5572519302, 1.1145038605, -0.2748091519
1668210067,1.1364746094,-0.0227050781,-0.2563476562,-1.7251908779, 1.3282443285, 0.1374045759
1668220067,1.1340332031,-0.0297851562,-0.2583007812,-1.4045801163, 1.0381679535, 0.1526717544
1668230067,1.1328125000,-0.0285644531,-0.2568359375,-1.4351145029, 0.9770992398, 0.0916030556
1668240067,1.1335449219,-0.0224609375,-0.2485351562,-1.8473281860, 0.9618320465, -0.2595419884
1668250067,1.1196289062,-0.0275878906,-0.2468261719,-1.7862595320, 0.7328244448, -0.7786259651
1668260067,1.1250000000,-0.0222167969,-0.2460937500,-1.6183205843, 0.1068702266, -2.1526718140
1668270067,1.0952148438,-0.0207519531,-0.2324218750,-1.8778625727, -1.4198473692, -3.6793892384
1668280067,1.0781250000,-0.0227050781,-0.2253417969,-1.6793893576, -3.9236640930, -5.1755723953
1668290067,1.0336914062,-0.0192871094,-0.2343750000,-1.7862595320, -7.8778624535, -7.3435115814
1668300067,1.0773925781,-0.0251464844,-0.2458496094,-2.6717557907, -11.8320608139, -10.6870231628
1668310067,1.1452636719,-0.0024414062,-0.2819824219,-3.6641221046, -15.4961833954, -9.5419845581
1668320067,1.1005859375,0.0161132812,-0.3110351562,-5.4503817558, -21.4351139069, -6.3664121628
1668330067,1.1245117188,0.0148925781,-0.3635253906,-7.2366414070, -24.2442741394, -5.4351143837
1668340067,1.2023925781,0.0278320312,-0.4064941406,-9.7404584885, -18.8091602325, -0.9465649128
1668350067,1.2517089844,0.0278320312,-0.4238281250,-12.3358774185, -7.6030535698, 5.6488547325
1668360067,1.3159179688,0.0195312500,-0.3869628906,-14.0000000000, 5.7709922791, 10.6870231628
1668370067,1.3413085938,-0.0305175781,-0.3283691406,-16.1984729767, 15.0381679535, 11.4961833954
1668380067,1.3159179688,-0.0854492188,-0.2343750000,-16.2900772095, 16.9923667908, 3.8931298256
1668390067,1.2490234375,-0.0644531250,-0.1796875000,-15.5419845581, 12.0458011627, -1.6946564913
1668400067,1.1684570312,-0.0295410156,-0.1616210938,-12.3511447906, 2.4122138023, 1.7099236250
1668410067,1.1469726562,-0.0256347656,-0.1923828125,-7.8778624535, -4.9160304070, 3.6335878372
1668420067,1.1899414062,-0.0249023438,-0.2543945312,-4.0610685349, -5.3740458488, 3.1908397675
1668430067,1.1811523438,-0.0246582031,-0.3215332031,-0.3358778656, 0.1984732896, 3.0381679535
1668440067,1.1574707031,-0.0488281250,-0.3422851562,2.1679389477, 8.3053436279, 0.3969465792
1668450067,1.1528320312,-0.0581054688,-0.3222656250,3.2671756744, 16.9770984650, -2.2595419884
1668460067,1.1469726562,-0.0461425781,-0.2873535156,2.9007632732, 21.0381679535, -2.9770991802
1668470067,1.1279296875,-0.0444335938,-0.2463378906,1.4045801163, 20.4122142792, -4.5648856163
1668480215,1.0878906250,-0.0310058594,-0.1840820312,-0.8091602921, 18.2748088837, -7.1603055000
1668490067,1.0690917969,-0.0224609375,-0.1535644531,-2.8091602325, 15.5725193024, -4.6412215233
1668500067,1.0971679688,-0.0358886719,-0.1616210938,-4.0000000000, 15.1145038605, -2.9312977791
1668510067,1.0793457031,-0.0417480469,-0.1247558594,-4.1984734535, 12.4427480698, -1.4961831570
1668520072,1.0544433594,-0.0468750000,-0.1176757812,-3.1297709942, 5.7862596512, -2.3511450291
1668530067,1.0769042969,-0.0432128906,-0.1284179688,-1.0992366076, -1.1603053808, -3.9236640930
1668540067,1.0732421875,-0.0222167969,-0.1665039062,0.9160305262, -6.8854961395, -5.2519083023
1668550073,1.0424804688,-0.0295410156,-0.2028808594,2.7328243256, -10.1221370697, -6.1374044418
1668560067,1.0605468750,-0.0153808594,-0.2565917969,4.4885497093, -9.3893127441, -9.0076332092
1668570067,1.0927734375,0.0124511719,-0.2890625000,4.4732823372, -5.2213740349, -6.7328243256
1668580067,1.0842285156,-0.0078125000,-0.2812500000,4.5343513489, -2.0000000000, -5.4198474884
1668590067,1.0822753906,-0.0205078125,-0.2568359375,4.4580154419, -1.3282443285, -5.9847326279
1668600067,1.1130371094,-0.0178222656,-0.2355957031,3.3740458488, -2.3053436279, -5.5877861977
1668610067,1.1259765625,-0.0349121094,-0.2170410156,2.0763359070, -4.3358778954, -6.0458016396
1668620067,1.1169433594,-0.0319824219,-0.2045898438,0.8396946788, -7.6183204651, -7.7557253838
1668630067,1.1276855469,-0.0134277344,-0.2111816406,0.2900763452, -10.0152673721, -8.3816795349
1668640067,1.1486816406,-0.0029296875,-0.2434082031,0.1221374050, -10.8549613953, -8.0458011627
1668650067,1.1713867188,-0.0043945312,-0.2519531250,0.7022900581, -8.6412210464, -8.8549613953
1668660067,1.1987304688,-0.0070800781,-0.2644042969,1.5114504099, -6.7480916977, -9.6793889999
1668670067,1.1955566406,-0.0058593750,-0.2644042969,2.3053436279, -6.7328243256, -9.2824430466
1668680067,1.1718750000,-0.0161132812,-0.2780761719,2.4580152035, -8.9160308838, -10.0458011627
1668690067,1.1677246094,-0.0173339844,-0.3000488281,2.0458016396, -10.8396949768, -9.4198474884
1668700067,1.1765136719,-0.0239257812,-0.3344726562,1.5267175436, -10.3206110001, -8.5038166046
1668710067,1.1801757812,-0.0280761719,-0.3444824219,0.9160305262, -7.0687022209, -7.8778624535
1668720067,1.1716308594,-0.0236816406,-0.3520507812,0.0763358772, -3.2366411686, -6.8244276047
1668730067,1.1635742188,-0.0200195312,-0.3503417969,-0.9160305262, -0.3816793859, -5.0229005814
1668740067,1.1525878906,-0.0205078125,-0.3112792969,-1.8167939186, 0.3358778656, -3.4809160233
1668750067,1.1494140625,-0.0180664062,-0.2829589844,-2.3053436279, -0.6106870174, -3.1755726337
1668760067,1.1318359375,-0.0109863281,-0.2568359375,-2.5343511105, -1.1755725145, -2.8244273663
1668770067,1.1445312500,-0.0073242188,-0.2509765625,-2.6870229244, -1.6793893576, -3.0229008198
1668780067,1.1574707031,-0.0004882812,-0.2607421875,-2.4885497093, -1.2824426889, -2.8091602325
1668790067,1.1538085938,-0.0036621094,-0.2570800781,-2.4122138023, -0.6106870174, -2.1068701744
1668800067,1.1638183594,0.0039062500,-0.2531738281,-2.2290077209, 0.4732824564, -1.8015266657
1668810067,1.1538085938,-0.0085449219,-0.2495117188,-2.1679389477, 1.7709923983, -1.5877863169
1668820067,1.1328125000,-0.0114746094,-0.2514648438,-1.8167939186, 2.9465649128, -2.3511450291
1668830067,1.1418457031,0.0017089844,-0.2629394531,-1.4656488895, 5.2671756744, -1.0229008198
1668840067,1.1469726562,0.0036621094,-0.2893066406,-1.9389313459, 9.6793889999, 0.9770992398
1668850067,1.1508789062,-0.0180664062,-0.2814941406,-1.3129770756, 14.6870231628, 1.0381679535
1668860067,1.1567382812,-0.0041503906,-0.2849121094,-0.8702290058, 19.7099227905, 0.7022900581
1668870067,1.1252441406,0.0017089844,-0.2534179688,-1.4503816366, 21.5877857208, 2.4122138023
1668880067,1.0410156250,-0.0097656250,-0.2087402344,-0.7633587718, 21.5572509766, 1.2366411686
1668890067,0.9953613281,-0.0134277344,-0.1828613281,-0.5648854971, 21.3435115814, 0.7786259651
1668900067,1.0280761719,-0.0290527344,-0.1640625000,-0.1068702266, 25.2671756744, 1.2213740349
1668910067,1.0625000000,-0.0397949219,-0.1423339844,0.2748091519, 28.5801525116, 0.3816793859
1668920067,1.0620117188,-0.0190429688,-0.1125488281,0.2290076315, 26.0152664185, 0.4580152631
1668930067,1.0917968750,-0.0112304688,-0.1210937500,-0.1526717544, 17.5877857208, 1.1603053808
1668940067,1.1472167969,-0.0058593750,-0.1557617188,-0.5343511701, 8.0763359070, 1.3435114622
1668950067,1.1757812500,-0.0041503906,-0.2109375000,-0.8702290058, -1.0992366076, 1.5114504099
1668960067,1.1989746094,-0.0056152344,-0.2722167969,-0.7786259651, -7.7099237442, 1.3740458488
1668970067,1.2001953125,-0.0024414062,-0.3295898438,-0.8549618125, -10.2900762558, 1.4809160233
1668980067,1.1799316406,0.0012207031,-0.3635253906,-1.0229008198, -9.9847326279, 2.2748091221
1668990067,1.1796875000,-0.0019531250,-0.3813476562,-1.2366411686, -6.9923663139, 2.6870229244
1669000067,1.1643066406,-0.0109863281,-0.3688964844,-1.2366411686, -3.1297709942, 3.0687022209
1669010067,1.1623535156,-0.0122070312,-0.3442382812,-1.6946564913, -0.0763358772, 3.6946563721
1669020067,1.1589355469,-0.0268554688,-0.2927246094,-1.9389313459, 0.8854961991, 3.4198472500
1669030067,1.1452636719,-0.0383300781,-0.2648925781,-1.6488549709, -1.1450381279, 2.2290077209
1669040067,1.1450195312,-0.0263671875,-0.2451171875,-1.5725190639, -3.0687022209, 1.4961831570
1669050067,1.1530761719,-0.0156250000,-0.2429199219,-1.3893129826, -3.6793892384, 2.0000000000
1669060067,1.1550292969,-0.0073242188,-0.2509765625,-1.4198473692, -3.0839693546, 2.1832060814
1669070067,1.1523437500,0.0004882812,-0.2639160156,-1.5114504099, -1.1450381279, 2.4427480698
1669080067,1.1560058594,0.0021972656,-0.2712402344,-1.6030534506, 0.7328244448, 3.3435113430
1669090067,1.1484375000,0.0024414062,-0.2687988281,-1.3587785959, 2.0916030407, 4.2595419884
1669100067,1.1452636719,-0.0114746094,-0.2558593750,-0.9923664331, 2.0458016396, 3.9083969593
1669110067,1.1369628906,-0.0029296875,-0.2641601562,-0.9465649128, 1.7099236250, 3.6335878372
1669120067,1.1381835938,-0.0139160156,-0.2536621094,-1.1450381279, 1.4961831570, 4.1374044418
1669130067,1.1408691406,-0.0214843750,-0.2414550781,-1.2824426889, 2.0916030407, 4.3816795349
1669140067,1.1391601562,-0.0373535156,-0.2312011719,-1.6030534506, 2.4274809361, 3.7404580116
1669150067,1.1442871094,-0.0451660156,-0.2343750000,-1.6793893576, 2.7480916977, 2.6412212849
1669160067,1.1469726562,-0.0441894531,-0.2343750000,-1.5572519302, 3.0229008198, 1.8473281860
1669170067,1.1354980469,-0.0458984375,-0.2192382812,-1.3129770756, 2.8091602325, 1.7251908779
1669180067,1.1315917969,-0.0292968750,-0.2258300781,-1.7557251453, 2.0152671337, 1.8015266657
1669190067,1.1289062500,-0.0224609375,-0.2150878906,-1.7251908779, 1.2061069012, 1.7709923983
1669200067,1.1135253906,-0.0371093750,-0.2324218750,-1.6793893576, 0.4274809062, -2.3969466686
1669210067,1.1284179688,-0.0158691406,-0.2453613281,-1.1450381279, 1.8320610523, -2.6717557907
1669220067,1.1208496094,-0.0065917969,-0.2421875000,-0.9160305262, 4.0916032791, -0.9160305262
1669230067,1.1225585938,-0.0119628906,-0.2487792969,-0.5801526904, 5.1755723953, 0.9923664331
1669240067,1.1154785156,-0.0336914062,-0.2468261719,-0.2290076315, 5.6641221046, 0.5801526904
1669250067,1.1206054688,-0.0244140625,-0.2294921875,-0.7328244448, 4.3969464302, 0.8549618125
1669260067,1.1330566406,-0.0222167969,-0.2304687500,-0.5496183038, 3.6641221046, 1.2213740349
