time,xacc,yacc,zacc,xgyro,ygyro,zgyro
1689300067,1.1369628906,-0.0422363281,-0.2260742188,-1.5419846773, 2.5954198837, -1.8320610523
1689310067,1.1311035156,-0.0598144531,-0.2312011719,-1.6488549709, 2.0000000000, -1.7862595320
1689320067,1.1398925781,-0.0532226562,-0.2355957031,-1.6183205843, 1.6335878372, -1.0381679535
1689330067,1.1491699219,-0.0444335938,-0.2324218750,-1.5725190639, 1.9389313459, 0.1221374050
1689340067,1.1464843750,-0.0463867188,-0.2377929688,-1.7557251453, 2.5648853779, -0.3816793859
1689350067,1.1496582031,-0.0478515625,-0.2346191406,-1.6946564913, 2.3816792965, -2.2442748547
1689360067,1.1406250000,-0.0424804688,-0.2250976562,-1.4045801163, 1.7404580116, -3.6030533314
1689370067,1.1413574219,-0.0417480469,-0.2319335938,-1.6641221046, 1.2366411686, -4.1832060814
1689380067,1.1442871094,-0.0402832031,-0.2338867188,-1.7709923983, 1.1145038605, -4.0916032791
1689390067,1.1467285156,-0.0407714844,-0.2412109375,-1.4198473692, 1.6488549709, -3.2824428082
1689400067,1.1501464844,-0.0456542969,-0.2387695312,-1.0381679535, 1.8015266657, -2.8702290058
1689410067,1.1437988281,-0.0476074219,-0.2421875000,-1.0381679535, 1.1908396482, -2.7938930988
1689420067,1.1428222656,-0.0473632812,-0.2421875000,-1.0687023401, 0.7022900581, -2.5954198837
1689430067,1.1425781250,-0.0432128906,-0.2436523438,-1.0839694738, 0.3206106722, -2.8702290058
1689440067,1.1420898438,-0.0451660156,-0.2546386719,-1.4045801163, 0.5343511701, -2.5648853779
1689450067,1.1425781250,-0.0434570312,-0.2404785156,-1.6488549709, 1.2671755552, -2.6106870174
1689460067,1.1428222656,-0.0407714844,-0.2497558594,-1.8167939186, 2.3511450291, -2.4274809361
1689470067,1.1406250000,-0.0451660156,-0.2355957031,-2.1526718140, 2.7328243256, -2.4274809361
1689480216,1.1357421875,-0.0437011719,-0.2285156250,-2.0305342674, 2.5038168430, -2.4122138023
1689490067,1.1420898438,-0.0410156250,-0.2248535156,-2.1068701744, 2.2595419884, -2.2442748547
1689500067,1.1364746094,-0.0458984375,-0.2226562500,-1.7099236250, 1.7251908779, -1.8015266657
1689510067,1.1376953125,-0.0402832031,-0.2302246094,-1.7709923983, 1.3435114622, -1.6641221046
1689520067,1.1406250000,-0.0485839844,-0.2268066406,-1.5267175436, 0.6106870174, -1.6641221046
1689530067,1.1403808594,-0.0449218750,-0.2238769531,-1.4198473692, 0.1832061112, -1.5725190639
1689540067,1.1386718750,-0.0449218750,-0.2392578125,-1.5267175436, 0.0610687025, -1.5114504099
1689550067,1.1452636719,-0.0476074219,-0.2451171875,-1.6488549709, 0.0305343512, -1.1755725145
1689560067,1.1501464844,-0.0537109375,-0.2421875000,-1.9541984797, 0.1374045759, -1.7557251453
1689570067,1.1569824219,-0.0383300781,-0.2446289062,-1.7862595320, 0.4427480996, -0.7022900581
1689580067,1.1408691406,-0.0378417969,-0.2424316406,-1.8015266657, 0.9160305262, -0.0916030556
1689590067,1.1274414062,-0.0434570312,-0.2468261719,-1.7557251453, 1.1297709942, -0.5648854971
1689600067,1.1381835938,-0.0517578125,-0.2294921875,-1.7099236250, 1.3129770756, -0.4885496199
1689610067,1.1384277344,-0.0466308594,-0.2385253906,-1.5419846773, 1.7862595320, -0.5496183038
1689620067,1.1411132812,-0.0458984375,-0.2324218750,-1.7709923983, 1.6793893576, -0.5496183038
1689630067,1.1340332031,-0.0468750000,-0.2312011719,-1.5114504099, 1.6335878372, -1.0839694738
1689640067,1.1376953125,-0.0410156250,-0.2329101562,-1.2213740349, 1.2977099419, -1.6641221046
1689650067,1.1442871094,-0.0395507812,-0.2363281250,-1.6641221046, 1.0076335669, -1.4656488895
1689660067,1.1467285156,-0.0417480469,-0.2380371094,-1.5725190639, 1.0229008198, -1.1603053808
1689670067,1.1411132812,-0.0424804688,-0.2397460938,-1.7099236250, 0.8396946788, -0.9007633328
1689680067,1.1445312500,-0.0471191406,-0.2385253906,-1.7251908779, 0.7022900581, -0.5954198241
1689690067,1.1450195312,-0.0415039062,-0.2377929688,-1.6641221046, 0.7786259651, -0.3511450291
1689700067,1.1359863281,-0.0388183594,-0.2463378906,-1.7251908779, 0.6106870174, -0.5343511701
1689710067,1.1403808594,-0.0412597656,-0.2431640625,-1.9847328663, 0.7938931584, -0.7175572515
1689720067,1.1347656250,-0.0534667969,-0.2373046875,-1.7709923983, 1.0076335669, -0.8702290058
1689730067,1.1435546875,-0.0510253906,-0.2463378906,-1.8473281860, 1.3282443285, -1.0687023401
1689740067,1.1406250000,-0.0520019531,-0.2348632812,-1.7709923983, 1.4045801163, -0.9465649128
1689750067,1.1330566406,-0.0546875000,-0.2446289062,-1.6641221046, 1.2824426889, -1.3587785959
1689760067,1.1398925781,-0.0478515625,-0.2304687500,-1.6641221046, 1.3587785959, -1.2213740349
1689770067,1.1408691406,-0.0473632812,-0.2358398438,-1.9541984797, 1.3435114622, -1.0534350872
1689780067,1.1437988281,-0.0449218750,-0.2416992188,-1.4656488895, 1.4961831570, -0.9923664331
1689790067,1.1430664062,-0.0461425781,-0.2395019531,-1.8320610523, 1.0992366076, -0.8091602921
1689800067,1.1406250000,-0.0510253906,-0.2324218750,-1.6793893576, 1.0381679535, -0.9923664331
1689810067,1.1401367188,-0.0476074219,-0.2397460938,-1.8320610523, 0.8091602921, -1.2977099419
1689820067,1.1364746094,-0.0471191406,-0.2316894531,-1.7099236250, 0.9465649128, -1.3587785959
1689830067,1.1406250000,-0.0451660156,-0.2421875000,-1.8167939186, 0.7175572515, -1.7099236250
1689840067,1.1386718750,-0.0429687500,-0.2387695312,-1.8320610523, 0.8549618125, -1.7862595320
1689850067,1.1386718750,-0.0495605469,-0.2377929688,-1.7251908779, 1.0839694738, -1.9236640930
1689860067,1.1403808594,-0.0495605469,-0.2475585938,-1.4503816366, 1.3893129826, -1.7862595320
1689870067,1.1442871094,-0.0490722656,-0.2412109375,-1.5419846773, 1.4656488895, -2.1068701744
1689880067,1.1396484375,-0.0478515625,-0.2348632812,-1.4045801163, 1.2977099419, -2.0305342674
1689890067,1.1364746094,-0.0461425781,-0.2387695312,-1.3740458488, 1.4198473692, -1.8778625727
1689900067,1.1403808594,-0.0434570312,-0.2395019531,-1.6335878372, 1.6030534506, -1.9236640930
1689910067,1.1416015625,-0.0505371094,-0.2473144531,-1.6030534506, 1.6488549709, -1.9389313459
1689920067,1.1386718750,-0.0524902344,-0.2429199219,-1.6946564913, 1.9083969593, -1.6946564913
1689930067,1.1462402344,-0.0480957031,-0.2414550781,-1.6946564913, 1.7557251453, -1.4198473692
1689940067,1.1499023438,-0.0534667969,-0.2333984375,-1.6641221046, 1.3893129826, -1.2061069012
1689950067,1.1442871094,-0.0510253906,-0.2399902344,-1.5877863169, 0.9312977195, -1.3893129826
1689960067,1.1459960938,-0.0417480469,-0.2346191406,-1.5419846773, 0.4427480996, -1.4809160233
1689970067,1.1447753906,-0.0566406250,-0.2280273438,-1.4351145029, 0.2442748100, -1.3587785959
1689980067,1.1367187500,-0.0498046875,-0.2465820312,-1.6488549709, 0.4885496199, -0.9007633328
1689990067,1.1386718750,-0.0461425781,-0.2502441406,-1.5114504099, 0.6564885378, -1.3587785959
1690000067,1.1333007812,-0.0476074219,-0.2395019531,-1.6183205843, 1.3435114622, -2.0458016396
1690010067,1.1269531250,-0.0463867188,-0.2485351562,-1.6183205843, 1.6488549709, -5.0992364883
1690020067,1.1354980469,-0.0332031250,-0.2424316406,-1.3893129826, 1.9083969593, -2.7938930988
1690030067,1.1325683594,-0.0502929688,-0.2331542969,-1.6030534506, 2.4580152035, -1.6030534506
1690040067,1.1403808594,-0.0612792969,-0.2343750000,-1.6641221046, 2.3816792965, -1.6793893576
1690050067,1.1347656250,-0.0478515625,-0.2358398438,-1.8167939186, 1.8320610523, -1.0534350872
1690060067,1.1389160156,-0.0427246094,-0.2414550781,-1.6793893576, 1.8167939186, -0.0458015278
1690070067,1.1413574219,-0.0490722656,-0.2355957031,-1.7862595320, 2.2900762558, -0.5954198241
1690080067,1.1499023438,-0.0456542969,-0.2263183594,-1.8015266657, 2.1984732151, -2.3664121628
1690090067,1.1376953125,-0.0393066406,-0.2258300781,-1.5725190639, 1.1297709942, -3.5114502907
1690100067,1.1354980469,-0.0390625000,-0.2319335938,-1.4351145029, 0.5190839767, -4.0458016396
1690110067,1.1442871094,-0.0378417969,-0.2326660156,-1.4656488895, 0.7328244448, -3.7557251453
1690120067,1.1542968750,-0.0429687500,-0.2414550781,-1.1755725145, 1.6793893576, -3.1297709942
1690130067,1.1418457031,-0.0454101562,-0.2429199219,-0.9770992398, 1.6183205843, -2.6259541512
1690140067,1.1474609375,-0.0471191406,-0.2434082031,-0.9923664331, 1.2366411686, -2.5648853779
1690150067,1.1501464844,-0.0495605469,-0.2482910156,-1.0381679535, 0.6106870174, -2.6259541512
1690160067,1.1464843750,-0.0432128906,-0.2480468750,-1.0076335669, 0.5038167834, -2.7328243256
1690170067,1.1467285156,-0.0437011719,-0.2487792969,-1.2671755552, 0.6564885378, -2.7175571918
1690180067,1.1423339844,-0.0449218750,-0.2578125000,-1.5114504099, 1.3740458488, -2.4427480698
1690190067,1.1396484375,-0.0432128906,-0.2495117188,-1.6946564913, 2.1984732151, -2.5801527500
1690200067,1.1416015625,-0.0405273438,-0.2358398438,-1.9236640930, 2.7328243256, -2.3969466686
1690210067,1.1313476562,-0.0415039062,-0.2314453125,-2.0305342674, 2.8396947384, -2.0763359070
1690220067,1.1384277344,-0.0407714844,-0.2290039062,-1.7557251453, 2.4580152035, -2.1679389477
1690230067,1.1464843750,-0.0432128906,-0.2192382812,-1.8015266657, 1.9236640930, -1.9236640930
1690240067,1.1408691406,-0.0463867188,-0.2216796875,-1.8625954390, 1.4351145029, -1.8015266657
1690250067,1.1357421875,-0.0495605469,-0.2390136719,-1.5114504099, 1.0381679535, -1.7557251453
1690260067,1.1379394531,-0.0427246094,-0.2331542969,-1.6030534506, 0.3969465792, -1.6183205843
1690270067,1.1362304688,-0.0498046875,-0.2441406250,-1.5419846773, -0.0610687025, -1.8778625727
1690280067,1.1406250000,-0.0451660156,-0.2470703125,-1.5267175436, 0.1221374050, -2.4580152035
1690290067,1.1367187500,-0.0468750000,-0.2312011719,-1.6793893576, -0.1374045759, -3.2671756744
1690300067,1.1616210938,-0.0388183594,-0.2512207031,-1.6335878372, 0.1526717544, -2.8854961395
1690310067,1.1560058594,-0.0429687500,-0.2451171875,-1.8015266657, 0.3969465792, -2.1832060814
1690320067,1.1357421875,-0.0458984375,-0.2517089844,-1.7862595320, 0.4274809062, -2.8854961395
1690330067,1.1406250000,-0.0463867188,-0.2380371094,-1.9694656134, 1.0076335669, -2.7633588314
1690340067,1.1557617188,-0.0439453125,-0.2346191406,-2.0610687733, 1.9236640930, -2.0763359070
1690350067,1.1437988281,-0.0458984375,-0.2377929688,-2.3511450291, 2.3511450291, -2.1526718140
1690360067,1.1447753906,-0.0468750000,-0.2377929688,-2.6106870174, 2.2442748547, -2.2290077209
1690370067,1.1376953125,-0.0419921875,-0.2368164062,-2.5648853779, 1.7709923983, -2.3969466686
1690380067,1.1433105469,-0.0446777344,-0.2358398438,-2.4274809361, 1.6946564913, -2.2442748547
1690390067,1.1457519531,-0.0458984375,-0.2285156250,-2.3206107616, 1.5877863169, -2.0610687733
1690400067,1.1384277344,-0.0390625000,-0.2360839844,-2.3511450291, 0.9007633328, -1.8778625727
1690410067,1.1362304688,-0.0412597656,-0.2290039062,-2.2137403488, -0.1984732896, -1.8015266657
1690420067,1.1320800781,-0.0444335938,-0.2260742188,-2.1374046803, -0.3816793859, -1.7709923983
1690430067,1.1413574219,-0.0415039062,-0.2429199219,-2.0152671337, -0.5343511701, -2.0152671337
1690440067,1.1398925781,-0.0383300781,-0.2351074219,-1.8931298256, -0.3969465792, -2.3664121628
1690450067,1.1401367188,-0.0402832031,-0.2453613281,-2.1221373081, -0.1526717544, -2.4732823372
1690460067,1.1479492188,-0.0417480469,-0.2475585938,-2.2137403488, -0.0458015278, -2.4122138023
1690470067,1.1381835938,-0.0454101562,-0.2468261719,-2.3053436279, -0.4274809062, -2.5801527500
1690480214,1.1293945312,-0.0395507812,-0.2402343750,-2.3053436279, -0.7938931584, -2.3053436279
1690490067,1.1220703125,-0.0395507812,-0.2402343750,-2.1374046803, -1.5267175436, -2.2290077209
1690500067,1.1223144531,-0.0422363281,-0.2492675781,-2.5648853779, -2.0916030407, -2.4732823372
1690510067,1.1210937500,-0.0454101562,-0.2541503906,-2.6106870174, -2.8091602325, -2.5190839767
1690520067,1.1098632812,-0.0424804688,-0.2604980469,-3.0992367268, -3.2671756744, -1.2519084215
1690530067,1.1059570312,-0.0412597656,-0.2712402344,-4.1374044418, -3.9389312267, 0.6106870174
1690540067,1.1389160156,-0.0300292969,-0.2780761719,-4.9770994186, -2.2748091221, 4.7480916977
1690550067,1.1665039062,-0.0244140625,-0.2832031250,-5.9694657326, 1.8167939186, 8.3816795349
1690560067,1.1813964844,-0.0349121094,-0.2514648438,-6.5954198837, 6.9160304070, 8.1832065582
1690570067,1.1914062500,-0.0400390625,-0.2026367188,-6.5954198837, 10.8244276047, 5.4351143837
1690580067,1.2038574219,-0.0505371094,-0.1450195312,-5.7404580116, 11.2213745117, 2.2748091221
1690590067,1.1894531250,-0.0666503906,-0.1140136719,-4.7633585930, 6.5496182442, -0.7022900581
1690600076,1.1530761719,-0.0852050781,-0.1086425781,-3.7099237442, -3.1450381279, -3.0381679535
1690610067,1.1193847656,-0.0854492188,-0.1491699219,-2.3206107616, -13.8931293488, -5.0839695930
1690620067,1.1208496094,-0.0798339844,-0.2155761719,-1.3435114622, -21.1145038605, -6.4885497093
1690630067,1.1359863281,-0.0605468750,-0.2924804688,-1.0076335669, -20.9618320465, -6.5190839767
1690640067,1.1425781250,-0.0571289062,-0.3417968750,-1.1755725145, -15.0381679535, -5.5419845581
1690650067,1.1494140625,-0.0449218750,-0.3605957031,-1.8320610523, -6.5038166046, -3.9541983604
1690660067,1.1564941406,-0.0437011719,-0.3671875000,-2.3664121628, 1.6183205843, -3.8320610523
1690670067,1.1611328125,-0.0500488281,-0.3278808594,-3.0839693546, 7.7099237442, -5.8167939186
1690680067,1.1394042969,-0.0358886719,-0.3015136719,-3.4198472500, 11.2671756744, -6.6870226860
1690690067,1.1303710938,-0.0283203125,-0.2658691406,-3.7251908779, 11.7557249069, -6.0305342674
1690700067,1.1303710938,-0.0278320312,-0.2307128906,-3.8778626919, 11.1755723953, -4.1374044418
1690710067,1.1389160156,-0.0253906250,-0.2116699219,-3.6946563721, 8.6870231628, -3.0076336861
1690720067,1.1479492188,-0.0278320312,-0.2104492188,-3.0992367268, 6.2442746162, -2.2137403488
1690730067,1.1308593750,-0.0385742188,-0.2250976562,-1.8320610523, 3.9847328663, -4.4427480698
1690740067,1.1386718750,-0.0156250000,-0.2243652344,-0.6412213445, 3.1908397675, -3.4809160233
1690750067,1.1494140625,-0.0063476562,-0.2534179688,0.7633587718, 3.4961831570, -0.1832061112
1690760067,1.1201171875,-0.0385742188,-0.2434082031,1.6641221046, 2.5343511105, -1.0076335669
1690770067,1.1125488281,-0.0275878906,-0.2519531250,2.1068701744, 0.9770992398, -2.1374046803
1690780067,1.1232910156,-0.0175781250,-0.2482910156,2.3358778954, 0.0610687025, -0.5801526904
1690790124,1.1428222656,-0.0205078125,-0.2668457031,1.8015266657, 0.6564885378, 0.7328244448
1690800067,1.1538085938,-0.0434570312,-0.2580566406,1.4809160233, 2.0610687733, -0.5038167834
1690810067,1.1569824219,-0.0405273438,-0.2490234375,1.0839694738, 3.4809160233, -3.2366411686
1690820067,1.1401367188,-0.0463867188,-0.2438964844,0.7480915785, 3.5877861977, -4.4732823372
1690830067,1.1340332031,-0.0432128906,-0.2336425781,0.7938931584, 3.0687022209, -4.2290077209
1690840067,1.1423339844,-0.0427246094,-0.2382812500,0.3816793859, 2.9465649128, -3.7862596512
1690850067,1.1398925781,-0.0437011719,-0.2407226562,0.2748091519, 2.8244273663, -3.6030533314
1690860067,1.1401367188,-0.0488281250,-0.2451171875,-0.2748091519, 2.5648853779, -4.1832060814
1690870067,1.1286621094,-0.0532226562,-0.2492675781,-0.2290076315, 2.5038168430, -4.2595419884
1690880067,1.1323242188,-0.0429687500,-0.2502441406,-0.1984732896, 2.6717557907, -3.4503817558
1690890067,1.1306152344,-0.0336914062,-0.2521972656,-0.4580152631, 2.8244273663, -3.0534350872
1690900067,1.1340332031,-0.0371093750,-0.2382812500,-0.7175572515, 2.3358778954, -2.9007632732
1690910067,1.1274414062,-0.0351562500,-0.2412109375,-1.1450381279, 1.8320610523, -2.7633588314
1690920067,1.1354980469,-0.0334472656,-0.2426757812,-1.4503816366, 1.3282443285, -2.6564886570
1690930067,1.1271972656,-0.0358886719,-0.2453613281,-1.6946564913, 0.9618320465, -2.1068701744
1690940067,1.1320800781,-0.0332031250,-0.2343750000,-1.4656488895, 0.7633587718, -1.9083969593
1690950067,1.1262207031,-0.0346679688,-0.2402343750,-1.7251908779, 0.7480915785, -1.3740458488
1690960067,1.1359863281,-0.0354003906,-0.2329101562,-1.3435114622, 0.7480915785, -0.9618320465
1690970067,1.1433105469,-0.0297851562,-0.2395019531,-1.3282443285, 0.9618320465, -0.9007633328
1690980067,1.1330566406,-0.0302734375,-0.2309570312,-1.3282443285, 0.9770992398, -0.8396946788
1690990067,1.1335449219,-0.0378417969,-0.2409667969,-1.2213740349, 0.7938931584, -0.9770992398
1691000067,1.1328125000,-0.0468750000,-0.2355957031,-1.1755725145, 0.1526717544, -1.4503816366
1691010067,1.1416015625,-0.0341796875,-0.2385253906,-1.3893129826, 0.1679389328, -1.5419846773
1691020067,1.1503906250,-0.0327148438,-0.2451171875,-1.4198473692, 0.4427480996, -0.0916030556
1691030067,1.1364746094,-0.0444335938,-0.2453613281,-1.4045801163, 0.5801526904, -0.0610687025
1691040067,1.1403808594,-0.0402832031,-0.2451171875,-1.4045801163, 0.6412213445, -0.7786259651
1691050067,1.1425781250,-0.0385742188,-0.2507324219,-1.0534350872, 1.3282443285, -0.6259542108
1691060067,1.1335449219,-0.0341796875,-0.2509765625,-1.0839694738, 1.6641221046, -0.4732824564
1691070067,1.1401367188,-0.0385742188,-0.2377929688,-1.1297709942, 1.5267175436, -0.9465649128
1691080067,1.1379394531,-0.0407714844,-0.2441406250,-1.1297709942, 1.6335878372, -1.6183205843
1691090067,1.1462402344,-0.0385742188,-0.2365722656,-0.9007633328, 1.8167939186, -1.6335878372
1691100067,1.1406250000,-0.0393066406,-0.2480468750,-1.1297709942, 1.9389313459, -1.4503816366
1691110067,1.1408691406,-0.0449218750,-0.2539062500,-1.0381679535, 2.0152671337, -1.4198473692
1691120067,1.1416015625,-0.0385742188,-0.2446289062,-1.0229008198, 1.8167939186, -1.2824426889
1691130067,1.1411132812,-0.0402832031,-0.2416992188,-1.1297709942, 1.8167939186, -0.7480915785
1691140067,1.1484375000,-0.0383300781,-0.2392578125,-1.3282443285, 1.5267175436, -0.7480915785
1691150067,1.1411132812,-0.0412597656,-0.2465820312,-1.4503816366, 1.2061069012, -0.7633587718
1691160067,1.1464843750,-0.0375976562,-0.2453613281,-1.6488549709, 1.2671755552, -0.5954198241
1691170067,1.1450195312,-0.0437011719,-0.2407226562,-1.8015266657, 0.9923664331, -0.8549618125
1691180067,1.1376953125,-0.0429687500,-0.2307128906,-1.8473281860, 1.0076335669, -0.9312977195
1691190067,1.1391601562,-0.0419921875,-0.2412109375,-1.6946564913, 1.1297709942, -0.8244274855
1691200067,1.1403808594,-0.0395507812,-0.2416992188,-1.6946564913, 1.3129770756, -0.9618320465
1691210067,1.1342773438,-0.0451660156,-0.2392578125,-1.3587785959, 1.1450381279, -1.2977099419
1691220067,1.1362304688,-0.0319824219,-0.2431640625,-1.6183205843, 1.1145038605, -0.9007633328
1691230067,1.1423339844,-0.0410156250,-0.2497558594,-1.3893129826, 1.4961831570, -0.8396946788
1691240067,1.1376953125,-0.0439453125,-0.2365722656,-1.3129770756, 1.1603053808, -0.8396946788
1691250067,1.1416015625,-0.0432128906,-0.2404785156,-1.3587785959, 0.9923664331, -1.3435114622
1691260067,1.1430664062,-0.0388183594,-0.2482910156,-1.6641221046, 0.8702290058, -1.3740458488
1691270067,1.1428222656,-0.0424804688,-0.2475585938,-1.8015266657, 0.5190839767, -1.5267175436
1691280067,1.1328125000,-0.0395507812,-0.2448730469,-1.6335878372, 0.6564885378, -1.9236640930
1691290067,1.1354980469,-0.0449218750,-0.2495117188,-1.4809160233, 1.1145038605, -2.0916030407
1691300067,1.1325683594,-0.0461425781,-0.2395019531,-1.5419846773, 1.0687023401, -2.1374046803
1691310067,1.1369628906,-0.0410156250,-0.2436523438,-1.5267175436, 1.0229008198, -2.4274809361
1691320067,1.1293945312,-0.0373535156,-0.2399902344,-1.3587785959, 0.9618320465, -2.3053436279
1691330067,1.1401367188,-0.0351562500,-0.2446289062,-1.5267175436, 0.8244274855, -2.2595419884
1691340067,1.1518554688,-0.0334472656,-0.2480468750,-1.5419846773, 1.1297709942, -1.8625954390
1691350067,1.1486816406,-0.0410156250,-0.2502441406,-1.4656488895, 1.1603053808, -1.3740458488
1691360067,1.1552734375,-0.0407714844,-0.2497558594,-1.6488549709, 1.3282443285, -1.5725190639
1691370067,1.1442871094,-0.0441894531,-0.2502441406,-1.9083969593, 1.0839694738, -1.6946564913
1691380067,1.1386718750,-0.0334472656,-0.2441406250,-1.6488549709, 0.9770992398, -1.3740458488
1691390067,1.1433105469,-0.0451660156,-0.2419433594,-1.6335878372, 0.8091602921, -1.0992366076
1691400067,1.1430664062,-0.0400390625,-0.2451171875,-1.6793893576, 0.6870229244, -1.4503816366
1691410067,1.1381835938,-0.0332031250,-0.2419433594,-1.7251908779, 0.5038167834, -1.8778625727
1691420067,1.1230468750,-0.0383300781,-0.2338867188,-1.8015266657, 0.2137404531, -5.0534353256
1691430067,1.1311035156,-0.0256347656,-0.2416992188,-1.8625954390, 0.6106870174, -3.7099237442
1691440067,1.1523437500,-0.0307617188,-0.2485351562,-1.6335878372, 1.4503816366, -1.5419846773
1691450067,1.1247558594,-0.0444335938,-0.2365722656,-1.7404580116, 1.0076335669, -1.8931298256
1691460067,1.1267089844,-0.0432128906,-0.2377929688,-1.5267175436, -0.0763358772, -1.7099236250
1691470067,1.1328125000,-0.0332031250,-0.2453613281,-1.9694656134, -0.2290076315, -1.2977099419
1691480215,1.1491699219,-0.0334472656,-0.2468261719,-2.1221373081, 0.9312977195, -0.7328244448
1691490067,1.1435546875,-0.0437011719,-0.2438964844,-2.4580152035, 1.4809160233, -2.5801527500
1691500087,1.1386718750,-0.0388183594,-0.2395019531,-2.3969466686, 1.4045801163, -5.0839695930
1691510067,1.1301269531,-0.0371093750,-0.2399902344,-2.6564886570, 0.2442748100, -6.0610685349
1691520067,1.1188964844,-0.0327148438,-0.2468261719,-2.2900762558, -0.4122137427, -6.1832060814
1691530067,1.1469726562,-0.0324707031,-0.2617187500,-2.2748091221, -0.0916030556, -6.1679387093
1691540067,1.1459960938,-0.0266113281,-0.2719726562,-2.1068701744, 1.1908396482, -5.6793894768
1691550067,1.1369628906,-0.0283203125,-0.2626953125,-1.8931298256, 2.1832060814, -5.7557253838
1691560067,1.1176757812,-0.0178222656,-0.2561035156,-2.0916030407, 1.6793893576, -5.3129773140
1691570067,1.1101074219,-0.0183105469,-0.2580566406,-2.1221373081, 0.4427480996, -4.7786259651
1691580067,1.1135253906,-0.0097656250,-0.2707519531,-2.4427480698, -0.9160305262, -5.2977099419
1691590067,1.1154785156,-0.0043945312,-0.2670898438,-3.0839693546, -2.2137403488, -4.9007635117
1691600067,1.1452636719,0.0034179688,-0.2990722656,-3.6183207035, -1.9694656134, -5.2061066628
1691610067,1.1657714844,0.0002441406,-0.3015136719,-4.4580154419, -0.4580152631, -4.6259541512
1691620067,1.1767578125,-0.0180664062,-0.3071289062,-5.2061066628, 1.6641221046, -4.0458016396
1691630067,1.1970214844,-0.0305175781,-0.2939453125,-5.6946563721, 3.6946563721, -4.7328243256
1691640067,1.1809082031,-0.0373535156,-0.2624511719,-6.1068701744, 4.6870226860, -6.3664121628
1691650067,1.1791992188,-0.0407714844,-0.2348632812,-6.9312977791, 3.3893129826, -7.4961833954
1691660067,1.1528320312,-0.0480957031,-0.2150878906,-7.5267176628, 1.2061069012, -6.0763359070
1691670067,1.1484375000,-0.0664062500,-0.2062988281,-7.7862596512, -1.1450381279, -5.0229005814
1691680067,1.1418457031,-0.0783691406,-0.1787109375,-8.2442750931, -3.1297709942, -3.5572519302
1691690067,1.1679687500,-0.0700683594,-0.1953125000,-8.0763359070, -3.0992367268, -2.1526718140
1691700067,1.1652832031,-0.0725097656,-0.2028808594,-7.1603055000, -3.1755726337, -2.3969466686
1691710067,1.1604003906,-0.0622558594,-0.2019042969,-6.7633585930, -3.5419847965, -2.4732823372
1691720067,1.1508789062,-0.0424804688,-0.2116699219,-5.8320612907, -4.5038166046, -0.6259542108
1691730067,1.1340332031,-0.0424804688,-0.2258300781,-4.8244276047, -5.8931298256, 0.7633587718
1691740067,1.1279296875,-0.0373535156,-0.2431640625,-3.5267176628, -6.9007635117, 0.9160305262
1691750067,1.1330566406,-0.0373535156,-0.2607421875,-2.0305342674, -5.5725193024, 0.1068702266
1691760067,1.1550292969,-0.0300292969,-0.2819824219,-0.6564885378, -2.6870229244, -0.2748091519
1691770067,1.1638183594,-0.0168457031,-0.2836914062,0.2748091519, 1.4503816366, -0.7480915785
1691780067,1.1645507812,-0.0153808594,-0.2766113281,1.4656488895, 4.8702292442, -0.3206106722
1691790067,1.1643066406,-0.0124511719,-0.2617187500,2.2595419884, 7.4351143837, 0.5801526904
1691800067,1.1533203125,-0.0183105469,-0.2500000000,2.4580152035, 8.4885492325, 0.8549618125
1691810067,1.1508789062,-0.0234375000,-0.2402343750,2.4274809361, 8.4885492325, 0.8854961991
1691820067,1.1547851562,-0.0251464844,-0.2319335938,2.1374046803, 7.3740458488, 0.8396946788
1691830067,1.1459960938,-0.0253906250,-0.2404785156,2.3206107616, 6.2442746162, 2.0458016396
1691840067,1.1523437500,-0.0246582031,-0.2485351562,2.1832060814, 5.8320612907, 2.2900762558
1691850067,1.1472167969,-0.0346679688,-0.2438964844,2.4885497093, 6.7480916977, 2.0610687733
1691860067,1.1403808594,-0.0417480469,-0.2553710938,2.5343511105, 7.7862596512, 1.2671755552
1691870067,1.1403808594,-0.0327148438,-0.2436523438,3.0229008198, 8.6717557907, 0.9160305262
1691880067,1.1320800781,-0.0422363281,-0.2487792969,3.1145038605, 8.8091602325, 0.0458015278
1691890067,1.1035156250,-0.0412597656,-0.2360839844,3.0839693546, 8.4274806976, -0.8854961991
1691900067,1.1049804688,-0.0378417969,-0.2329101562,2.9465649128, 8.1526718140, -1.2366411686
1691910067,1.1062011719,-0.0302734375,-0.2224121094,2.8244273663, 7.0687022209, -1.4198473692
1691920067,1.0891113281,-0.0270996094,-0.2272949219,2.1679389477, 5.1297707558, -2.1068701744
1691930067,1.0871582031,-0.0278320312,-0.2180175781,1.5419846773, 3.0687022209, -2.5801527500
1691940067,1.1149902344,-0.0224609375,-0.2368164062,0.7328244448, 1.7709923983, -2.5038168430
1691950067,1.1301269531,-0.0195312500,-0.2456054688,0.1221374050, 1.8931298256, -2.3664121628
1691960067,1.1298828125,-0.0202636719,-0.2526855469,-0.3053435087, 2.7786259651, -2.1068701744
1691970067,1.1306152344,-0.0122070312,-0.2539062500,-0.3511450291, 3.0992367268, -1.8167939186
1691980067,1.1289062500,-0.0224609375,-0.2387695312,-0.5648854971, 3.1450381279, -2.0152671337
1691990067,1.1359863281,-0.0285644531,-0.2363281250,-0.8854961991, 2.2900762558, -1.9847328663
1692000067,1.1445312500,-0.0224609375,-0.2341308594,-1.2366411686, 0.9160305262, -1.5419846773
1692010067,1.1433105469,-0.0278320312,-0.2338867188,-1.3587785959, -0.4580152631, -1.8625954390
1692020067,1.1523437500,-0.0307617188,-0.2338867188,-1.1908396482, -0.8702290058, -2.0763359070
1692030067,1.1555175781,-0.0305175781,-0.2358398438,-1.4045801163, -0.8702290058, -2.3053436279
1692040067,1.1550292969,-0.0297851562,-0.2360839844,-1.4503816366, 0.2900763452, -2.1679389477
1692050067,1.1467285156,-0.0253906250,-0.2458496094,-1.5725190639, 1.0076335669, -1.5572519302
1692060067,1.1494140625,-0.0253906250,-0.2514648438,-1.6030534506, 0.7938931584, -1.2519084215
1692070067,1.1538085938,-0.0202636719,-0.2475585938,-1.5419846773, 0.6106870174, -0.9465649128
1692080067,1.1169433594,-0.0349121094,-0.2424316406,-1.8931298256, -0.6412213445, -3.5572519302
1692090067,1.1315917969,-0.0187988281,-0.2458496094,-2.3053436279, -0.1374045759, -3.9694657326
1692100067,1.1464843750,-0.0180664062,-0.2526855469,-2.4732823372, 1.4045801163, -1.7099236250
1692110067,1.1291503906,-0.0380859375,-0.2524414062,-2.1679389477, 1.8167939186, -1.7404580116
1692120067,1.1198730469,-0.0458984375,-0.2292480469,-1.9389313459, 1.3893129826, -1.6793893576
1692130067,1.1318359375,-0.0363769531,-0.2434082031,-1.9694656134, 1.7557251453, -0.6259542108
1692140067,1.1557617188,-0.0297851562,-0.2434082031,-1.9236640930, 2.6870229244, 0.4580152631
1692150067,1.1364746094,-0.0468750000,-0.2299804688,-2.0458016396, 2.8091602325, -1.3435114622
1692160067,1.1342773438,-0.0441894531,-0.2128906250,-1.9083969593, 1.6488549709, -3.4198472500
1692170067,1.1330566406,-0.0358886719,-0.2351074219,-1.8015266657, 0.2748091519, -4.0763359070
1692180067,1.1428222656,-0.0290527344,-0.2343750000,-1.5877863169, -0.2748091519, -4.0610685349
1692190067,1.1496582031,-0.0297851562,-0.2416992188,-1.5725190639, -0.1526717544, -3.6946563721
1692200067,1.1586914062,-0.0312500000,-0.2507324219,-1.0229008198, 0.5648854971, -3.4961831570
1692210067,1.1499023438,-0.0292968750,-0.2575683594,-1.1297709942, 1.1450381279, -3.5114502907
1692220067,1.1484375000,-0.0310058594,-0.2536621094,-1.0381679535, 1.8625954390, -3.6946563721
1692230067,1.1437988281,-0.0302734375,-0.2509765625,-0.8244274855, 2.0458016396, -3.3587787151
1692240067,1.1401367188,-0.0336914062,-0.2441406250,-1.2061069012, 2.2595419884, -3.1145038605
1692250067,1.1450195312,-0.0317382812,-0.2368164062,-0.9312977195, 1.8778625727, -3.4503817558
1692260067,1.1398925781,-0.0292968750,-0.2373046875,-1.5419846773, 2.0610687733, -3.2213740349
1692270067,1.1406250000,-0.0307617188,-0.2294921875,-1.4809160233, 2.3511450291, -3.1297709942
1692280067,1.1347656250,-0.0354003906,-0.2416992188,-1.6488549709, 2.4885497093, -2.9465649128
1692290067,1.1315917969,-0.0246582031,-0.2333984375,-1.7099236250, 2.0916030407, -2.7175571918
1692300067,1.1408691406,-0.0295410156,-0.2287597656,-1.5877863169, 0.9160305262, -2.1068701744
1692310067,1.1386718750,-0.0332031250,-0.2365722656,-1.6335878372, -0.0916030556, -2.2290077209
1692320067,1.1411132812,-0.0339355469,-0.2370605469,-1.7251908779, 0.0305343512, -1.7862595320
1692330067,1.1372070312,-0.0302734375,-0.2429199219,-1.5725190639, 0.3511450291, -1.2977099419
1692340067,1.1479492188,-0.0322265625,-0.2377929688,-1.5877863169, 0.8702290058, -0.9465649128
1692350067,1.1437988281,-0.0329589844,-0.2480468750,-1.4809160233, 0.7938931584, -0.8702290058
1692360067,1.1318359375,-0.0380859375,-0.2338867188,-1.5267175436, 0.0458015278, -1.4656488895
1692370067,1.1418457031,-0.0324707031,-0.2365722656,-1.3893129826, -0.4580152631, -2.0458016396
1692380067,1.1633300781,-0.0200195312,-0.2490234375,-1.1755725145, -0.0152671756, -0.9923664331
1692410067,1.1437988281,-0.0317382812,-0.2424316406,-1.5114504099, 1.6183205843, -1.3129770756
1692420067,1.1442871094,-0.0302734375,-0.2397460938,-1.5725190639, 1.4198473692, -0.6106870174
1692430067,1.1418457031,-0.0244140625,-0.2395019531,-1.5267175436, 0.8854961991, -1.2519084215
1692440067,1.1303710938,-0.0253906250,-0.2419433594,-1.7709923983, 0.4122137427, -2.0000000000
1692450067,1.1389160156,-0.0224609375,-0.2441406250,-2.0000000000, 0.8396946788, -1.6946564913
1692460067,1.1462402344,-0.0297851562,-0.2448730469,-2.1068701744, 1.3587785959, -1.4961831570
1692470067,1.1447753906,-0.0283203125,-0.2470703125,-2.0152671337, 1.3740458488, -1.6030534506
1692480214,1.1455078125,-0.0305175781,-0.2458496094,-1.8473281860, 1.3740458488, -1.5114504099
1692490098,1.1428222656,-0.0341796875,-0.2270507812,-1.7557251453, 0.9770992398, -1.5114504099
1692500067,1.1413574219,-0.0300292969,-0.2363281250,-1.6641221046, 0.2137404531, -1.3587785959
1692510067,1.1445312500,-0.0312500000,-0.2416992188,-1.7251908779, 0.0610687025, -1.3435114622
1692520067,1.1408691406,-0.0258789062,-0.2397460938,-1.7862595320, 0.0152671756, -1.1145038605
1692530067,1.1394042969,-0.0319824219,-0.2409667969,-1.8167939186, 0.0916030556, -1.3282443285
1692540067,1.1423339844,-0.0224609375,-0.2475585938,-1.8931298256, 0.4427480996, -1.1450381279
1692550067,1.1318359375,-0.0224609375,-0.2458496094,-1.8320610523, 0.5648854971, -0.9770992398
1692560067,1.1171875000,-0.0351562500,-0.2446289062,-1.9083969593, 0.6870229244, -1.6335878372
1692570067,1.1220703125,-0.0290527344,-0.2485351562,-1.8473281860, 0.9160305262, -1.8931298256
1692580067,1.1176757812,-0.0236816406,-0.2399902344,-1.8625954390, 0.8702290058, -2.5038168430
1692590067,1.1010742188,-0.0307617188,-0.2375488281,-1.9236640930, 0.1374045759, -3.3587787151
1692600067,1.1015625000,-0.0246582031,-0.2355957031,-2.0000000000, -0.9618320465, -4.6870226860
1692610067,1.0881347656,-0.0219726562,-0.2248535156,-2.2442748547, -3.3282442093, -5.3435115814
1692620067,1.0864257812,-0.0173339844,-0.2370605469,-2.9312977791, -6.6259541512, -5.1908397675
1692630067,1.0766601562,-0.0117187500,-0.2514648438,-3.5725190639, -10.2137403488, -4.3816795349
1692640067,1.0803222656,-0.0195312500,-0.2634277344,-4.3816795349, -13.0076332092, -5.0381679535
1692650067,1.1259765625,-0.0053710938,-0.2702636719,-5.1755723953, -13.6793889999, -3.1755726337
1692660067,1.1486816406,-0.0217285156,-0.2746582031,-5.3893127441, -13.5419845581, -1.4656488895
1692670067,1.1677246094,-0.0241699219,-0.2746582031,-5.2671756744, -14.6106872559, -2.9465649128
1692680067,1.2094726562,-0.0004882812,-0.2883300781,-4.4427480698, -16.7480907440, -4.8549618721
1692690067,1.2690429688,0.0126953125,-0.3051757812,-3.1297709942, -17.6183204651, -6.7175574303
1692700067,1.2844238281,0.0053710938,-0.3283691406,-1.3282443285, -16.1984729767, -9.4503812790
1692710067,1.2780761719,0.0087890625,-0.3117675781,1.3129770756, -10.9312973022, -10.5648851395
1692720067,1.2163085938,0.0197753906,-0.2724609375,2.3053436279, -4.1068701744, -6.1221375465
1692730067,1.1435546875,-0.0214843750,-0.2167968750,3.5419847965, -0.3206106722, -3.4198472500
1692740067,1.1142578125,-0.0454101562,-0.1997070312,3.7251908779, -1.6946564913, -4.2442746162
1692750067,1.1362304688,-0.0319824219,-0.2341308594,2.2748091221, -6.9007635117, -2.8854961395
1692760067,1.1052246094,-0.0490722656,-0.2604980469,-0.4274809062, -13.2977094650, -2.0458016396
1692770067,1.0844726562,-0.0397949219,-0.2739257812,-2.7633588314, -15.4961833954, -3.0076336861
1692780067,1.1140136719,-0.0146484375,-0.2993164062,-4.8396945000, -11.2061071396, -2.3664121628
1692790067,1.1281738281,-0.0266113281,-0.3095703125,-5.8625955582, -2.5038168430, -0.3816793859
1692800067,1.1057128906,-0.0568847656,-0.2756347656,-6.2595419884, 4.1984734535, -2.0458016396
1692810067,1.0976562500,-0.0600585938,-0.2370605469,-4.9465646744, 5.5572519302, -5.4809160233
1692820067,1.0952148438,-0.0463867188,-0.2182617188,-4.2137403488, 1.2977099419, -7.2366414070
1692830067,1.1071777344,-0.0283203125,-0.2392578125,-2.4732823372, -4.8549618721, -7.7099237442
1692840067,1.1279296875,-0.0292968750,-0.2575683594,-0.9770992398, -8.0458011627, -8.3053436279
1692850067,1.1391601562,-0.0151367188,-0.2939453125,-0.0763358772, -7.1603055000, -8.1374044418
1692860067,1.1491699219,-0.0063476562,-0.3112792969,0.3816793859, -3.7251908779, -6.9007635117
1692870067,1.1406250000,-0.0092773438,-0.3200683594,0.3206106722, -1.4656488895, -5.3587784767
1692880067,1.1403808594,-0.0195312500,-0.3127441406,0.1679389328, -0.1068702266, -4.7022900581
1692890067,1.1401367188,-0.0231933594,-0.2998046875,-0.1984732896, -0.9923664331, -4.2900762558
1692900067,1.1647949219,-0.0156250000,-0.3110351562,-0.7328244448, -2.3816792965, -4.0000000000
1692910067,1.1752929688,-0.0253906250,-0.3142089844,-1.7709923983, -2.0763359070, -2.8244273663
1692920067,1.1833496094,-0.0339355469,-0.3098144531,-1.9694656134, 0.7022900581, -2.0610687733
1692930067,1.1767578125,-0.0263671875,-0.2883300781,-1.8625954390, 4.5038166046, -0.0763358772
1692940067,1.1618652344,-0.0288085938,-0.2744140625,-1.7251908779, 8.1221370697, 0.8244274855
1692950067,1.1701660156,-0.0200195312,-0.2495117188,-1.1450381279, 11.1297712326, 1.5114504099
1692960067,1.1572265625,-0.0002441406,-0.2402343750,-0.9923664331, 11.8320608139, 1.5572519302
1692970067,1.1560058594,-0.0087890625,-0.2424316406,-0.9160305262, 10.7175569534, 1.4809160233
1692980067,1.1486816406,-0.0185546875,-0.2519531250,-0.9770992398, 9.1450386047, 1.6183205843
1692990067,1.1450195312,-0.0212402344,-0.2624511719,-0.5343511701, 8.5954198837, 2.3511450291
1693000067,1.1486816406,-0.0263671875,-0.2775878906,0.1068702266, 9.5877866745, 3.0534350872
1693010067,1.1477050781,-0.0241699219,-0.2849121094,0.6870229244, 11.3740453720, 3.1145038605
1693020067,1.1254882812,-0.0131835938,-0.2980957031,1.1297709942, 11.6183204651, 2.7938930988
1693030067,1.1079101562,-0.0170898438,-0.2910156250,1.0534350872, 9.6641225815, 1.8167939186
1693040067,1.1291503906,-0.0080566406,-0.2998046875,1.0839694738, 7.5725193024, 2.0916030407
1693050067,1.1213378906,-0.0065917969,-0.2998046875,0.6259542108, 5.9236640930, 2.5801527500
1693060067,1.1086425781,-0.0087890625,-0.2897949219,0.5954198241, 5.6183204651, 1.4961831570
1693070067,1.1242675781,-0.0114746094,-0.2973632812,0.1984732896, 6.0152673721, 0.4427480996
1693080067,1.1337890625,-0.0029296875,-0.2917480469,-0.5648854971, 7.6183204651, 0.7786259651
1693090067,1.1320800781,-0.0146484375,-0.2778320312,-0.8549618125, 9.1450386047, 0.4122137427
1693100067,1.1235351562,-0.0109863281,-0.2624511719,-1.3282443285, 9.4656486511, -0.0610687025
1693110067,1.1201171875,-0.0166015625,-0.2419433594,-1.4961831570, 8.5190839767, 0.0152671756
1693120067,1.1174316406,-0.0236816406,-0.2343750000,-1.8015266657, 6.6717557907, -0.1832061112
1693130067,1.1213378906,-0.0195312500,-0.2231445312,-1.8320610523, 4.7633585930, -0.1832061112
1693140067,1.1220703125,-0.0224609375,-0.2314453125,-1.9236640930, 2.5801527500, -0.0610687025
1693150067,1.1318359375,-0.0236816406,-0.2331542969,-1.8778625727, 1.0534350872, -0.2442748100
1693160067,1.1245117188,-0.0261230469,-0.2316894531,-1.9236640930, 0.2290076315, 0.0610687025
1693170067,1.1267089844,-0.0234375000,-0.2463378906,-2.0610687733, 0.4274809062, -0.0152671756
1693180067,1.1401367188,-0.0192871094,-0.2548828125,-1.8778625727, 1.0381679535, 0.0152671756
1693190067,1.1364746094,-0.0183105469,-0.2663574219,-2.0916030407, 2.3206107616, -0.2748091519
1693200067,1.1252441406,-0.0156250000,-0.2563476562,-2.1832060814, 3.0076336861, 0.2595419884
1693210067,1.1140136719,-0.0256347656,-0.2556152344,-2.3969466686, 2.3511450291, 0.1221374050
1693220067,1.1220703125,-0.0244140625,-0.2500000000,-2.1984732151, 1.5572519302, 0.1068702266
1693230067,1.1171875000,-0.0214843750,-0.2543945312,-2.2748091221, 0.8396946788, 0.0152671756
1693240067,1.1359863281,-0.0190429688,-0.2607421875,-2.2748091221, 0.9312977195, -0.2748091519
1693250067,1.1318359375,-0.0200195312,-0.2670898438,-2.2290077209, 1.5267175436, -0.1221374050
1693260067,1.1254882812,-0.0212402344,-0.2783203125,-2.0763359070, 2.3053436279, 0.0916030556
1693270067,1.1301269531,-0.0224609375,-0.2685546875,-1.9541984797, 2.1374046803, -0.0916030556
1693280067,1.1386718750,-0.0202636719,-0.2626953125,-1.9083969593, 2.1221373081, -0.5343511701
1693290067,1.1403808594,-0.0207519531,-0.2568359375,-1.7099236250, 1.9083969593, -1.0076335669
1693300067,1.1367187500,-0.0214843750,-0.2504882812,-1.7099236250, 2.0458016396, -1.4503816366
