time,xacc,yacc,zacc,xgyro,ygyro,zgyro
433620067,1.1264648438,0.1367187500,-0.2783203125,-1.7251908779, 0.6870229244, -2.4274809361
433630067,1.1210937500,0.1362304688,-0.2875976562,-1.6488549709, 1.0687023401, -2.8396947384
433640067,1.1206054688,0.1403808594,-0.2885742188,-1.4809160233, 1.2671755552, -2.3511450291
433650067,1.1181640625,0.1457519531,-0.2907714844,-1.6183205843, 1.2671755552, -1.2366411686
433660067,1.1232910156,0.1428222656,-0.3044433594,-1.1755725145, 1.6641221046, -0.1679389328
433670067,1.1135253906,0.1403808594,-0.3098144531,-1.1908396482, 2.2748091221, -0.0610687025
433680067,1.1154785156,0.1298828125,-0.3049316406,-1.3893129826, 3.6183207035, -0.4274809062
433690067,1.1010742188,0.1320800781,-0.3120117188,-1.2824426889, 4.4885497093, -0.6259542108
433700067,1.1032714844,0.1315917969,-0.3015136719,-1.4961831570, 4.4732823372, -0.9465649128
433710067,1.1086425781,0.1311035156,-0.2956542969,-1.6641221046, 4.4580154419, -1.0839694738
433720067,1.1154785156,0.1289062500,-0.2883300781,-1.7099236250, 3.7862596512, -0.9312977195
433730067,1.1186523438,0.1271972656,-0.2780761719,-1.6946564913, 2.7022900581, -0.8854961991
433740067,1.1259765625,0.1279296875,-0.2712402344,-1.7404580116, 1.4809160233, -1.3435114622
433750067,1.1328125000,0.1315917969,-0.2766113281,-1.6030534506, 0.3206106722, -1.8778625727
433760067,1.1386718750,0.1318359375,-0.2880859375,-1.4809160233, -0.3358778656, -2.5190839767
433770067,1.1455078125,0.1328125000,-0.2697753906,-1.4809160233, -0.2442748100, -2.5954198837
433780067,1.1379394531,0.1328125000,-0.2829589844,-1.5419846773, 0.0763358772, -2.3969466686
433790067,1.1293945312,0.1308593750,-0.2927246094,-1.2519084215, 0.1679389328, -2.1526718140
433800067,1.1369628906,0.1318359375,-0.3020019531,-1.0839694738, 0.6717557311, -1.8931298256
433810067,1.1291503906,0.1335449219,-0.2980957031,-1.4809160233, 0.2595419884, -1.8473281860
433820067,1.1176757812,0.1345214844,-0.2897949219,-1.7862595320, 0.6412213445, -1.8320610523
433830067,1.1215820312,0.1333007812,-0.2966308594,-1.7251908779, 0.3511450291, -1.9694656134
433840067,1.1193847656,0.1340332031,-0.3002929688,-1.8015266657, 0.5343511701, -1.8473281860
433850067,1.1159667969,0.1298828125,-0.2912597656,-1.9541984797, 0.9923664331, -1.5419846773
433860067,1.1076660156,0.1315917969,-0.2932128906,-1.8015266657, 1.2213740349, -1.5572519302
433870067,1.1101074219,0.1296386719,-0.2934570312,-1.8931298256, 1.5877863169, -1.5267175436
433880067,1.1113281250,0.1259765625,-0.2885742188,-1.7404580116, 1.8931298256, -1.8778625727
433890067,1.1127929688,0.1276855469,-0.2895507812,-1.9083969593, 1.6335878372, -1.8778625727
433900067,1.1135253906,0.1318359375,-0.2785644531,-1.5877863169, 1.4961831570, -1.8473281860
433910067,1.1191406250,0.1284179688,-0.2866210938,-1.5572519302, 1.4351145029, -1.6946564913
433920067,1.1171875000,0.1311035156,-0.2880859375,-1.6793893576, 1.2824426889, -1.8320610523
433930067,1.1218261719,0.1293945312,-0.2934570312,-1.7862595320, 1.4656488895, -1.8167939186
433940067,1.1184082031,0.1352539062,-0.2985839844,-1.4503816366, 1.3587785959, -1.7709923983
433950067,1.1201171875,0.1298828125,-0.2988281250,-1.6946564913, 1.2519084215, -1.4961831570
433960067,1.1237792969,0.1337890625,-0.2951660156,-1.5419846773, 1.1908396482, -0.8549618125
433970067,1.1140136719,0.1318359375,-0.2995605469,-1.5419846773, 0.9465649128, -0.7328244448
433980067,1.1220703125,0.1354980469,-0.2897949219,-1.4351145029, 0.7328244448, -0.4274809062
433990067,1.1245117188,0.1306152344,-0.2998046875,-1.7557251453, 0.1984732896, -0.7786259651
434000067,1.1306152344,0.1350097656,-0.2841796875,-1.9389313459, -0.3053435087, -1.1450381279
434010067,1.1267089844,0.1357421875,-0.2854003906,-1.7709923983, -0.3206106722, -1.6946564913
434020067,1.1267089844,0.1276855469,-0.2924804688,-1.8167939186, -0.1984732896, -2.1984732151
434030067,1.1254882812,0.1328125000,-0.2915039062,-1.8015266657, 0.2748091519, -2.1984732151
434040067,1.1176757812,0.1333007812,-0.2897949219,-1.6183205843, 0.6412213445, -2.3816792965
434050067,1.1247558594,0.1386718750,-0.2990722656,-1.5877863169, 1.3587785959, -2.3358778954
434060067,1.1157226562,0.1337890625,-0.2995605469,-1.6183205843, 1.8778625727, -1.8473281860
434070067,1.1137695312,0.1335449219,-0.3000488281,-1.4351145029, 1.9694656134, -1.8320610523
434080067,1.1198730469,0.1350097656,-0.3024902344,-1.3435114622, 2.0000000000, -1.5877863169
434090067,1.1135253906,0.1335449219,-0.3000488281,-1.6488549709, 2.4122138023, -1.6030534506
434100067,1.1184082031,0.1308593750,-0.2968750000,-1.6183205843, 2.2442748547, -1.4045801163
434110067,1.1203613281,0.1293945312,-0.2929687500,-1.7862595320, 1.9847328663, -1.1755725145
434120067,1.1206054688,0.1315917969,-0.2978515625,-1.6488549709, 1.6030534506, -1.2977099419
434130067,1.1237792969,0.1301269531,-0.2895507812,-1.8625954390, 1.4351145029, -1.3129770756
434140067,1.1220703125,0.1274414062,-0.2885742188,-1.6030534506, 0.7022900581, -1.4351145029
434150067,1.1215820312,0.1276855469,-0.3005371094,-1.7251908779, 0.7022900581, -1.8015266657
434160067,1.1240234375,0.1330566406,-0.2900390625,-1.2671755552, 0.8854961991, -1.7251908779
434170067,1.1201171875,0.1325683594,-0.2980957031,-1.6335878372, 1.1603053808, -1.8473281860
434180067,1.1206054688,0.1428222656,-0.2973632812,-1.4351145029, 1.4809160233, -1.7099236250
434190067,1.1169433594,0.1354980469,-0.2900390625,-1.5114504099, 2.0000000000, -1.5725190639
434200067,1.1147460938,0.1337890625,-0.2912597656,-1.5725190639, 2.2290077209, -1.2824426889
434210067,1.1062011719,0.1240234375,-0.2924804688,-1.4045801163, 2.0763359070, -1.3129770756
434220067,1.1135253906,0.1245117188,-0.2929687500,-1.4045801163, 1.4503816366, -1.4809160233
434230067,1.1152343750,0.1220703125,-0.2858886719,-1.6335878372, 0.5801526904, -1.2824426889
434240067,1.1166992188,0.1228027344,-0.2844238281,-1.6030534506, 0.0458015278, -1.2824426889
434250067,1.1281738281,0.1267089844,-0.2927246094,-1.8015266657, 0.1221374050, -1.2366411686
434260067,1.1318359375,0.1296386719,-0.2861328125,-1.8473281860, 0.3816793859, -1.4656488895
434270067,1.1313476562,0.1323242188,-0.2866210938,-2.0305342674, 0.6717557311, -1.8778625727
434280067,1.1293945312,0.1308593750,-0.2900390625,-1.8320610523, 1.0687023401, -2.4732823372
434290067,1.1184082031,0.1357421875,-0.2922363281,-1.8167939186, 1.4961831570, -2.9312977791
434300067,1.1201171875,0.1425781250,-0.2951660156,-1.6335878372, 1.6793893576, -2.3206107616
434310067,1.1174316406,0.1416015625,-0.2980957031,-1.5725190639, 1.8778625727, -1.0534350872
434320067,1.1203613281,0.1330566406,-0.3083496094,-1.4045801163, 1.8167939186, -0.1984732896
434330067,1.1186523438,0.1320800781,-0.3007812500,-1.0687023401, 2.5954198837, 0.0458015278
434340067,1.1052246094,0.1318359375,-0.3039550781,-1.3129770756, 3.6183207035, -0.5496183038
434350067,1.1047363281,0.1257324219,-0.2980957031,-1.5572519302, 4.4274806976, -0.7480915785
434360067,1.1049804688,0.1242675781,-0.2995605469,-1.6335878372, 4.7938933372, -0.6717557311
434370067,1.1088867188,0.1286621094,-0.3020019531,-1.6641221046, 4.7633585930, -0.5954198241
434380067,1.1118164062,0.1311035156,-0.2915039062,-1.6641221046, 4.1679387093, -0.4732824564
434390067,1.1181640625,0.1274414062,-0.2854003906,-1.5877863169, 2.7786259651, -0.6870229244
434400067,1.1389160156,0.1237792969,-0.2663574219,-1.5877863169, 1.6793893576, -1.0534350872
434410067,1.1367187500,0.1291503906,-0.2724609375,-1.6030534506, 0.7328244448, -1.8015266657
434420067,1.1401367188,0.1289062500,-0.2663574219,-1.4656488895, 0.2442748100, -2.4732823372
434430067,1.1357421875,0.1323242188,-0.2885742188,-1.4045801163, 0.0763358772, -2.6259541512
434440067,1.1376953125,0.1303710938,-0.2895507812,-1.4656488895, 0.2137404531, -2.5496182442
434450067,1.1384277344,0.1301269531,-0.2861328125,-1.4503816366, 0.4427480996, -2.3664121628
434460067,1.1298828125,0.1350097656,-0.2971191406,-1.1908396482, 0.5496183038, -1.9847328663
434470067,1.1250000000,0.1252441406,-0.2905273438,-1.3282443285, 0.2748091519, -1.8320610523
434480219,1.1237792969,0.1328125000,-0.3012695312,-1.5572519302, 0.1832061112, -1.8473281860
434490067,1.1186523438,0.1303710938,-0.2988281250,-1.5267175436, 0.3816793859, -1.8625954390
434500067,1.1215820312,0.1323242188,-0.2990722656,-1.8778625727, 0.2442748100, -1.7557251453
434510067,1.1113281250,0.1303710938,-0.3041992188,-2.0305342674, 0.5038167834, -1.7404580116
434520067,1.1066894531,0.1284179688,-0.2966308594,-1.9847328663, 0.8549618125, -1.7557251453
434530067,1.1118164062,0.1225585938,-0.2958984375,-2.0458016396, 0.7938931584, -1.8320610523
434540067,1.1152343750,0.1274414062,-0.2810058594,-1.9236640930, 0.4732824564, -1.8778625727
434550067,1.1186523438,0.1301269531,-0.2937011719,-1.8167939186, 0.3206106722, -2.1526718140
434560067,1.1245117188,0.1250000000,-0.2827148438,-1.8015266657, -0.4885496199, -2.3816792965
434570067,1.1345214844,0.1333007812,-0.2895507812,-1.9236640930, -1.2671755552, -2.4122138023
434580067,1.1281738281,0.1293945312,-0.2915039062,-1.8931298256, -2.8396947384, -2.6717557907
434590067,1.1308593750,0.1379394531,-0.3073730469,-1.8778625727, -3.9694657326, -3.0381679535
434600067,1.1232910156,0.1464843750,-0.3151855469,-2.0916030407, -4.9465646744, -2.5190839767
434610067,1.1350097656,0.1430664062,-0.3168945312,-2.4885497093, -5.1908397675, -1.9694656134
434620067,1.1303710938,0.1293945312,-0.3027343750,-2.0305342674, -4.5190839767, -1.5114504099
434630067,1.1174316406,0.1293945312,-0.3156738281,-1.9541984797, -3.3893129826, -1.5114504099
434640067,1.1166992188,0.1257324219,-0.3103027344,-1.6335878372, -2.0152671337, -2.1374046803
434650067,1.1159667969,0.1108398438,-0.3173828125,-1.2519084215, -0.2900763452, -3.5725190639
434660067,1.1176757812,0.1225585938,-0.3017578125,-1.2213740349, 1.0992366076, -5.9236640930
434670067,1.1242675781,0.1333007812,-0.2878417969,-1.0839694738, 1.3129770756, -7.9694657326
434680067,1.1389160156,0.1406250000,-0.2739257812,-1.1450381279, 0.3816793859, -10.2442750931
434690067,1.1535644531,0.1525878906,-0.2770996094,-1.2977099419, -1.2519084215, -11.8473281860
434700067,1.1633300781,0.1584472656,-0.2783203125,-1.3587785959, -3.8015267849, -12.4122133255
434710067,1.1608886719,0.1574707031,-0.2822265625,-1.0992366076, -6.0152673721, -11.8931293488
434720067,1.1613769531,0.1635742188,-0.2949218750,-0.7786259651, -7.0839695930, -11.4809160233
434730067,1.1418457031,0.1689453125,-0.3073730469,-0.9770992398, -6.3664121628, -10.6870231628
434740067,1.1320800781,0.1667480469,-0.3203125000,-0.5343511701, -3.3893129826, -8.0763359070
434750067,1.1179199219,0.1682128906,-0.3359375000,-0.3969465792, 0.7938931584, -4.8244276047
434760067,1.1005859375,0.1608886719,-0.3293457031,-0.9770992398, 4.3511452675, -1.4656488895
434770067,1.0922851562,0.1445312500,-0.3139648438,-1.6488549709, 5.9847326279, 0.5190839767
434780067,1.0874023438,0.1269531250,-0.2915039062,-2.2137403488, 5.4961833954, 0.7633587718
434790067,1.0786132812,0.1191406250,-0.2863769531,-2.7938930988, 2.5801527500, 0.4274809062
434800067,1.0910644531,0.1181640625,-0.2773437500,-3.0076336861, 0.0610687025, -0.1526717544
434810067,1.0971679688,0.1210937500,-0.2905273438,-3.0839693546, -1.4961831570, -0.7633587718
434820067,1.0986328125,0.1252441406,-0.2900390625,-3.1145038605, -1.7557251453, -1.4351145029
434830067,1.0895996094,0.1330566406,-0.2985839844,-2.7175571918, -1.4198473692, -1.7251908779
434840067,1.0979003906,0.1364746094,-0.3088378906,-2.2595419884, -0.6106870174, -1.9541984797
434850067,1.0900878906,0.1384277344,-0.3039550781,-1.8167939186, 0.0305343512, -2.0000000000
434860067,1.0920410156,0.1391601562,-0.3039550781,-1.4045801163, 0.9007633328, -1.8625954390
434870067,1.0893554688,0.1262207031,-0.3049316406,-1.2061069012, 1.3435114622, -1.6030534506
434880067,1.0910644531,0.1394042969,-0.3142089844,-1.0534350872, 0.9618320465, -0.9160305262
434890067,1.0959472656,0.1384277344,-0.3066406250,-0.9618320465, 0.6412213445, -0.4732824564
434900067,1.1003417969,0.1381835938,-0.2956542969,-1.2366411686, -0.0916030556, -0.1679389328
434910067,1.1032714844,0.1369628906,-0.3012695312,-1.4656488895, -1.3129770756, 0.1221374050
434920067,1.1037597656,0.1276855469,-0.2995605469,-1.9083969593, -2.4885497093, 0.1374045759
434930067,1.1071777344,0.1342773438,-0.3015136719,-1.8931298256, -3.3435113430, -0.0458015278
434940067,1.1164550781,0.1308593750,-0.3039550781,-2.0763359070, -3.1145038605, -0.2442748100
434950067,1.1188964844,0.1374511719,-0.3237304688,-1.8778625727, -2.2748091221, 0.1068702266
434960067,1.1269531250,0.1430664062,-0.3183593750,-1.7709923983, -1.3282443285, 0.6259542108
434970067,1.1279296875,0.1494140625,-0.3178710938,-1.6183205843, -0.3969465792, 0.9007633328
434980067,1.1235351562,0.1391601562,-0.3278808594,-1.7251908779, 0.8091602921, 0.5648854971
434990067,1.1142578125,0.1425781250,-0.3166503906,-1.7251908779, 1.8778625727, 0.0305343512
435000067,1.1098632812,0.1396484375,-0.3129882812,-1.6946564913, 2.6564886570, -0.4274809062
435010067,1.1115722656,0.1413574219,-0.3220214844,-1.6183205843, 2.8702290058, 0.0458015278
435020067,1.1010742188,0.1447753906,-0.3234863281,-1.6183205843, 2.7022900581, 0.1984732896
435030067,1.0996093750,0.1457519531,-0.3156738281,-1.8015266657, 2.6412212849, 0.3664122224
435040067,1.1076660156,0.1435546875,-0.3127441406,-1.7557251453, 2.4274809361, 0.8396946788
435050067,1.0983886719,0.1462402344,-0.3005371094,-1.7557251453, 2.0458016396, 0.6259542108
435060067,1.1025390625,0.1403808594,-0.3012695312,-1.5419846773, 2.1374046803, 0.5648854971
435070067,1.1228027344,0.1469726562,-0.3095703125,-1.6946564913, 2.8396947384, 0.4732824564
435080067,1.1225585938,0.1540527344,-0.2983398438,-1.5877863169, 3.1755726337, 0.0458015278
435090067,1.1284179688,0.1481933594,-0.3078613281,-1.5419846773, 3.2519083023, -0.0916030556
435100067,1.1252441406,0.1459960938,-0.3012695312,-1.5725190639, 3.0992367268, -1.0229008198
435110067,1.1330566406,0.1469726562,-0.3044433594,-1.5419846773, 2.2748091221, -1.7862595320
435120067,1.1330566406,0.1440429688,-0.2961425781,-1.0076335669, 2.0458016396, -2.4274809361
435130067,1.1335449219,0.1486816406,-0.3117675781,-1.1450381279, 1.8473281860, -2.9618320465
435140067,1.1279296875,0.1486816406,-0.3166503906,-1.2366411686, 2.3053436279, -2.9465649128
435150067,1.1237792969,0.1479492188,-0.3127441406,-1.2213740349, 2.3053436279, -2.8244273663
435160067,1.1198730469,0.1459960938,-0.3142089844,-1.3740458488, 2.4732823372, -3.0076336861
435170067,1.1169433594,0.1328125000,-0.3188476562,-1.8015266657, 2.5190839767, -3.1297709942
435180067,1.1118164062,0.1308593750,-0.3100585938,-1.8931298256, 2.3358778954, -3.4045801163
435190067,1.1171875000,0.1352539062,-0.3027343750,-2.1221373081, 1.8167939186, -3.6335878372
435200067,1.1127929688,0.1354980469,-0.3046875000,-2.0458016396, 1.2213740349, -3.3893129826
435210067,1.1166992188,0.1354980469,-0.2993164062,-1.8167939186, 0.7633587718, -3.0229008198
435220067,1.1157226562,0.1306152344,-0.2990722656,-2.0458016396, 0.4580152631, -2.8244273663
435230067,1.1250000000,0.1357421875,-0.3095703125,-1.6488549709, 0.4580152631, -2.7175571918
435240067,1.1152343750,0.1391601562,-0.3041992188,-1.5419846773, 0.4885496199, -2.6106870174
435250067,1.1154785156,0.1411132812,-0.3056640625,-1.3587785959, 0.4580152631, -1.9083969593
435260067,1.1162109375,0.1396484375,-0.3051757812,-1.4656488895, 0.3053435087, -0.7786259651
435270067,1.1164550781,0.1440429688,-0.3171386719,-1.4809160233, -0.0916030556, -0.0305343512
435280067,1.1132812500,0.1347656250,-0.3171386719,-1.5877863169, -0.2748091519, 0.3511450291
435290067,1.1132812500,0.1347656250,-0.3112792969,-1.6030534506, -0.9618320465, 0.2595419884
435300067,1.1269531250,0.1333007812,-0.3198242188,-1.7404580116, -1.3893129826, -0.2442748100
435310067,1.1201171875,0.1394042969,-0.3186035156,-2.0000000000, -1.7404580116, -0.2900763452
435320067,1.1184082031,0.1293945312,-0.3227539062,-1.9389313459, -2.6412212849, -0.5343511701
435330067,1.1259765625,0.1284179688,-0.3337402344,-2.2442748547, -3.5572519302, -1.6030534506
435340067,1.1367187500,0.1313476562,-0.3237304688,-2.5190839767, -3.7557251453, -3.0839693546
435350067,1.1484375000,0.1423339844,-0.3283691406,-2.0763359070, -2.9770991802, -4.4732823372
435360067,1.1806640625,0.1477050781,-0.3146972656,-1.7251908779, -1.7862595320, -5.6488547325
435370067,1.1994628906,0.1538085938,-0.2854003906,-1.8167939186, -1.8320610523, -6.5954198837
435380067,1.2204589844,0.1564941406,-0.2873535156,-1.3282443285, -4.0458016396, -8.1526718140
435390067,1.2443847656,0.1718750000,-0.2861328125,-0.9312977195, -7.7557253838, -8.4427480698
435400067,1.2636718750,0.1794433594,-0.3002929688,0.3358778656, -9.8625955582, -7.8778624535
435410067,1.2563476562,0.1894531250,-0.3366699219,1.4656488895, -8.7022905350, -5.8625955582
435420067,1.2504882812,0.2050781250,-0.3793945312,2.2595419884, -3.1297709942, -3.8167939186
435430067,1.2443847656,0.2172851562,-0.4104003906,3.0534350872, 6.6717557907, -1.7557251453
435440067,1.2094726562,0.2158203125,-0.4316406250,3.8167939186, 17.6946563721, -0.3358778656
435450067,1.1416015625,0.2033691406,-0.4135742188,4.0305342674, 26.0000000000, -0.3358778656
435460067,1.0869140625,0.1977539062,-0.3972167969,3.3282442093, 34.0152664185, -4.1526718140
435470067,1.0104980469,0.1635742188,-0.3413085938,2.2748091221, 37.4809150696, -8.7022905350
435480219,0.9604492188,0.1467285156,-0.2639160156,0.9312977195, 35.7709922791, -13.7557249069
435490067,0.9318847656,0.1191406250,-0.1899414062,-0.3969465792, 28.2290077209, -14.5801525116
435500067,0.8945312500,0.1154785156,-0.1091308594,-0.6717557311, 16.4274806976, -10.9618320465
435510067,0.9155273438,0.0952148438,-0.1125488281,-0.2442748100, 5.7099237442, -6.4274806976
435520067,0.9416503906,0.0920410156,-0.1540527344,0.2748091519, 1.6183205843, -2.8702290058
435530067,0.9721679688,0.0910644531,-0.2053222656,0.3358778656, 2.0763359070, 0.1984732896
435540067,0.9916992188,0.0817871094,-0.2297363281,-0.2290076315, 3.2671756744, 0.1679389328
435550067,0.9934082031,0.0957031250,-0.2431640625,-0.9923664331, 2.6717557907, -1.1755725145
435560067,1.0192871094,0.1083984375,-0.2614746094,-2.5343511105, -0.1374045759, -2.1679389477
435570067,1.0361328125,0.1184082031,-0.2734375000,-3.7251908779, -4.8702292442, -1.8625954390
435580067,1.0681152344,0.1279296875,-0.3012695312,-4.0305342674, -9.1755723953, 0.0916030556
435590067,1.0986328125,0.1333007812,-0.3278808594,-4.5190839767, -12.1832065582, 3.1145038605
435600067,1.1247558594,0.1323242188,-0.3388671875,-3.9389312267, -13.8167934418, 5.3740458488
435610067,1.1188964844,0.1323242188,-0.3283691406,-4.1526718140, -15.4198474884, 6.8702292442
435620067,1.1252441406,0.1193847656,-0.3273925781,-3.8320610523, -16.9160308838, 7.0229005814
435630067,1.1403808594,0.1108398438,-0.3264160156,-3.3893129826, -15.4656486511, 6.0152673721
435640067,1.1413574219,0.1064453125,-0.3222656250,-3.2671756744, -12.7938928604, 5.3282442093
435650067,1.1462402344,0.1032714844,-0.3144531250,-3.1297709942, -9.7099237442, 4.4732823372
435660067,1.1450195312,0.1052246094,-0.3129882812,-3.0992367268, -7.1450381279, 2.8091602325
435670067,1.1359863281,0.1013183594,-0.3103027344,-2.6717557907, -4.4885497093, 0.5954198241
435680067,1.1254882812,0.1169433594,-0.2983398438,-2.5801527500, -3.8167939186, -0.4274809062
435690067,1.1213378906,0.1176757812,-0.3017578125,-2.4885497093, -4.0305342674, -1.5877863169
435700067,1.1347656250,0.1308593750,-0.3132324219,-1.9541984797, -3.8015267849, -2.3969466686
435710067,1.1518554688,0.1486816406,-0.3310546875,-1.7099236250, -2.1221373081, -2.5190839767
435720067,1.1677246094,0.1647949219,-0.3425292969,-1.5877863169, -0.4732824564, -1.7862595320
435730067,1.1811523438,0.1765136719,-0.3349609375,-1.2366411686, 0.4122137427, -1.0534350872
435740067,1.1877441406,0.1796875000,-0.3305664062,-1.0687023401, -0.1374045759, -0.4427480996
435750067,1.1989746094,0.1857910156,-0.3273925781,-1.0229008198, -0.6106870174, -0.0610687025
435760067,1.2045898438,0.1879882812,-0.3430175781,-1.1450381279, 0.2442748100, -0.3206106722
435770067,1.2055664062,0.1867675781,-0.3437500000,-1.2671755552, 3.6946563721, -0.9923664331
435780067,1.1818847656,0.1918945312,-0.3286132812,-1.6793893576, 5.2213740349, 0.3053435087
435790067,1.1606445312,0.1870117188,-0.3134765625,-1.5267175436, 5.4198474884, 0.1068702266
435800067,1.1372070312,0.1804199219,-0.3017578125,-1.8167939186, 4.1984734535, -1.2061069012
435810067,1.1154785156,0.1713867188,-0.2939453125,-1.9541984797, 2.3664121628, -2.3053436279
435820067,1.1057128906,0.1755371094,-0.2880859375,-1.8320610523, -0.4580152631, -3.5725190639
435830067,1.0847167969,0.1711425781,-0.2927246094,-2.0916030407, -2.5954198837, -4.7633585930
435840067,1.0830078125,0.1611328125,-0.2922363281,-2.4580152035, -3.8320610523, -5.5877861977
435850067,1.0876464844,0.1618652344,-0.2958984375,-2.3664121628, -3.9083969593, -6.9770994186
435860067,1.0939941406,0.1621093750,-0.3259277344,-2.3664121628, -2.7480916977, -7.5877861977
435870067,1.0932617188,0.1645507812,-0.3273925781,-2.3053436279, -1.2824426889, -7.6946563721
435880067,1.0742187500,0.1706542969,-0.3159179688,-2.3969466686, -1.3435114622, -6.5190839767
435890067,1.0798339844,0.1594238281,-0.3222656250,-2.0458016396, -2.3511450291, -5.5877861977
435900067,1.0974121094,0.1501464844,-0.3427734375,-1.9694656134, -2.7480916977, -4.6106872559
435910067,1.1130371094,0.1503906250,-0.3393554688,-1.8015266657, -3.0687022209, -3.2366411686
435920067,1.1247558594,0.1411132812,-0.3408203125,-1.7557251453, -3.4809160233, -2.4427480698
435930067,1.1481933594,0.1232910156,-0.3349609375,-1.8625954390, -4.0152673721, -2.9770991802
435940067,1.1584472656,0.1267089844,-0.3425292969,-1.9694656134, -3.4045801163, -4.1984734535
435950067,1.1694335938,0.1430664062,-0.3332519531,-2.1832060814, -2.1526718140, -5.0229005814
435960067,1.1799316406,0.1472167969,-0.3249511719,-2.1679389477, -1.6946564913, -4.8549618721
435970067,1.1806640625,0.1479492188,-0.3083496094,-2.1679389477, -1.0839694738, -4.4427480698
435980067,1.1772460938,0.1413574219,-0.3105468750,-1.7251908779, -1.6793893576, -5.2671756744
435990067,1.1760253906,0.1381835938,-0.3056640625,-1.3740458488, -1.5572519302, -6.5801525116
436000067,1.1679687500,0.1408691406,-0.3027343750,-0.7175572515, -0.9160305262, -7.0229005814
436010067,1.1552734375,0.1403808594,-0.3037109375,-0.3816793859, 0.0610687025, -6.7938933372
436020067,1.1479492188,0.1418457031,-0.3129882812,0.0000000000, 1.8167939186, -5.7557253838
436030067,1.1379394531,0.1633300781,-0.3239746094,-0.0152671756, 4.6412215233, -3.4198472500
436040067,1.1308593750,0.1779785156,-0.3332519531,0.3511450291, 6.8244276047, -0.7328244448
436050067,1.1135253906,0.1813964844,-0.3457031250,0.6717557311, 9.7862596512, 1.3893129826
436060067,1.1059570312,0.1855468750,-0.3576660156,1.1450381279, 12.6717557907, 2.8396947384
436070067,1.0810546875,0.1782226562,-0.3542480469,1.7557251453, 14.4274806976, 3.4351146221
436080067,1.0549316406,0.1638183594,-0.3576660156,1.9083969593, 15.0839691162, 1.6183205843
436090067,1.0300292969,0.1594238281,-0.3217773438,1.2061069012, 14.7328243256, -2.2595419884
436100067,1.0219726562,0.1433105469,-0.3066406250,0.3206106722, 12.7328243256, -6.1526718140
436110067,1.0041503906,0.1411132812,-0.2778320312,-0.6259542108, 9.5114507675, -7.9389314651
436120067,0.9885253906,0.1452636719,-0.2541503906,-0.8854961991, 5.5419845581, -6.4122138023
436130067,0.9853515625,0.1340332031,-0.2648925781,-0.9770992398, 3.1755726337, -4.6564884186
436140067,1.0019531250,0.1530761719,-0.2910156250,-1.4351145029, 4.6259541512, -2.7022900581
436150067,1.0156250000,0.1586914062,-0.2846679688,-1.1755725145, 7.2824425697, 0.4732824564
436160067,1.0410156250,0.1650390625,-0.2768554688,-0.6564885378, 7.7404580116, 3.3740458488
436170067,1.0705566406,0.1706542969,-0.2780761719,0.0000000000, 5.3282442093, 5.8625955582
436180067,1.1093750000,0.1723632812,-0.2888183594,0.5496183038, 0.2595419884, 7.5267176628
436190067,1.1384277344,0.1643066406,-0.3056640625,0.8091602921, -5.2824425697, 7.8778624535
436200067,1.1848144531,0.1525878906,-0.3339843750,0.6259542108, -8.1984729767, 6.1221375465
436210067,1.1906738281,0.1545410156,-0.3354492188,-0.4122137427, -9.6488552094, 3.9389312267
436220067,1.1818847656,0.1379394531,-0.3349609375,-1.4656488895, -10.8854961395, 1.0839694738
436230067,1.1843261719,0.1201171875,-0.3283691406,-1.9694656134, -9.6183204651, -3.3893129826
436240067,1.1633300781,0.1291503906,-0.3325195312,-2.5496182442, -6.3969464302, -5.3893127441
436250067,1.1357421875,0.1237792969,-0.3178710938,-2.6717557907, -3.1297709942, -5.0229005814
436260067,1.1098632812,0.1174316406,-0.3168945312,-2.1374046803, 0.0610687025, -3.9236640930
436270067,1.1027832031,0.0983886719,-0.3178710938,-1.9389313459, 3.0839693546, -3.1603052616
436280067,1.0803222656,0.1015625000,-0.2966308594,-1.6641221046, 3.5877861977, -2.3664121628
436290067,1.0568847656,0.0844726562,-0.2722167969,-1.5877863169, 1.0687023401, -2.2748091221
436300067,1.0695800781,0.0922851562,-0.2829589844,-2.0458016396, -1.5725190639, -3.0839693546
436310067,1.0864257812,0.1027832031,-0.2988281250,-1.7251908779, -2.4580152035, -3.3740458488
436320067,1.1071777344,0.1142578125,-0.3251953125,-2.0763359070, -0.7786259651, -3.0992367268
436330067,1.1076660156,0.1245117188,-0.3439941406,-2.3358778954, 2.0763359070, -2.5343511105
436340067,1.1008300781,0.1267089844,-0.3339843750,-2.3969466686, 3.8931298256, -1.0534350872
436350067,1.0988769531,0.1315917969,-0.3259277344,-2.5496182442, 4.9312977791, 0.2442748100
436360067,1.0905761719,0.1520996094,-0.3198242188,-2.6717557907, 5.1755723953, 1.1450381279
436370067,1.1005859375,0.1486816406,-0.3293457031,-2.9770991802, 5.6335878372, 1.5267175436
436380067,1.1059570312,0.1542968750,-0.3198242188,-2.9312977791, 6.0458016396, 1.9389313459
436390067,1.1081542969,0.1450195312,-0.3139648438,-3.6030533314, 5.6641221046, 1.9847328663
436400067,1.1101074219,0.1428222656,-0.3063964844,-3.6793892384, 4.7786259651, 1.8320610523
436410067,1.1098632812,0.1523437500,-0.2941894531,-3.7557251453, 2.8396947384, 1.3435114622
436420067,1.1152343750,0.1462402344,-0.2978515625,-3.8625953197, 0.7633587718, 0.5343511701
436430067,1.1228027344,0.1491699219,-0.2956542969,-3.4809160233, -1.2519084215, -0.1832061112
436440067,1.1293945312,0.1516113281,-0.3039550781,-3.3282442093, -2.3053436279, -0.8854961991
436450067,1.1350097656,0.1628417969,-0.3168945312,-3.0381679535, -3.2213740349, -1.4961831570
436460067,1.1413574219,0.1694335938,-0.3176269531,-2.9465649128, -3.4351146221, -1.6946564913
436470067,1.1442871094,0.1765136719,-0.3349609375,-2.6106870174, -3.3282442093, -1.3587785959
436480219,1.1486816406,0.1750488281,-0.3327636719,-2.8396947384, -3.2519083023, -1.2213740349
436490067,1.1550292969,0.1821289062,-0.3356933594,-2.4427480698, -2.9312977791, -1.4809160233
436500067,1.1469726562,0.1782226562,-0.3371582031,-2.5343511105, -2.7328243256, -1.6641221046
436510067,1.1384277344,0.1767578125,-0.3383789062,-2.2290077209, -2.4274809361, -1.9389313459
436520067,1.1376953125,0.1738281250,-0.3198242188,-2.2290077209, -2.8396947384, -1.8778625727
436530067,1.1430664062,0.1657714844,-0.3276367188,-2.0000000000, -2.6259541512, -2.1221373081
436540067,1.1437988281,0.1628417969,-0.3193359375,-1.6793893576, -3.5725190639, -2.5038168430
436550067,1.1513671875,0.1662597656,-0.3332519531,-1.5114504099, -4.9312977791, -3.2213740349
436560067,1.1489257812,0.1591796875,-0.3354492188,-1.0687023401, -6.4274806976, -3.5877861977
436570067,1.1552734375,0.1628417969,-0.3330078125,-0.9007633328, -7.8320612907, -3.9847328663
436580067,1.1552734375,0.1572265625,-0.3395996094,-1.2671755552, -8.0305347443, -5.3129773140
436590067,1.1601562500,0.1564941406,-0.3395996094,-1.1145038605, -7.2366414070, -7.2061066628
436600067,1.1782226562,0.1621093750,-0.3173828125,-1.5725190639, -6.7022900581, -8.0763359070
436610067,1.2016601562,0.1652832031,-0.3095703125,-1.7709923983, -4.8244276047, -8.9160308838
436620067,1.2141113281,0.1625976562,-0.3117675781,-2.0610687733, -2.2442748547, -10.0000000000
436630067,1.2067871094,0.1772460938,-0.3234863281,-2.1374046803, 2.2442748547, -9.8167934418
436640067,1.1782226562,0.1877441406,-0.3312988281,-1.7557251453, 6.2442746162, -7.9694657326
436650067,1.1379394531,0.1994628906,-0.3454589844,-0.8702290058, 10.2748088837, -5.4809160233
436660067,1.1005859375,0.2028808594,-0.3652343750,-0.5954198241, 14.7786254883, -3.5419847965
436670067,1.0590820312,0.1916503906,-0.3518066406,-0.8854961991, 17.7709922791, -3.3587787151
436680067,1.0166015625,0.1826171875,-0.3383789062,-1.3740458488, 19.6030540466, -4.6412215233
436690067,0.9772949219,0.1694335938,-0.3173828125,-2.1374046803, 20.6717548370, -4.8244276047
436700067,0.9499511719,0.1633300781,-0.3022460938,-2.4732823372, 20.2290077209, -2.2900762558
436710067,0.9160156250,0.1564941406,-0.2775878906,-2.1984732151, 18.5343513489, 0.9618320465
436720067,0.9135742188,0.1318359375,-0.2792968750,-1.3587785959, 16.0458011627, 2.7633588314
436730067,0.9492187500,0.1184082031,-0.2709960938,-0.1832061112, 13.5877866745, 2.8244273663
436740067,0.9733886719,0.1137695312,-0.2609863281,1.0992366076, 8.5496187210, 2.9160306454
436750067,1.0187988281,0.1186523438,-0.2700195312,1.7862595320, 1.7709923983, 2.3816792965
436760067,1.0769042969,0.1220703125,-0.2775878906,1.5877863169, -5.2824425697, 2.2900762558
436770067,1.1528320312,0.1210937500,-0.3051757812,1.1603053808, -9.3893127441, 1.0839694738
436780067,1.2082519531,0.1311035156,-0.3342285156,0.0916030556, -9.6641225815, 0.2748091519
436790067,1.2258300781,0.1372070312,-0.3413085938,-1.3435114622, -7.4961833954, 0.5801526904
436800067,1.2241210938,0.1301269531,-0.3459472656,-2.4732823372, -4.2900762558, 0.1679389328
436810067,1.1857910156,0.1259765625,-0.3125000000,-3.1145038605, -3.3435113430, 0.5496183038
436820067,1.1657714844,0.1137695312,-0.2814941406,-3.0687022209, -5.1450381279, 0.2442748100
436830067,1.1433105469,0.1020507812,-0.2900390625,-2.4732823372, -6.7022900581, -1.4198473692
436840067,1.1374511719,0.1042480469,-0.2810058594,-2.1221373081, -8.2137403488, -2.9312977791
436850067,1.1374511719,0.1186523438,-0.2868652344,-1.5114504099, -9.4961833954, -3.5877861977
436860067,1.1374511719,0.1193847656,-0.3002929688,-1.0992366076, -9.4351148605, -2.9618320465
436870067,1.1516113281,0.1242675781,-0.3378906250,-1.1297709942, -7.7557253838, -1.2824426889
436880067,1.1479492188,0.1328125000,-0.3395996094,-1.5114504099, -5.3893127441, 0.1679389328
436890067,1.1430664062,0.1433105469,-0.3232421875,-1.9694656134, -5.5419845581, 1.0534350872
436900067,1.1359863281,0.1416015625,-0.3151855469,-2.1374046803, -5.7557253838, 0.5343511701
436910067,1.1384277344,0.1442871094,-0.3383789062,-2.5038168430, -4.7175574303, -0.1679389328
436920067,1.1359863281,0.1420898438,-0.3596191406,-1.9236640930, 0.2748091519, -1.8167939186
436930067,1.1118164062,0.1625976562,-0.3588867188,-1.9541984797, 6.0458016396, -1.1297709942
436940067,1.0805664062,0.1616210938,-0.3332519531,-1.8015266657, 9.8931293488, 0.0610687025
436950067,1.0629882812,0.1574707031,-0.3193359375,-1.5572519302, 11.8625955582, 0.6870229244
436960067,1.0581054688,0.1608886719,-0.3156738281,-1.5725190639, 12.7480916977, 0.6870229244
436970067,1.0588378906,0.1572265625,-0.3112792969,-1.8625954390, 11.5419845581, 0.6412213445
436980067,1.0607910156,0.1621093750,-0.2995605469,-2.0305342674, 9.0687026978, 0.2290076315
436990067,1.0678710938,0.1584472656,-0.3020019531,-2.3969466686, 6.1832060814, -0.3511450291
437000067,1.0832519531,0.1650390625,-0.3112792969,-2.3816792965, 3.5725190639, -1.2366411686
437010067,1.0991210938,0.1625976562,-0.3269042969,-2.5190839767, 2.2595419884, -1.9083969593
437020067,1.1135253906,0.1718750000,-0.3312988281,-2.9618320465, 2.4274809361, -2.2595419884
437030067,1.1042480469,0.1711425781,-0.3481445312,-2.4885497093, 3.1755726337, -2.3511450291
437040067,1.1157226562,0.1682128906,-0.3369140625,-2.5954198837, 4.3206105232, -2.6717557907
437050067,1.1040039062,0.1687011719,-0.3452148438,-2.3664121628, 4.7633585930, -2.1068701744
437060067,1.0942382812,0.1730957031,-0.3151855469,-2.5038168430, 4.3664121628, -1.8167939186
437070067,1.1015625000,0.1689453125,-0.3044433594,-2.4885497093, 2.4580152035, -1.6793893576
437080067,1.0969238281,0.1577148438,-0.2924804688,-2.5190839767, 0.0305343512, -1.6183205843
437090067,1.1088867188,0.1525878906,-0.2900390625,-2.3816792965, -1.1755725145, -2.1679389477
437100067,1.1181640625,0.1452636719,-0.3083496094,-2.0305342674, -1.2824426889, -2.0458016396
437110070,1.1257324219,0.1442871094,-0.3100585938,-1.8625954390, -0.6870229244, -1.8320610523
437120067,1.1262207031,0.1474609375,-0.3212890625,-1.5114504099, 0.3206106722, -2.1068701744
437130067,1.1342773438,0.1499023438,-0.3232421875,-1.5419846773, 1.0687023401, -2.2595419884
437140067,1.1347656250,0.1440429688,-0.3315429688,-1.3740458488, 1.8473281860, -1.9541984797
437150067,1.1435546875,0.1440429688,-0.3405761719,-1.4198473692, 1.5877863169, -2.0152671337
437160067,1.1459960938,0.1394042969,-0.3244628906,-1.3129770756, 0.2137404531, -2.0152671337
437170067,1.1621093750,0.1333007812,-0.3244628906,-1.1908396482, -2.5038168430, -2.4427480698
437180067,1.1667480469,0.1359863281,-0.3093261719,-1.0381679535, -6.2442746162, -2.7175571918
437190067,1.1818847656,0.1342773438,-0.3076171875,-0.5343511701, -11.2519083023, -3.5267176628
437200067,1.1887207031,0.1318359375,-0.2915039062,-0.5496183038, -16.3664131165, -4.8396945000
437210067,1.2165527344,0.1406250000,-0.2863769531,-0.0763358772, -21.4198474884, -5.9389314651
437220067,1.2534179688,0.1623535156,-0.2978515625,-0.5954198241, -25.0381679535, -7.1297707558
437230067,1.2871093750,0.1840820312,-0.2939453125,-0.1984732896, -25.3740463257, -7.0229005814
437240067,1.3491210938,0.1926269531,-0.3098144531,0.8549618125, -20.1679382324, -6.9312977791
437250067,1.3681640625,0.2487792969,-0.3366699219,1.6030534506, -12.8854961395, -4.3511452675
437260067,1.3427734375,0.2880859375,-0.3837890625,3.0229008198, -4.5190839767, -0.8396946788
437270067,1.2761230469,0.3293457031,-0.4399414062,4.4580154419, 4.3511452675, 3.0229008198
437280067,1.1706542969,0.3298339844,-0.4594726562,5.2366414070, 12.3206110001, 4.7022900581
437290067,1.0881347656,0.2868652344,-0.4843750000,5.0381679535, 23.1603050232, 2.0916030407
437300067,0.9655761719,0.2299804688,-0.4423828125,3.3129770756, 30.7175579071, -1.2977099419
437310067,0.8559570312,0.1547851562,-0.3549804688,1.2671755552, 32.2595405579, -5.4961833954
437320067,0.7546386719,0.1083984375,-0.2622070312,-1.4045801163, 26.3969459534, -7.8167939186
437330067,0.7160644531,0.0690917969,-0.1862792969,-3.2519083023, 16.1374053955, -7.0687022209
437340067,0.7304687500,0.0434570312,-0.1494140625,-4.3664121628, 5.9847326279, -6.5496182442
437350067,0.8051757812,0.0378417969,-0.1665039062,-4.0916032791, 1.1603053808, -6.5648856163
437360067,0.8632812500,0.0561523438,-0.2023925781,-4.0763359070, -1.2366411686, -4.5038166046
437370067,0.9191894531,0.0744628906,-0.2319335938,-3.3435113430, -3.8625953197, -1.9083969593
437380067,0.9802246094,0.0852050781,-0.3044433594,-3.0839693546, -6.1679387093, -0.4427480996
437390067,1.0458984375,0.1042480469,-0.3508300781,-2.7328243256, -6.2595419884, 0.7328244448
437400067,1.1025390625,0.1157226562,-0.4167480469,-2.2900762558, -3.6030533314, 2.7175571918
437410067,1.1499023438,0.1308593750,-0.4331054688,-2.0458016396, -0.1984732896, 5.6335878372
437420067,1.1743164062,0.1174316406,-0.4111328125,-1.6488549709, -0.0610687025, 8.6412210464
437430067,1.1655273438,0.1176757812,-0.3320312500,-2.2442748547, -6.2595419884, 12.3816795349
437440067,1.2136230469,0.0771484375,-0.3342285156,-1.5114504099, -12.7022905350, 11.5419845581
437450067,1.2387695312,0.0781250000,-0.3320312500,-2.0305342674, -15.4503812790, 8.5343513489
437460067,1.2502441406,0.0756835938,-0.3261718750,-2.4732823372, -15.1145038605, 4.1832060814
437470067,1.2355957031,0.0839843750,-0.3269042969,-3.0229008198, -13.2519083023, -0.4580152631
437480220,1.2216796875,0.0883789062,-0.3332519531,-3.4809160233, -9.6641225815, -3.9389312267
437490067,1.1970214844,0.1003417969,-0.3464355469,-3.2824428082, -5.4656486511, -5.9541983604
437500067,1.1728515625,0.1098632812,-0.3432617188,-2.8396947384, -1.4351145029, -7.5572519302
437510067,1.1276855469,0.1315917969,-0.3227539062,-2.0763359070, 0.8854961991, -7.6793894768
437520067,1.0961914062,0.1245117188,-0.3269042969,-1.2824426889, 0.7938931584, -7.2213740349
437530067,1.0981445312,0.1350097656,-0.3564453125,-0.4732824564, 2.1374046803, -7.0534353256
437540067,1.0966796875,0.1494140625,-0.3500976562,-0.2290076315, 3.0687022209, -5.5572519302
437550067,1.1147460938,0.1608886719,-0.3488769531,-0.3511450291, 3.5572519302, -3.8625953197
437560067,1.1271972656,0.1672363281,-0.3491210938,-0.5190839767, 3.9541983604, -2.8091602325
437570067,1.1333007812,0.1696777344,-0.3425292969,-0.7938931584, 4.2595419884, -1.8625954390
437580067,1.1357421875,0.1735839844,-0.3305664062,-1.2366411686, 4.1832060814, -1.8320610523
437590067,1.1359863281,0.1828613281,-0.3212890625,-1.4351145029, 4.2290077209, -1.5877863169
437600067,1.1228027344,0.1806640625,-0.3266601562,-1.5419846773, 4.3358778954, -1.8625954390
437610067,1.1220703125,0.1894531250,-0.3234863281,-1.9389313459, 4.8091602325, -2.2290077209
437620067,1.1115722656,0.1892089844,-0.3181152344,-1.9694656134, 5.0839695930, -2.0763359070
