time,xacc,yacc,zacc,xgyro,ygyro,zgyro
1496910067,1.1345214844,-0.0258789062,-0.2600097656,-2.4274809361, 1.2824426889, -5.0992364883
1496920067,1.1352539062,-0.0217285156,-0.2810058594,-1.4503816366, 1.2061069012, -4.7022900581
1496930067,1.1499023438,-0.0163574219,-0.2753906250,-1.0839694738, 1.8015266657, -4.3053436279
1496940067,1.1437988281,-0.0136718750,-0.2851562500,-0.8702290058, 2.4274809361, -3.7862596512
1496950067,1.1406250000,-0.0166015625,-0.2915039062,-0.8091602921, 2.0305342674, -3.4045801163
1496960067,1.1403808594,-0.0170898438,-0.2846679688,-0.5801526904, 1.4351145029, -3.5114502907
1496970067,1.1376953125,-0.0175781250,-0.2939453125,-0.4274809062, 1.3435114622, -3.4045801163
1496980067,1.1394042969,-0.0168457031,-0.2902832031,-0.3969465792, 1.2519084215, -3.7099237442
1496990067,1.1398925781,-0.0195312500,-0.2875976562,-0.3969465792, 1.4503816366, -3.6183207035
1497000067,1.1354980469,-0.0168457031,-0.2766113281,-0.8702290058, 2.2595419884, -3.3893129826
1497010067,1.1347656250,-0.0168457031,-0.2788085938,-1.5267175436, 2.6717557907, -3.4351146221
1497020067,1.1347656250,-0.0122070312,-0.2832031250,-1.8167939186, 3.1755726337, -3.0992367268
1497030067,1.1325683594,-0.0214843750,-0.2854003906,-1.8778625727, 3.4809160233, -2.5496182442
1497040067,1.1367187500,-0.0202636719,-0.2810058594,-2.3053436279, 2.6259541512, -2.2137403488
1497050067,1.1372070312,-0.0141601562,-0.2700195312,-2.3358778954, 2.2595419884, -2.1526718140
1497060067,1.1367187500,-0.0246582031,-0.2717285156,-2.0610687733, 1.5572519302, -1.6183205843
1497070067,1.1359863281,-0.0263671875,-0.2692871094,-1.8625954390, 0.7938931584, -1.2824426889
1497080067,1.1401367188,-0.0163574219,-0.2687988281,-1.7557251453, 0.4274809062, -0.9923664331
1497090067,1.1398925781,-0.0209960938,-0.2797851562,-1.6793893576, 0.1526717544, -0.7633587718
1497100067,1.1320800781,-0.0192871094,-0.2744140625,-1.8473281860, 0.2595419884, -0.9007633328
1497110067,1.1362304688,-0.0261230469,-0.2797851562,-1.5419846773, -0.1526717544, -1.8320610523
1497120067,1.1391601562,-0.0148925781,-0.2883300781,-1.3740458488, -0.1832061112, -0.5801526904
1497130067,1.1350097656,-0.0166015625,-0.2883300781,-1.5877863169, 0.0152671756, 0.4274809062
1497140067,1.1315917969,-0.0153808594,-0.2836914062,-1.5725190639, 0.6259542108, 0.3816793859
1497150067,1.1213378906,-0.0202636719,-0.2866210938,-1.6183205843, 1.4198473692, 0.1068702266
1497160067,1.1313476562,-0.0209960938,-0.2822265625,-1.8167939186, 2.0000000000, -0.1832061112
1497170067,1.1328125000,-0.0231933594,-0.2697753906,-1.6641221046, 2.2290077209, -0.5954198241
1497180067,1.1325683594,-0.0278320312,-0.2712402344,-1.4961831570, 1.2824426889, -1.0076335669
1497190067,1.1369628906,-0.0200195312,-0.2731933594,-1.4351145029, 1.0992366076, -1.1755725145
1497200067,1.1315917969,-0.0151367188,-0.2780761719,-1.5877863169, 1.0076335669, -1.4351145029
1497210067,1.1330566406,-0.0195312500,-0.2775878906,-1.6183205843, 0.8854961991, -1.3740458488
1497220067,1.1359863281,-0.0151367188,-0.2724609375,-1.4503816366, 0.8396946788, -0.9923664331
1497230067,1.1369628906,-0.0212402344,-0.2829589844,-1.3587785959, 0.6717557311, -1.0839694738
1497240067,1.1337890625,-0.0170898438,-0.2971191406,-1.6183205843, 0.6412213445, -1.0229008198
1497250067,1.1352539062,-0.0195312500,-0.2814941406,-1.5267175436, 1.1603053808, -0.8396946788
1497260067,1.1357421875,-0.0236816406,-0.2841796875,-1.7099236250, 1.4656488895, -0.6870229244
1497270067,1.1308593750,-0.0261230469,-0.2766113281,-1.6946564913, 1.4045801163, -0.6717557311
1497280067,1.1416015625,-0.0258789062,-0.2878417969,-1.5267175436, 1.6488549709, -1.0229008198
1497290067,1.1367187500,-0.0183105469,-0.2810058594,-1.5419846773, 1.2824426889, -0.8396946788
1497300067,1.1403808594,-0.0234375000,-0.2834472656,-1.5114504099, 1.5725190639, -0.8549618125
1497310067,1.1369628906,-0.0207519531,-0.2734375000,-1.6183205843, 2.1526718140, -0.4122137427
1497320067,1.1425781250,-0.0263671875,-0.2741699219,-1.5267175436, 1.9083969593, -0.7175572515
1497330067,1.1311035156,-0.0227050781,-0.2731933594,-1.7709923983, 1.9083969593, -1.0992366076
1497340067,1.1315917969,-0.0190429688,-0.2790527344,-1.5572519302, 1.3740458488, -1.2061069012
1497350067,1.1264648438,-0.0290527344,-0.2790527344,-1.3129770756, 1.3129770756, -1.8320610523
1497360067,1.1337890625,-0.0175781250,-0.2773437500,-1.4351145029, 0.8549618125, -2.1374046803
1497370067,1.1267089844,-0.0202636719,-0.2719726562,-1.6030534506, 0.8244274855, -2.3206107616
1497380067,1.1286621094,-0.0207519531,-0.2839355469,-1.5877863169, 1.1908396482, -2.2900762558
1497390067,1.1413574219,-0.0187988281,-0.2929687500,-1.7709923983, 1.1145038605, -2.2595419884
1497400067,1.1352539062,-0.0124511719,-0.2783203125,-1.7862595320, 1.3740458488, -2.3358778954
1497410067,1.1311035156,-0.0268554688,-0.2902832031,-1.6793893576, 1.3893129826, -2.2900762558
1497420067,1.1232910156,-0.0239257812,-0.2810058594,-1.8167939186, 1.6335878372, -1.9694656134
1497430067,1.1313476562,-0.0217285156,-0.2917480469,-1.8625954390, 1.6946564913, -1.6335878372
1497440067,1.1333007812,-0.0205078125,-0.2746582031,-1.7709923983, 1.9389313459, -1.7404580116
1497450067,1.1352539062,-0.0224609375,-0.2775878906,-1.5114504099, 1.9083969593, -1.8778625727
1497460067,1.1315917969,-0.0212402344,-0.2790527344,-1.4961831570, 1.6183205843, -1.7404580116
1497470067,1.1386718750,-0.0190429688,-0.2729492188,-1.4198473692, 1.0992366076, -2.0458016396
1497480215,1.1435546875,-0.0209960938,-0.2834472656,-1.6183205843, 1.0381679535, -2.1526718140
1497490067,1.1303710938,-0.0207519531,-0.2746582031,-1.5725190639, 0.5496183038, -1.9847328663
1497500067,1.1337890625,-0.0227050781,-0.2854003906,-1.4656488895, 0.3511450291, -1.5267175436
1497510067,1.1274414062,-0.0285644531,-0.2873535156,-1.2519084215, 0.7480915785, -1.4198473692
1497520067,1.1352539062,-0.0207519531,-0.2922363281,-1.2671755552, 0.7786259651, -1.0381679535
1497530067,1.1450195312,-0.0065917969,-0.2783203125,-1.2824426889, 0.7938931584, -1.8320610523
1497540067,1.1145019531,-0.0329589844,-0.2827148438,-1.1908396482, 0.5038167834, -5.3282442093
1497550067,1.1242675781,-0.0148925781,-0.2749023438,-1.2366411686, 0.9465649128, -5.8931298256
1497560067,1.1306152344,-0.0131835938,-0.2805175781,-1.2519084215, 1.4198473692, -3.2977099419
1497570067,1.1193847656,-0.0324707031,-0.2836914062,-1.1145038605, 0.8396946788, -2.1221373081
1497580067,1.1274414062,-0.0256347656,-0.2788085938,-1.3129770756, 0.7328244448, -2.1832060814
1497590067,1.1433105469,-0.0156250000,-0.2783203125,-1.7709923983, 1.8931298256, -1.2824426889
1497600067,1.1464843750,-0.0187988281,-0.2841796875,-2.1526718140, 2.7786259651, -1.4198473692
1497610067,1.1455078125,-0.0192871094,-0.2692871094,-2.1679389477, 2.4122138023, -4.4580154419
1497620067,1.1267089844,-0.0185546875,-0.2595214844,-2.0763359070, 0.8244274855, -6.2900762558
1497630067,1.1291503906,-0.0151367188,-0.2648925781,-1.4656488895, 0.1526717544, -6.6870226860
1497640067,1.1374511719,-0.0114746094,-0.2890625000,-1.6335878372, 0.5954198241, -5.9541983604
1497650067,1.1403808594,-0.0117187500,-0.2922363281,-1.2213740349, 1.1297709942, -5.0839695930
1497660067,1.1269531250,-0.0092773438,-0.2978515625,-0.6717557311, 1.0534350872, -5.1603055000
1497670067,1.1262207031,-0.0109863281,-0.2980957031,-0.5038167834, 0.5801526904, -5.1908397675
1497680067,1.1286621094,-0.0092773438,-0.2983398438,-0.5496183038, 0.4427480996, -5.0992364883
1497690067,1.1335449219,-0.0146484375,-0.2934570312,-0.7938931584, 1.4503816366, -5.4656486511
1497700067,1.1459960938,-0.0078125000,-0.2880859375,-1.0839694738, 2.5648853779, -5.2519083023
1497710067,1.1433105469,-0.0017089844,-0.2822265625,-1.3129770756, 3.8320610523, -4.4732823372
1497720067,1.1337890625,-0.0068359375,-0.2731933594,-1.3587785959, 4.1374044418, -4.3053436279
1497730067,1.1325683594,-0.0173339844,-0.2629394531,-1.8167939186, 3.6335878372, -4.3053436279
1497740067,1.1315917969,-0.0039062500,-0.2653808594,-1.7404580116, 2.8091602325, -4.1221375465
1497750067,1.1340332031,-0.0073242188,-0.2705078125,-2.2290077209, 1.8625954390, -3.2824428082
1497760067,1.1328125000,-0.0070800781,-0.2819824219,-1.8167939186, 1.5877863169, -2.8549618721
1497770067,1.1384277344,-0.0131835938,-0.2775878906,-2.1068701744, 1.9541984797, -2.5801527500
1497780067,1.1313476562,-0.0173339844,-0.2795410156,-2.0610687733, 1.9541984797, -2.3511450291
1497790067,1.1320800781,-0.0151367188,-0.2719726562,-1.8015266657, 2.1679389477, -2.7480916977
1497800067,1.1413574219,-0.0195312500,-0.2592773438,-1.5725190639, 1.8015266657, -2.7633588314
1497810067,1.1311035156,-0.0222167969,-0.2604980469,-1.8931298256, 0.8854961991, -2.8702290058
1497820067,1.1403808594,-0.0229492188,-0.2683105469,-1.8167939186, -0.1221374050, -3.9694657326
1497830067,1.1672363281,-0.0100097656,-0.2832031250,-1.6793893576, -0.4427480996, -2.7480916977
1497840067,1.1545410156,-0.0070800781,-0.2973632812,-1.7099236250, -0.8396946788, -1.2519084215
1497850067,1.1440429688,-0.0087890625,-0.3007812500,-1.7404580116, -0.6259542108, -0.9160305262
1497860067,1.1347656250,-0.0192871094,-0.2954101562,-1.3282443285, 0.1679389328, -1.2061069012
1497870067,1.1120605469,-0.0114746094,-0.2971191406,-1.7251908779, 0.8549618125, -1.1450381279
1497880067,1.1179199219,-0.0068359375,-0.2983398438,-1.4045801163, 1.7709923983, -2.0763359070
1497890067,1.1174316406,-0.0078125000,-0.2895507812,-1.7099236250, 3.1450381279, -2.4732823372
1497900067,1.1296386719,-0.0051269531,-0.2893066406,-1.5572519302, 4.2748093605, -2.5801527500
1497910067,1.1252441406,-0.0061035156,-0.2819824219,-1.7099236250, 4.8091602325, -2.3358778954
1497920067,1.1108398438,-0.0153808594,-0.2697753906,-1.8015266657, 4.4732823372, -2.4427480698
1497930067,1.1108398438,-0.0061035156,-0.2724609375,-1.9847328663, 3.5267176628, -2.7786259651
1497940067,1.1103515625,-0.0129394531,-0.2602539062,-2.5190839767, 2.6564886570, -2.3511450291
1497950067,1.1191406250,-0.0095214844,-0.2768554688,-3.1908397675, 1.6030534506, -1.2519084215
1497960067,1.1391601562,-0.0139160156,-0.2839355469,-3.1908397675, 1.0839694738, -0.8244274855
1497970067,1.1394042969,-0.0112304688,-0.2902832031,-3.7557251453, 1.3435114622, -0.3358778656
1497980067,1.1635742188,-0.0085449219,-0.2893066406,-3.7557251453, 2.0152671337, 0.0763358772
1497990067,1.1699218750,-0.0095214844,-0.2924804688,-3.2213740349, 2.5648853779, -0.5190839767
1498000067,1.1655273438,-0.0073242188,-0.2834472656,-2.5954198837, 2.5496182442, -0.8244274855
1498010067,1.1706542969,-0.0190429688,-0.2707519531,-1.9541984797, 2.4885497093, -1.5419846773
1498020067,1.1738281250,-0.0146484375,-0.2624511719,-1.7557251453, 2.5343511105, -0.8549618125
1498030067,1.1520996094,-0.0217285156,-0.2739257812,-1.6030534506, 1.2213740349, -0.2442748100
1498040067,1.1550292969,-0.0180664062,-0.2702636719,-1.3740458488, 0.1526717544, -0.9465649128
1498050067,1.1611328125,-0.0139160156,-0.2719726562,-1.3893129826, -0.5190839767, -0.7938931584
1498060067,1.1691894531,-0.0141601562,-0.2841796875,-0.9007633328, -0.8702290058, -2.0458016396
1498070067,1.1608886719,-0.0095214844,-0.2802734375,-0.8396946788, -1.2213740349, -1.8778625727
1498080067,1.1491699219,-0.0126953125,-0.2868652344,-0.8091602921, -1.2366411686, -1.7709923983
1498090067,1.1428222656,-0.0166015625,-0.2854003906,-0.1221374050, 0.0458015278, -2.5190839767
1498100067,1.1389160156,-0.0007324219,-0.2890625000,0.0916030556, 1.9083969593, -2.6259541512
1498110067,1.1560058594,-0.0024414062,-0.3046875000,0.4580152631, 5.7557253838, -2.2442748547
1498120067,1.1545410156,-0.0031738281,-0.3112792969,0.1679389328, 10.5038166046, -1.2824426889
1498130067,1.1110839844,-0.0126953125,-0.2795410156,0.2900763452, 12.8244276047, -3.6946563721
1498140067,1.0561523438,0.0075683594,-0.2485351562,0.1984732896, 12.4427480698, -5.7404580116
1498150067,0.9973144531,0.0244140625,-0.1992187500,-0.4122137427, 10.7786254883, -5.3587784767
1498160067,0.9824218750,0.0148925781,-0.1733398438,-0.8244274855, 7.0992364883, -5.8320612907
1498170067,1.0239257812,-0.0151367188,-0.1567382812,-1.1145038605, 2.1984732151, -9.4351148605
1498180067,1.0800781250,-0.0190429688,-0.1662597656,-1.2519084215, -3.1297709942, -11.7862596512
1498190067,1.0986328125,-0.0258789062,-0.2041015625,-0.9007633328, -7.8625955582, -12.7633590698
1498200067,1.1105957031,-0.0214843750,-0.2456054688,-1.1755725145, -10.7786254883, -10.8244276047
1498210067,1.1110839844,-0.0136718750,-0.3020019531,-1.4809160233, -10.5648851395, -8.2748088837
1498220067,1.1110839844,-0.0019531250,-0.3295898438,-2.0000000000, -9.5572519302, -6.5496182442
1498230067,1.1157226562,0.0019531250,-0.3605957031,-2.2748091221, -7.1908397675, -6.8396945000
1498240067,1.1435546875,0.0231933594,-0.3652343750,-3.1603052616, -2.0763359070, -4.8091602325
1498250067,1.1303710938,0.0305175781,-0.3503417969,-3.3587787151, 3.6030533314, -1.1145038605
1498260067,1.1174316406,0.0256347656,-0.3188476562,-3.4656488895, 8.2442750931, 1.7251908779
1498270067,1.0991210938,0.0227050781,-0.2829589844,-3.9847328663, 9.5877866745, 3.3740458488
1498280067,1.0935058594,0.0068359375,-0.2551269531,-4.0000000000, 7.7709922791, 5.3282442093
1498290067,1.1403808594,-0.0178222656,-0.2478027344,-3.7557251453, 4.4274806976, 4.1221375465
1498300067,1.1687011719,-0.0258789062,-0.2480468750,-3.0687022209, 0.0610687025, 1.2824426889
1498310067,1.2062988281,-0.0124511719,-0.2597656250,-2.5954198837, -3.6946563721, -0.7175572515
1498320067,1.2473144531,-0.0205078125,-0.2792968750,-2.1526718140, -6.3816795349, -1.2519084215
1498330067,1.2792968750,-0.0275878906,-0.3063964844,-1.4961831570, -6.7328243256, -2.3816792965
1498340067,1.2490234375,-0.0075683594,-0.3354492188,-0.6106870174, -7.1297707558, -2.3969466686
1498350067,1.1999511719,0.0070800781,-0.3327636719,-0.1068702266, -7.8778624535, -2.2442748547
1498360067,1.1992187500,0.0058593750,-0.3186035156,0.2290076315, -5.8015265465, -3.1908397675
1498370067,1.2136230469,0.0114746094,-0.3183593750,0.1068702266, -1.9847328663, -2.9007632732
1498380067,1.2028808594,0.0004882812,-0.3098144531,-0.3511450291, 1.8931298256, -2.7633588314
1498390067,1.1857910156,-0.0039062500,-0.3002929688,-0.6870229244, 4.6106872559, -3.6488549709
1498400067,1.1577148438,0.0014648438,-0.2792968750,-1.0687023401, 5.8625955582, -4.3969464302
1498410067,1.1457519531,0.0061035156,-0.2778320312,-1.4961831570, 5.3435115814, -4.7633585930
1498420067,1.1220703125,0.0053710938,-0.2612304688,-1.8015266657, 3.7404580116, -5.3587784767
1498430067,1.1196289062,0.0097656250,-0.2719726562,-2.1221373081, 1.7709923983, -5.2061066628
1498440067,1.1267089844,0.0195312500,-0.2910156250,-2.3206107616, 0.9465649128, -4.0458016396
1498450067,1.1250000000,0.0207519531,-0.3056640625,-2.2290077209, 1.7099236250, -3.6335878372
1498460067,1.1166992188,0.0266113281,-0.3217773438,-2.3206107616, 3.6946563721, -2.2595419884
1498470067,1.1250000000,0.0075683594,-0.3269042969,-1.9236640930, 6.7633585930, -2.3969466686
1498480220,1.1384277344,0.0185546875,-0.3332519531,-1.6183205843, 11.3740453720, -2.4427480698
1498490087,1.1757812500,0.0187988281,-0.3349609375,-1.7099236250, 17.7404575348, -3.3587787151
1498500067,1.1684570312,0.0263671875,-0.3002929688,-1.5572519302, 24.7786254883, -4.3206105232
1498510067,1.0437011719,0.0244140625,-0.2353515625,-1.1603053808, 28.1984729767, -5.1603055000
1498520067,0.9858398438,0.0173339844,-0.1594238281,-1.0992366076, 27.0839691162, -5.0534353256
1498530067,1.0168457031,-0.0168457031,-0.1093750000,-0.5954198241, 22.1526718140, -5.4045801163
1498540067,1.0214843750,-0.0300292969,-0.0749511719,-0.6259542108, 13.6946563721, -5.8320612907
1498550067,1.0009765625,-0.0400390625,-0.0620117188,-0.9923664331, 1.4503816366, -6.1526718140
1498560067,1.0131835938,-0.0512695312,-0.0739746094,-1.8778625727, -9.4351148605, -7.0229005814
1498570067,1.0493164062,-0.0390625000,-0.1242675781,-2.5954198837, -17.9694652557, -5.6335878372
1498610067,1.1977539062,0.0046386719,-0.4013671875,-4.5038166046, -17.5114498138, 1.2213740349
1498620067,1.1826171875,0.0051269531,-0.4106445312,-2.6870229244, -9.4351148605, 0.9923664331
1498630067,1.1623535156,0.0161132812,-0.4006347656,-1.1755725145, -2.0152671337, 0.1221374050
1498640067,1.1469726562,0.0234375000,-0.3740234375,0.2137404531, 2.5801527500, 0.3511450291
1498650067,1.1352539062,0.0307617188,-0.3435058594,0.8244274855, 3.5267176628, 1.3587785959
1498660067,1.1420898438,0.0236816406,-0.3271484375,1.0687023401, 2.4274809361, 2.3816792965
1498670067,1.1547851562,0.0173339844,-0.3039550781,0.4732824564, 0.5954198241, 4.0305342674
1498680067,1.1718750000,0.0161132812,-0.2961425781,-0.3358778656, -0.3816793859, 5.6946563721
1498690067,1.1662597656,0.0144042969,-0.2922363281,-1.1145038605, -0.5343511701, 6.5648856163
1498700067,1.1584472656,0.0061035156,-0.2810058594,-1.4961831570, -0.4732824564, 6.8244276047
1498710067,1.1459960938,0.0144042969,-0.2836914062,-2.2595419884, -0.3969465792, 6.8091602325
1498720067,1.1323242188,0.0131835938,-0.2834472656,-2.5343511105, 0.2595419884, 7.5725193024
1498730067,1.1147460938,0.0163574219,-0.2939453125,-2.3511450291, 1.3740458488, 7.3129773140
1498740067,1.0957031250,0.0197753906,-0.2907714844,-2.7175571918, 3.7404580116, 7.1450381279
1498750067,1.1206054688,0.0112304688,-0.2905273438,-2.8549618721, 6.7022900581, 7.0992364883
1498760067,1.1357421875,-0.0019531250,-0.2880859375,-2.6106870174, 9.0839691162, 6.0458016396
1498770067,1.1560058594,-0.0302734375,-0.2719726562,-2.0763359070, 9.1908397675, 2.3969466686
1498780067,1.1926269531,-0.0427246094,-0.2661132812,-1.7709923983, 6.8549618721, -2.3816792965
1498790067,1.1811523438,-0.0209960938,-0.2626953125,-1.4503816366, 0.9465649128, -4.1374044418
1498800067,1.1728515625,-0.0004882812,-0.2692871094,-1.3587785959, -3.9083969593, -4.3664121628
1498810067,1.1960449219,-0.0026855469,-0.2788085938,-2.1679389477, -4.4427480698, -4.5038166046
1498820067,1.2080078125,0.0041503906,-0.2956542969,-2.3816792965, -1.1297709942, -3.6641221046
1498830067,1.2050781250,-0.0080566406,-0.2824707031,-2.2137403488, 2.2900762558, -2.9007632732
1498840067,1.1879882812,-0.0058593750,-0.2907714844,-1.9083969593, 4.4580154419, -3.0534350872
1498850067,1.1604003906,-0.0136718750,-0.2753906250,-1.2824426889, 4.7633585930, -3.6488549709
1498860067,1.1442871094,-0.0124511719,-0.2673339844,-0.7938931584, 3.7251908779, -4.0763359070
1498870067,1.1271972656,-0.0029296875,-0.2675781250,-0.5038167834, 2.1221373081, -3.5725190639
1498880067,1.1293945312,-0.0036621094,-0.2836914062,-0.5190839767, 1.5877863169, -3.6641221046
1498890067,1.1032714844,-0.0141601562,-0.2910156250,-0.2595419884, 1.0687023401, -5.7557253838
1498900067,1.1054687500,0.0036621094,-0.2980957031,-0.5190839767, 1.9389313459, -5.3893127441
1498910067,1.1240234375,0.0100097656,-0.2956542969,-0.8702290058, 4.8244276047, -2.1374046803
1498920067,1.1196289062,-0.0029296875,-0.2946777344,-1.1145038605, 6.1221375465, -2.0000000000
1498930067,1.1032714844,-0.0031738281,-0.2871093750,-0.8396946788, 7.1755723953, -3.2519083023
1498940067,1.1235351562,0.0156250000,-0.2846679688,-1.5725190639, 10.5190839767, -3.2366411686
1498950067,1.1191406250,0.0163574219,-0.2875976562,-1.7557251453, 16.0000000000, -5.5114502907
1498960067,1.1074218750,0.0292968750,-0.2424316406,-2.1374046803, 21.3129768372, -9.9847326279
1498970067,1.0854492188,0.0539550781,-0.1909179688,-2.5496182442, 23.7404575348, -14.2442750931
1498980067,1.0134277344,0.0393066406,-0.1386718750,-2.6106870174, 19.3740463257, -13.1908397675
1498990067,0.9848632812,0.0202636719,-0.0976562500,-3.7404580116, 11.0534353256, -12.1526718140
1499000067,0.9951171875,-0.0275878906,-0.0891113281,-4.1068701744, 2.7328243256, -12.6259546280
1499010067,1.0268554688,-0.0375976562,-0.1057128906,-5.0076336861, -5.2671756744, -11.9083967209
1499020067,1.0764160156,-0.0312500000,-0.1589355469,-5.9389314651, -13.7709922791, -11.1450386047
1499030067,1.1540527344,-0.0085449219,-0.2285156250,-7.2977099419, -20.1374053955, -9.6183204651
1499040067,1.2043457031,0.0102539062,-0.3073730469,-7.5725193024, -24.2137413025, -6.1068701744
1499050067,1.2399902344,0.0175781250,-0.3642578125,-7.5877861977, -23.8778629303, -2.3969466686
1499060067,1.2316894531,0.0185546875,-0.4133300781,-6.9465646744, -18.9160308838, 0.3206106722
1499070067,1.1904296875,0.0322265625,-0.4304199219,-5.2519083023, -12.2595415115, 2.1832060814
1499080067,1.1618652344,0.0317382812,-0.4289550781,-3.3587787151, -5.8320612907, 3.1755726337
1499090067,1.1503906250,0.0144042969,-0.4106445312,-1.4809160233, 0.4885496199, 1.9847328663
1499100067,1.1591796875,0.0163574219,-0.3891601562,-0.0152671756, 7.2061066628, 2.1679389477
1499110067,1.1569824219,0.0170898438,-0.3359375000,0.8091602921, 11.2519083023, 3.5572519302
1499120067,1.1577148438,0.0092773438,-0.3034667969,0.8549618125, 11.6793889999, 5.2213740349
1499130067,1.1328125000,-0.0075683594,-0.2609863281,0.2290076315, 9.6946563721, 4.4732823372
1499140067,1.1098632812,-0.0024414062,-0.2536621094,-1.0534350872, 7.1145038605, 3.8778626919
1499150067,1.1228027344,-0.0063476562,-0.2534179688,-1.9847328663, 5.6183204651, 2.9770991802
1499160067,1.1479492188,-0.0056152344,-0.2585449219,-3.0229008198, 4.6106872559, 3.6946563721
1499170067,1.1835937500,-0.0146484375,-0.2683105469,-3.2977099419, 3.7099237442, 3.2213740349
1499180067,1.2170410156,-0.0092773438,-0.2763671875,-3.0076336861, 3.5572519302, 3.0229008198
1499190067,1.1875000000,-0.0053710938,-0.2807617188,-2.5038168430, 2.1832060814, 4.0305342674
1499200067,1.1755371094,-0.0156250000,-0.2707519531,-1.7709923983, 1.0381679535, 3.2366411686
1499210067,1.1616210938,-0.0239257812,-0.2563476562,-0.6564885378, 1.0687023401, 0.4885496199
1499220067,1.1706542969,-0.0036621094,-0.2521972656,0.0305343512, 1.6335878372, -1.2213740349
1499230067,1.1733398438,0.0021972656,-0.2534179688,0.2748091519, 2.8091602325, -0.9770992398
1499240067,1.1555175781,0.0012207031,-0.2614746094,0.4274809062, 3.7862596512, -1.4351145029
1499250067,1.1538085938,-0.0024414062,-0.2736816406,0.7022900581, 5.1755723953, -2.5343511105
1499260067,1.1496582031,0.0078125000,-0.2722167969,0.6564885378, 6.0763359070, -2.9923663139
1499270067,1.1420898438,0.0146484375,-0.2744140625,0.9160305262, 6.8854961395, -2.5954198837
1499280067,1.1264648438,0.0148925781,-0.2668457031,0.8091602921, 6.1068701744, -2.0610687733
1499290067,1.1303710938,0.0131835938,-0.2712402344,1.0992366076, 5.4351143837, -1.7099236250
1499300067,1.1411132812,0.0051269531,-0.2673339844,1.3282443285, 4.9160304070, -0.6259542108
1499310086,1.1379394531,-0.0041503906,-0.2780761719,1.4961831570, 6.2595419884, -3.0534350872
1499320067,1.1047363281,0.0183105469,-0.2678222656,1.5877863169, 8.3358774185, -7.4961833954
1499330067,1.0837402344,0.0397949219,-0.2590332031,1.0076335669, 12.2442750931, -8.3206110001
1499340067,1.0537109375,0.0268554688,-0.2185058594,0.2748091519, 15.5725193024, -10.5954198837
1499350067,1.0124511719,0.0163574219,-0.1726074219,-0.8854961991, 16.3358783722, -11.2977094650
1499360067,1.0441894531,0.0124511719,-0.1403808594,-2.1679389477, 14.4274806976, -15.7251911163
1499370067,1.0539550781,0.0034179688,-0.1020507812,-3.4656488895, 9.4961833954, -16.4732818604
1499380067,1.0173339844,-0.0227050781,-0.0881347656,-4.5496182442, -0.5648854971, -15.0687026978
1499390067,1.0319824219,-0.0178222656,-0.1052246094,-5.8625955582, -12.7022905350, -13.0839691162
1499400116,1.1369628906,-0.0031738281,-0.1845703125,-7.0992364883, -23.2977104187, -10.9465646744
1499410067,1.1914062500,0.0139160156,-0.2656250000,-6.8854961395, -30.2290077209, -7.2061066628
1499420067,1.2216796875,0.0207519531,-0.3349609375,-6.7480916977, -32.1221389771, -3.9236640930
1499430067,1.2148437500,0.0256347656,-0.4155273438,-5.6183204651, -28.4122142792, -1.9847328663
1499440067,1.1933593750,0.0300292969,-0.4460449219,-3.8320610523, -20.4427490234, 0.3053435087
1499450067,1.1613769531,0.0373535156,-0.4592285156,-2.0000000000, -10.6870231628, 2.1526718140
1499460067,1.1391601562,0.0336914062,-0.4333496094,-0.2900763452, -0.8396946788, 2.9465649128
1499470067,1.1394042969,0.0302734375,-0.3962402344,0.6717557311, 6.9923663139, 3.8015267849
1499480214,1.1579589844,0.0273437500,-0.3352050781,1.3435114622, 10.8244276047, 4.7175574303
1499490067,1.1496582031,0.0175781250,-0.2929687500,1.5114504099, 10.7786254883, 4.6564884186
1499500067,1.1350097656,0.0034179688,-0.2651367188,1.0534350872, 9.2061071396, 3.8778626919
1499510067,1.1254882812,-0.0046386719,-0.2536621094,0.0458015278, 7.2977099419, 2.6106870174
1499520067,1.1306152344,-0.0017089844,-0.2712402344,-0.9923664331, 6.7786259651, 2.9770991802
1499530067,1.1499023438,0.0090332031,-0.2932128906,-2.1832060814, 7.9541983604, 3.4198472500
1499540067,1.1599121094,0.0205078125,-0.2783203125,-2.8702290058, 9.6335878372, 4.0610685349
1499550067,1.1318359375,-0.0029296875,-0.2744140625,-2.9160306454, 10.1221370697, 2.5954198837
1499560067,1.1137695312,0.0083007812,-0.2397460938,-3.0229008198, 10.0916032791, 2.8549618721
1499570067,1.1408691406,0.0136718750,-0.2365722656,-2.7633588314, 9.4351148605, 5.3129773140
1499580067,1.1606445312,-0.0004882812,-0.2463378906,-2.3969466686, 7.2519083023, 5.8320612907
1499590067,1.1625976562,-0.0051269531,-0.2478027344,-2.4885497093, 4.0916032791, 6.7175574303
1499600067,1.1650390625,-0.0043945312,-0.2565917969,-2.0152671337, 2.1068701744, 8.0916032791
1499610067,1.1726074219,-0.0180664062,-0.2646484375,-1.6183205843, 1.8931298256, 7.3893127441
1499620067,1.1674804688,-0.0300292969,-0.2604980469,-0.6259542108, 3.8625953197, 2.7633588314
1499630067,1.1523437500,-0.0192871094,-0.2626953125,-0.4580152631, 6.0305342674, -0.2442748100
1499640067,1.1596679688,-0.0009765625,-0.2622070312,0.1832061112, 6.9160304070, -1.1755725145
1499650067,1.1672363281,0.0004882812,-0.2668457031,0.5038167834, 6.9160304070, -1.8167939186
1499660067,1.1569824219,-0.0004882812,-0.2524414062,0.9312977195, 5.8625955582, -3.1603052616
1499670067,1.1423339844,0.0063476562,-0.2680664062,0.9923664331, 4.5038166046, -4.6106872559
1499680067,1.1354980469,0.0178222656,-0.2763671875,0.3511450291, 3.9694657326, -5.0381679535
1499690067,1.1411132812,0.0195312500,-0.2797851562,-0.2595419884, 3.5572519302, -4.5190839767
1499700067,1.1479492188,0.0185546875,-0.2705078125,-0.8549618125, 3.9083969593, -4.3664121628
1499710067,1.1323242188,0.0170898438,-0.2702636719,-1.1908396482, 4.6717557907, -4.3816795349
1499720067,1.1286621094,0.0104980469,-0.2683105469,-1.8320610523, 4.9465646744, -3.7862596512
1499730067,1.1477050781,0.0083007812,-0.2617187500,-1.8015266657, 6.2137403488, -3.3435113430
1499740067,1.1589355469,0.0102539062,-0.2553710938,-1.4961831570, 7.6488547325, -4.4122138023
1499750067,1.1428222656,0.0251464844,-0.2507324219,-0.9770992398, 8.1221370697, -6.7328243256
1499760067,1.1135253906,0.0185546875,-0.2321777344,-0.3206106722, 8.5343513489, -10.5190839767
1499770067,1.0957031250,0.0371093750,-0.2021484375,0.1832061112, 9.6793889999, -17.4503822327
1499780067,1.0454101562,0.0903320312,-0.1987304688,-0.3969465792, 11.0229005814, -22.3816795349
1499790067,1.0085449219,0.0629882812,-0.1625976562,-0.9923664331, 10.2900762558, -22.0305347443
1499800067,0.9750976562,0.0151367188,-0.1130371094,-0.9007633328, 6.3206105232, -20.2442741394
1499810067,0.9829101562,-0.0234375000,-0.0942382812,-1.8625954390, -0.5801526904, -20.5038166046
1499820067,1.0571289062,-0.0332031250,-0.1010742188,-2.6412212849, -7.1755723953, -19.6641216278
1499830067,1.1208496094,-0.0241699219,-0.1457519531,-3.9541983604, -16.0458011627, -18.4122142792
1499840067,1.1740722656,-0.0029296875,-0.2060546875,-4.2442746162, -25.0076332092, -14.7480916977
1499850067,1.2287597656,0.0275878906,-0.2641601562,-4.7480916977, -30.5954189301, -8.4427480698
1499860067,1.2358398438,0.0136718750,-0.3383789062,-4.6564884186, -32.2137413025, -4.3358778954
1499870067,1.2128906250,0.0039062500,-0.4042968750,-3.2366411686, -29.3282451630, -3.9541983604
1499880067,1.1914062500,0.0144042969,-0.4443359375,-0.7938931584, -20.6717548370, -2.8854961395
1499890067,1.1469726562,0.0383300781,-0.4802246094,0.3816793859, -10.0458011627, 0.7022900581
1499900067,1.1328125000,0.0510253906,-0.4550781250,1.7404580116, -0.1679389328, 3.7099237442
1499910067,1.1257324219,0.0390625000,-0.4140625000,3.0992367268, 6.1374044418, 4.6564884186
1499920067,1.1201171875,0.0329589844,-0.3518066406,3.4656488895, 8.4274806976, 3.4961831570
1499930067,1.1181640625,0.0336914062,-0.3020019531,2.7786259651, 8.7328243256, 3.3282442093
1499940067,1.1315917969,0.0295410156,-0.2731933594,1.3129770756, 8.9770994186, 3.0687022209
1499950067,1.1376953125,0.0244140625,-0.2495117188,-0.8549618125, 8.8244276047, 2.8854961395
1499960067,1.1286621094,0.0231933594,-0.2407226562,-2.8854961395, 8.0152673721, 4.2442746162
1499970067,1.1225585938,0.0229492188,-0.2521972656,-4.5190839767, 6.7022900581, 5.8778624535
1499980067,1.1469726562,0.0224609375,-0.2622070312,-5.3129773140, 5.4351143837, 6.7938933372
1499990067,1.1813964844,0.0087890625,-0.2675781250,-5.9236640930, 4.8244276047, 6.6412215233
1500000067,1.1997070312,0.0209960938,-0.2814941406,-6.1221375465, 4.1984734535, 7.8167939186
1500010067,1.2036132812,0.0148925781,-0.2814941406,-5.5877861977, 3.4351146221, 8.8244276047
1500020067,1.1950683594,0.0080566406,-0.2792968750,-4.3816795349, 2.5648853779, 9.2977094650
1500030067,1.1892089844,-0.0007324219,-0.2763671875,-3.3129770756, 2.0763359070, 8.4580154419
1500040067,1.1914062500,0.0063476562,-0.2783203125,-2.0152671337, 3.8015267849, 5.5114502907
1500050067,1.1889648438,0.0239257812,-0.2744140625,-1.0076335669, 7.0381679535, 3.2824428082
1500060067,1.1750488281,0.0261230469,-0.2746582031,-0.6564885378, 10.0305347443, 1.6030534506
1500070067,1.1586914062,0.0339355469,-0.2626953125,-0.7328244448, 11.7557249069, 0.7938931584
1500080067,1.1315917969,0.0292968750,-0.2517089844,-0.9465649128, 11.5725193024, 1.8625954390
1500090067,1.1101074219,0.0300292969,-0.2416992188,-1.2213740349, 10.1984729767, 2.3053436279
1500100067,1.1179199219,0.0253906250,-0.2497558594,-1.0992366076, 8.4427480698, 1.8931298256
1500110067,1.1291503906,0.0202636719,-0.2597656250,-0.7633587718, 6.6259541512, 1.4503816366
1500120067,1.1357421875,0.0183105469,-0.2626953125,-0.2748091519, 5.8320612907, 1.0992366076
1500130067,1.1420898438,0.0014648438,-0.2702636719,0.0000000000, 6.0305342674, -0.4732824564
1500140067,1.1589355469,0.0141601562,-0.2756347656,0.3969465792, 6.9770994186, -1.7099236250
1500150067,1.1784667969,0.0170898438,-0.2832031250,1.2519084215, 8.8396949768, -2.3816792965
1500160067,1.1743164062,0.0349121094,-0.2871093750,1.2213740349, 10.7938928604, -4.1374044418
1500170067,1.1721191406,0.0180664062,-0.2941894531,2.2137403488, 13.2824430466, -7.3893127441
1500180067,1.1564941406,-0.0090332031,-0.2790527344,2.6412212849, 16.8854961395, -12.9465646744
1500190067,1.1816406250,-0.0180664062,-0.2641601562,2.8702290058, 22.6870231628, -18.3053436279
1500200067,1.1552734375,-0.0156250000,-0.2270507812,3.7862596512, 25.9541988373, -21.8625946045
1500210067,1.0476074219,-0.0285644531,-0.1567382812,4.7175574303, 21.7251911163, -20.5496177673
1500220067,0.9541015625,-0.0581054688,-0.1054687500,5.3435115814, 10.0305347443, -22.0000000000
1500230067,0.9833984375,-0.0615234375,-0.0808105469,7.2366414070, -2.0610687733, -24.0152664185
1500240067,1.0571289062,-0.0520019531,-0.0883789062,8.1221370697, -12.1526718140, -24.0763359070
1500250067,1.1176757812,-0.0087890625,-0.1174316406,7.2671756744, -20.6564884186, -22.1374053955
1500260067,1.1506347656,0.0195312500,-0.1589355469,6.3969464302, -27.1755733490, -20.2748088837
1500270067,1.1628417969,0.0600585938,-0.1953125000,4.7938933372, -29.8778629303, -18.8244266510
1500280067,1.1442871094,0.0854492188,-0.2392578125,3.1908397675, -28.7480907440, -17.2671756744
1500290067,1.1420898438,0.1096191406,-0.3142089844,2.5801527500, -24.4122142792, -14.3664121628
1500300067,1.1398925781,0.1159667969,-0.3688964844,2.2748091221, -17.1755733490, -10.5801525116
1500310067,1.1296386719,0.1081542969,-0.3959960938,2.6412212849, -10.1679391861, -7.1450381279
1500320067,1.0969238281,0.1020507812,-0.4079589844,3.0534350872, -5.1603055000, -4.7480916977
1500330067,1.1081542969,0.1010742188,-0.3972167969,2.9618320465, -0.6564885378, -2.4885497093
1500340067,1.1279296875,0.0798339844,-0.3859863281,2.1526718140, 4.2442746162, -0.4122137427
1500350067,1.1384277344,0.0568847656,-0.3417968750,0.8549618125, 7.6488547325, 2.1374046803
1500360067,1.1401367188,0.0402832031,-0.2812500000,0.2748091519, 9.2366409302, 3.5419847965
1500370067,1.1240234375,0.0341796875,-0.2316894531,-0.9312977195, 7.6946563721, 3.4503817558
1500380067,1.1206054688,0.0424804688,-0.2160644531,-2.3511450291, 3.8015267849, 3.2671756744
1500390067,1.1225585938,0.0488281250,-0.2150878906,-4.1221375465, 0.1068702266, 3.4045801163
1500400067,1.1196289062,0.0537109375,-0.2231445312,-5.4045801163, -1.5572519302, 3.2977099419
1500410067,1.1267089844,0.0434570312,-0.2182617188,-5.6641221046, -1.4351145029, 3.1603052616
1500420067,1.1145019531,0.0498046875,-0.2285156250,-6.2290077209, -0.1526717544, 2.8702290058
1500430067,1.1193847656,0.0495605469,-0.2319335938,-6.0610685349, 0.8702290058, 3.3740458488
1500440067,1.1198730469,0.0515136719,-0.2395019531,-5.8167939186, 1.6488549709, 4.7175574303
1500450067,1.1127929688,0.0468750000,-0.2382812500,-5.2519083023, 0.9923664331, 5.6030535698
1500460067,1.1088867188,0.0334472656,-0.2343750000,-4.7022900581, 0.1221374050, 4.4580154419
1500470067,1.1289062500,0.0307617188,-0.2497558594,-5.0687022209, -1.4503816366, 2.6564886570
1500480215,1.1667480469,0.0410156250,-0.2673339844,-5.4198474884, -2.6564886570, 3.1450381279
1500490067,1.1711425781,0.0451660156,-0.2910156250,-5.7099237442, -3.0534350872, 6.1068701744
1500500067,1.1835937500,0.0405273438,-0.3041992188,-5.9389314651, -2.7022900581, 8.1068706512
1500510067,1.1765136719,0.0209960938,-0.3044433594,-5.8625955582, -1.7709923983, 8.8396949768
1500520067,1.1733398438,0.0114746094,-0.3044433594,-5.6183204651, -0.9923664331, 9.0992364883
1500530067,1.1777343750,0.0119628906,-0.3000488281,-5.0534353256, 0.3664122224, 9.2366409302
1500540067,1.1687011719,0.0104980469,-0.2956542969,-4.7328243256, 0.8702290058, 8.7633590698
1500550067,1.1689453125,0.0183105469,-0.2885742188,-4.1068701744, 1.1450381279, 7.8625955582
1500560067,1.1635742188,0.0141601562,-0.2858886719,-4.0610685349, 0.9770992398, 7.3587784767
1500570067,1.1569824219,0.0190429688,-0.2944335938,-4.0000000000, 1.1145038605, 7.0076336861
1500580067,1.1511230469,0.0241699219,-0.2944335938,-4.1526718140, 1.5267175436, 6.9007635117
1500590067,1.1403808594,0.0190429688,-0.3056640625,-4.1221375465, 2.6106870174, 6.9007635117
1500600067,1.1542968750,0.0275878906,-0.3005371094,-3.9083969593, 3.9236640930, 6.8854961395
1500610067,1.1550292969,0.0187988281,-0.3066406250,-3.5114502907, 5.4656486511, 6.4122138023
1500620397,1.1572265625,0.0156250000,-0.2954101562,-2.9007632732, 6.8091602325, 5.3587784767
1500630067,1.1462402344,0.0197753906,-0.2819824219,-2.3969466686, 7.2824425697, 5.0534353256
1500640067,1.1330566406,0.0161132812,-0.2727050781,-2.0152671337, 7.5267176628, 4.9007635117
1500650067,1.1381835938,0.0156250000,-0.2617187500,-1.3282443285, 7.6793894768, 4.6717557907
1500660067,1.1298828125,0.0065917969,-0.2619628906,-0.5343511701, 7.6030535698, 3.7404580116
1500670067,1.1440429688,0.0043945312,-0.2548828125,-0.3053435087, 8.0152673721, 3.1450381279
1500680067,1.1433105469,0.0000000000,-0.2563476562,-0.1221374050, 7.8778624535, 2.4274809361
1500690067,1.1420898438,0.0031738281,-0.2514648438,0.2290076315, 7.2213740349, 2.1068701744
1500700067,1.1396484375,0.0029296875,-0.2585449219,0.1068702266, 6.7328243256, 1.3740458488
1500710067,1.1474609375,-0.0007324219,-0.2436523438,-0.0763358772, 6.2748093605, 0.7786259651
1500720067,1.1274414062,0.0026855469,-0.2382812500,-0.3969465792, 5.4809160233, 0.6717557311
1500730067,1.1162109375,0.0026855469,-0.2346191406,-0.3511450291, 4.2442746162, -0.0763358772
1500740067,1.1210937500,0.0019531250,-0.2524414062,-0.4885496199, 3.3435113430, -0.1984732896
1500750067,1.1257324219,0.0065917969,-0.2385253906,-0.4885496199, 2.9770991802, -1.1908396482
1500760067,1.1328125000,0.0134277344,-0.2568359375,-0.7633587718, 2.4274809361, -1.3435114622
1500770067,1.1389160156,0.0063476562,-0.2563476562,-0.9465649128, 2.0458016396, -1.5267175436
1500780067,1.1542968750,0.0126953125,-0.2482910156,-0.9160305262, 1.3282443285, -1.5114504099
1500790067,1.1625976562,0.0187988281,-0.2546386719,-1.3893129826, 1.4809160233, -1.7251908779
1500800067,1.1596679688,0.0146484375,-0.2507324219,-1.6030534506, 1.7862595320, -1.6183205843
1500810067,1.1557617188,0.0156250000,-0.2543945312,-1.4961831570, 1.5877863169, -0.7175572515
1500820067,1.1506347656,0.0117187500,-0.2604980469,-1.1908396482, 1.2366411686, -0.8854961991
1500830067,1.1630859375,0.0249023438,-0.2675781250,-0.6717557311, 0.9618320465, -1.0687023401
1500840067,1.1662597656,0.0156250000,-0.2719726562,-0.5038167834, 0.9618320465, -1.1755725145
1500850067,1.1472167969,0.0126953125,-0.2812500000,-0.2748091519, 0.9770992398, -2.6106870174
1500860067,1.1550292969,0.0046386719,-0.2717285156,0.0000000000, 3.0229008198, -0.9770992398
1500870067,1.1711425781,-0.0046386719,-0.2802734375,0.0610687025, 4.7480916977, 0.5038167834
1500880067,1.1369628906,-0.0095214844,-0.2575683594,0.7786259651, 4.7938933372, -0.4580152631
1500890067,1.1032714844,0.0046386719,-0.2336425781,0.3969465792, 4.0152673721, 0.1068702266
1500900067,1.1062011719,-0.0009765625,-0.2150878906,0.1526717544, 3.2824428082, 1.9083969593
