time,xacc,yacc,zacc,xgyro,ygyro,zgyro
121840067,1.1088867188,0.1713867188,-0.2810058594,-1.5267175436, 0.3358778656, -0.7022900581
121850067,1.1140136719,0.1777343750,-0.2893066406,-1.9389313459, -1.0381679535, -0.5648854971
121860067,1.1096191406,0.1701660156,-0.2980957031,-2.1374046803, -1.4961831570, -0.7175572515
121870067,1.1169433594,0.1708984375,-0.3059082031,-2.2748091221, -1.5267175436, -1.1297709942
121880067,1.1118164062,0.1704101562,-0.3144531250,-2.2137403488, -0.6106870174, -1.3893129826
121890067,1.1147460938,0.1782226562,-0.3149414062,-2.3358778954, -0.2137404531, -1.0839694738
121900067,1.1098632812,0.1784667969,-0.3132324219,-2.2748091221, 0.1526717544, -0.9770992398
121910067,1.1123046875,0.1730957031,-0.3139648438,-2.3206107616, -0.3969465792, -0.9160305262
121920067,1.1162109375,0.1816406250,-0.3068847656,-2.2748091221, -0.6106870174, -1.0076335669
121930067,1.1086425781,0.1782226562,-0.3112792969,-2.3358778954, -0.8549618125, -0.9923664331
121940067,1.1164550781,0.1777343750,-0.3071289062,-2.1526718140, -1.1145038605, -0.8091602921
121950067,1.1164550781,0.1708984375,-0.3142089844,-1.8473281860, -0.4885496199, -0.6412213445
121960067,1.1113281250,0.1755371094,-0.3151855469,-2.0152671337, -0.0305343512, -0.5648854971
121970067,1.1074218750,0.1770019531,-0.2995605469,-1.9541984797, 0.3206106722, -0.3816793859
121980067,1.1096191406,0.1743164062,-0.3020019531,-2.1526718140, 0.0916030556, -0.5954198241
121990067,1.1066894531,0.1765136719,-0.3161621094,-2.1984732151, -0.0458015278, -0.4274809062
122000067,1.1096191406,0.1738281250,-0.3024902344,-2.1984732151, -0.3511450291, -0.1526717544
122010067,1.1132812500,0.1755371094,-0.3142089844,-2.2137403488, -1.0229008198, 0.2748091519
122020067,1.1191406250,0.1662597656,-0.3032226562,-1.8625954390, -1.2977099419, 0.2595419884
122030067,1.1242675781,0.1699218750,-0.3237304688,-2.0000000000, -1.2824426889, 0.4885496199
122040067,1.1174316406,0.1694335938,-0.3242187500,-1.8625954390, -0.9770992398, 0.8549618125
122050067,1.1318359375,0.1728515625,-0.3266601562,-1.8778625727, -0.7022900581, 0.9923664331
122060067,1.1186523438,0.1669921875,-0.3156738281,-1.8931298256, 0.4580152631, 1.5419846773
122070067,1.1103515625,0.1694335938,-0.3247070312,-1.7862595320, 1.0992366076, 1.7557251453
122080067,1.1123046875,0.1647949219,-0.3107910156,-1.6793893576, 1.0992366076, 2.0916030407
122090067,1.1081542969,0.1677246094,-0.3024902344,-1.5877863169, 0.7175572515, 2.3053436279
122100067,1.1003417969,0.1555175781,-0.3066406250,-1.6946564913, 0.3969465792, 1.9083969593
122110067,1.1103515625,0.1674804688,-0.3166503906,-2.0763359070, 0.0305343512, 1.5877863169
122120067,1.1057128906,0.1679687500,-0.3210449219,-1.8778625727, -0.0152671756, 1.5114504099
122130067,1.1142578125,0.1667480469,-0.3132324219,-1.9236640930, 0.0305343512, 1.7099236250
122140067,1.1164550781,0.1669921875,-0.3186035156,-2.0152671337, -0.0458015278, 1.7557251453
122150067,1.1054687500,0.1647949219,-0.3071289062,-1.7709923983, 0.0000000000, 0.8702290058
122160067,1.1193847656,0.1696777344,-0.3139648438,-2.1221373081, -0.2442748100, 0.3969465792
122170067,1.1140136719,0.1682128906,-0.3181152344,-1.8167939186, -0.7938931584, -0.1374045759
122180067,1.1142578125,0.1635742188,-0.3181152344,-2.0000000000, -0.8091602921, -0.1832061112
122190067,1.1171875000,0.1674804688,-0.3183593750,-2.0610687733, -0.5496183038, -0.3969465792
122200067,1.1105957031,0.1645507812,-0.3159179688,-2.0000000000, -0.0458015278, -0.3969465792
122210067,1.1032714844,0.1691894531,-0.3181152344,-1.9083969593, 0.2748091519, -0.4885496199
122220067,1.1049804688,0.1635742188,-0.3212890625,-1.8625954390, 0.5343511701, -0.2595419884
122230067,1.1059570312,0.1660156250,-0.3205566406,-1.9389313459, 0.3816793859, -0.1832061112
122240067,1.1074218750,0.1647949219,-0.3095703125,-1.9083969593, 0.3969465792, -0.1374045759
122250067,1.1032714844,0.1647949219,-0.3056640625,-2.1832060814, 0.0458015278, -0.2748091519
122260067,1.1062011719,0.1618652344,-0.3066406250,-2.0000000000, 0.0610687025, -0.5801526904
122270067,1.1105957031,0.1633300781,-0.3142089844,-2.4732823372, 0.5343511701, -0.5648854971
122280067,1.1110839844,0.1669921875,-0.3068847656,-2.0763359070, 0.7786259651, -0.3816793859
122290067,1.1142578125,0.1638183594,-0.3166503906,-2.1984732151, 1.0076335669, -0.1374045759
122300067,1.1091308594,0.1633300781,-0.3061523438,-2.2442748547, 1.2061069012, 0.0610687025
122310067,1.1118164062,0.1630859375,-0.3125000000,-2.2748091221, 1.0076335669, 0.1679389328
122320067,1.1069335938,0.1628417969,-0.3122558594,-2.3358778954, 0.4274809062, -0.1221374050
122330067,1.1047363281,0.1594238281,-0.3222656250,-2.3053436279, 0.0916030556, -0.7022900581
122340067,1.1169433594,0.1618652344,-0.3161621094,-2.1526718140, -0.4885496199, -1.0687023401
122350067,1.1225585938,0.1594238281,-0.3193359375,-2.0916030407, -0.7022900581, -1.6335878372
122360067,1.1213378906,0.1628417969,-0.3195800781,-1.7251908779, -0.9465649128, -1.4351145029
122370067,1.1276855469,0.1733398438,-0.3227539062,-1.5877863169, -0.6564885378, -0.8244274855
122380067,1.1269531250,0.1640625000,-0.3232421875,-1.6030534506, -0.3358778656, -0.6564885378
122390067,1.1105957031,0.1660156250,-0.3310546875,-1.8320610523, 0.3206106722, -0.9770992398
122400067,1.1093750000,0.1567382812,-0.3203125000,-1.7709923983, 0.9618320465, -1.2977099419
122410067,1.1113281250,0.1628417969,-0.3151855469,-2.1679389477, 1.4045801163, -1.9389313459
122420067,1.0998535156,0.1601562500,-0.3115234375,-1.6641221046, 1.6793893576, -1.4503816366
122430067,1.1071777344,0.1677246094,-0.3212890625,-1.9541984797, 1.9083969593, -0.5648854971
122440067,1.1154785156,0.1704101562,-0.3081054688,-2.1679389477, 1.9236640930, 0.0610687025
122450067,1.1059570312,0.1682128906,-0.3122558594,-2.0458016396, 1.7862595320, 0.2290076315
122460067,1.0971679688,0.1677246094,-0.3120117188,-2.0152671337, 1.3587785959, 0.0916030556
122470067,1.0920410156,0.1630859375,-0.3090820312,-2.7175571918, 0.8396946788, -0.2595419884
122480219,1.0927734375,0.1635742188,-0.3166503906,-2.5190839767, 0.2442748100, -0.7328244448
122490067,1.1047363281,0.1616210938,-0.3237304688,-2.4427480698, -0.3664122224, -0.9312977195
122500067,1.1093750000,0.1594238281,-0.3325195312,-2.0305342674, -1.0076335669, -0.8702290058
122510067,1.1203613281,0.1591796875,-0.3261718750,-1.8625954390, -0.8854961991, -0.8396946788
122520067,1.1257324219,0.1667480469,-0.3273925781,-1.8015266657, -0.5954198241, -0.2290076315
122530067,1.1245117188,0.1577148438,-0.3312988281,-1.3587785959, 0.2442748100, -0.1374045759
122540067,1.1181640625,0.1625976562,-0.3276367188,-1.1755725145, 0.6717557311, -0.3816793859
122550067,1.1159667969,0.1542968750,-0.3168945312,-1.2213740349, 1.1450381279, -1.3435114622
122560067,1.1130371094,0.1621093750,-0.3107910156,-1.3587785959, 1.0534350872, -1.5267175436
122570067,1.1103515625,0.1547851562,-0.3090820312,-1.7404580116, 0.1984732896, -1.6030534506
122580067,1.1074218750,0.1530761719,-0.3117675781,-1.7099236250, -0.6259542108, -1.6488549709
122590067,1.1208496094,0.1560058594,-0.3144531250,-1.5725190639, -1.2061069012, -1.3435114622
122600067,1.1115722656,0.1577148438,-0.3203125000,-2.0763359070, -1.0076335669, -1.3282443285
122610067,1.1208496094,0.1562500000,-0.3222656250,-2.0610687733, -0.3816793859, -1.7251908779
122620067,1.1130371094,0.1584472656,-0.3327636719,-2.4274809361, 0.0000000000, -1.8778625727
122630067,1.1076660156,0.1547851562,-0.3291015625,-2.5496182442, 0.2290076315, -1.5572519302
122640067,1.1062011719,0.1574707031,-0.3276367188,-2.3511450291, 0.4122137427, -1.6488549709
122650067,1.1123046875,0.1633300781,-0.3342285156,-2.3358778954, 0.9312977195, -1.7709923983
122660067,1.1113281250,0.1687011719,-0.3259277344,-2.0000000000, 1.1603053808, -1.6335878372
122670067,1.1076660156,0.1545410156,-0.3251953125,-1.9236640930, 1.2824426889, -1.9236640930
122680067,1.1120605469,0.1542968750,-0.3181152344,-1.8167939186, 1.1297709942, -1.6335878372
122690067,1.1076660156,0.1613769531,-0.3237304688,-1.6030534506, 0.7786259651, -1.5572519302
122700067,1.1159667969,0.1577148438,-0.3164062500,-1.8015266657, 0.3969465792, -1.4809160233
122710067,1.1115722656,0.1638183594,-0.3161621094,-1.7557251453, 0.4732824564, -1.0229008198
122720067,1.1091308594,0.1608886719,-0.3188476562,-1.7404580116, 0.7022900581, -1.0534350872
122730067,1.1049804688,0.1555175781,-0.3288574219,-2.0610687733, 0.7938931584, -1.2061069012
122740067,1.1098632812,0.1560058594,-0.3183593750,-2.0458016396, 0.8854961991, -1.4351145029
122750067,1.0957031250,0.1550292969,-0.3288574219,-1.8015266657, 0.7786259651, -1.3740458488
122760067,1.1005859375,0.1594238281,-0.3210449219,-2.0000000000, 0.5038167834, -1.5267175436
122770067,1.1086425781,0.1618652344,-0.3312988281,-2.0305342674, 0.3053435087, -1.3435114622
122780067,1.1069335938,0.1621093750,-0.3288574219,-2.0152671337, -0.0152671756, -0.9770992398
122790067,1.1096191406,0.1628417969,-0.3225097656,-1.6030534506, -0.0458015278, -0.7633587718
122800067,1.1022949219,0.1533203125,-0.3249511719,-1.7099236250, 0.1679389328, -0.7938931584
122810067,1.1110839844,0.1584472656,-0.3208007812,-1.7557251453, 0.3511450291, -0.9160305262
122820067,1.1074218750,0.1591796875,-0.3200683594,-1.7862595320, 0.5801526904, -0.8854961991
122830067,1.1105957031,0.1579589844,-0.3261718750,-1.8320610523, 0.8549618125, -1.0076335669
122840067,1.1118164062,0.1560058594,-0.3237304688,-1.8931298256, 0.9312977195, -0.8549618125
122850067,1.1057128906,0.1599121094,-0.3220214844,-1.9083969593, 1.0687023401, -0.5496183038
122860067,1.1076660156,0.1577148438,-0.3227539062,-1.8167939186, 0.7633587718, -0.3511450291
122870067,1.1074218750,0.1560058594,-0.3305664062,-1.9541984797, 0.7633587718, -0.4580152631
122880067,1.1076660156,0.1569824219,-0.3234863281,-1.9389313459, 0.2595419884, -0.4427480996
122890067,1.1013183594,0.1562500000,-0.3266601562,-1.8473281860, 0.0458015278, -0.5954198241
122900067,1.1064453125,0.1579589844,-0.3254394531,-1.8931298256, -0.4274809062, -0.8854961991
122910067,1.1198730469,0.1591796875,-0.3247070312,-1.8015266657, 0.0000000000, -0.9923664331
122920067,1.1164550781,0.1567382812,-0.3320312500,-1.7251908779, 0.5496183038, -1.2366411686
122930067,1.1069335938,0.1523437500,-0.3259277344,-1.6488549709, 1.0534350872, -1.4351145029
122940067,1.1103515625,0.1560058594,-0.3247070312,-1.4809160233, 1.3435114622, -1.5877863169
122950067,1.1066894531,0.1528320312,-0.3295898438,-1.4961831570, 1.7404580116, -1.6488549709
122960067,1.1088867188,0.1601562500,-0.3298339844,-1.4961831570, 1.4809160233, -1.0687023401
122970067,1.1086425781,0.1628417969,-0.3273925781,-1.7557251453, 1.1755725145, -1.4503816366
122980067,1.1081542969,0.1596679688,-0.3256835938,-1.6488549709, 1.2366411686, -1.5572519302
122990067,1.1086425781,0.1545410156,-0.3312988281,-1.7251908779, 1.2519084215, -1.2213740349
123000067,1.1101074219,0.1608886719,-0.3249511719,-1.8778625727, 1.0687023401, -1.7557251453
123010067,1.1154785156,0.1479492188,-0.3276367188,-1.7709923983, 1.3740458488, -1.5267175436
123020067,1.1008300781,0.1513671875,-0.3210449219,-1.6641221046, 1.0839694738, -1.4045801163
123030067,1.1166992188,0.1577148438,-0.3195800781,-1.9083969593, 1.2671755552, -1.4961831570
123040067,1.1052246094,0.1645507812,-0.3212890625,-1.7099236250, 0.9465649128, -1.0076335669
123050067,1.1142578125,0.1579589844,-0.3291015625,-1.8473281860, 0.6259542108, -0.6412213445
123060067,1.1086425781,0.1562500000,-0.3261718750,-1.6488549709, 0.5954198241, -0.7328244448
123070075,1.1064453125,0.1564941406,-0.3242187500,-1.6946564913, -0.1832061112, -1.3129770756
123080067,1.1154785156,0.1547851562,-0.3332519531,-1.3587785959, -0.2748091519, -1.8167939186
123090067,1.1228027344,0.1550292969,-0.3344726562,-1.3282443285, -0.1221374050, -1.9083969593
123100067,1.1188964844,0.1577148438,-0.3364257812,-1.1450381279, 0.2900763452, -1.4351145029
123110067,1.1232910156,0.1569824219,-0.3403320312,-1.4809160233, 0.7633587718, -1.2213740349
123120067,1.1103515625,0.1520996094,-0.3356933594,-1.4503816366, 0.9923664331, -1.8320610523
123130067,1.1108398438,0.1508789062,-0.3269042969,-1.7557251453, 1.0687023401, -2.6412212849
123140067,1.1081542969,0.1557617188,-0.3283691406,-2.0610687733, 0.9007633328, -2.8702290058
123150067,1.1098632812,0.1518554688,-0.3193359375,-1.8167939186, 1.0534350872, -2.4580152035
123160067,1.1130371094,0.1555175781,-0.3190917969,-1.7404580116, 0.7022900581, -1.6641221046
123170067,1.1115722656,0.1594238281,-0.3283691406,-1.6793893576, 1.3587785959, -0.9465649128
123180067,1.1096191406,0.1625976562,-0.3347167969,-1.5877863169, 1.8931298256, -0.8396946788
123190067,1.1015625000,0.1672363281,-0.3266601562,-1.9847328663, 2.2595419884, -0.4122137427
123200067,1.1015625000,0.1503906250,-0.3330078125,-1.8931298256, 2.4274809361, -1.0229008198
123210067,1.0895996094,0.1481933594,-0.3342285156,-1.9389313459, 2.4885497093, -1.8015266657
123220067,1.0974121094,0.1516113281,-0.3251953125,-2.2137403488, 2.1221373081, -2.0458016396
123230067,1.1010742188,0.1518554688,-0.3322753906,-1.9236640930, 1.2061069012, -2.0916030407
123240067,1.1020507812,0.1560058594,-0.3283691406,-1.5877863169, 0.1068702266, -1.4656488895
123250067,1.1145019531,0.1613769531,-0.3210449219,-1.1450381279, -1.1450381279, -0.7022900581
123260067,1.1213378906,0.1562500000,-0.3374023438,-0.7480915785, -0.9618320465, -1.2671755552
123270067,1.1242675781,0.1572265625,-0.3381347656,-1.0076335669, 0.0000000000, -1.4503816366
123280067,1.1267089844,0.1613769531,-0.3408203125,-0.9923664331, 1.3587785959, -1.4809160233
123290067,1.1098632812,0.1560058594,-0.3239746094,-1.2519084215, 1.8167939186, -1.2671755552
123300067,1.1108398438,0.1516113281,-0.3273925781,-1.4961831570, 1.6335878372, -1.5572519302
123310067,1.1152343750,0.1567382812,-0.3200683594,-1.4961831570, 1.2366411686, -1.9847328663
123320067,1.1083984375,0.1538085938,-0.3288574219,-1.8167939186, 0.8396946788, -2.3511450291
123330067,1.1123046875,0.1523437500,-0.3176269531,-1.5419846773, 0.8549618125, -2.3511450291
123340067,1.1098632812,0.1503906250,-0.3276367188,-1.7557251453, 1.0381679535, -2.2442748547
123350067,1.1054687500,0.1557617188,-0.3308105469,-2.0610687733, 0.9770992398, -2.4274809361
123360067,1.1049804688,0.1564941406,-0.3300781250,-2.1679389477, 0.9160305262, -2.5496182442
123370067,1.1022949219,0.1606445312,-0.3244628906,-2.1221373081, 0.7480915785, -2.8549618721
123380067,1.1005859375,0.1572265625,-0.3393554688,-1.9847328663, 0.9770992398, -2.6106870174
123390067,1.1135253906,0.1630859375,-0.3383789062,-1.8015266657, 1.1603053808, -2.6564886570
123400067,1.1152343750,0.1621093750,-0.3347167969,-1.4351145029, 0.9618320465, -2.4122138023
123410067,1.1052246094,0.1599121094,-0.3322753906,-1.4503816366, 0.9312977195, -2.0610687733
123420067,1.1127929688,0.1628417969,-0.3181152344,-1.3129770756, 0.6870229244, -2.0610687733
123430067,1.1152343750,0.1606445312,-0.3381347656,-1.2671755552, 0.5954198241, -2.3969466686
123440067,1.1110839844,0.1623535156,-0.3278808594,-1.4351145029, 1.1450381279, -3.0381679535
123450067,1.0979003906,0.1628417969,-0.3212890625,-1.6946564913, 0.9618320465, -4.0000000000
123460067,1.0964355469,0.1525878906,-0.3305664062,-1.4656488895, 1.1908396482, -5.3740458488
123470067,1.0998535156,0.1586914062,-0.3310546875,-1.7862595320, 1.2519084215, -6.5343513489
123480219,1.1081542969,0.1625976562,-0.3308105469,-2.0458016396, 1.6793893576, -7.3740458488
123490067,1.1057128906,0.1638183594,-0.3322753906,-2.0152671337, 2.1068701744, -7.1603055000
123500067,1.1123046875,0.1621093750,-0.3300781250,-1.9389313459, 2.0000000000, -6.9312977791
123510067,1.1306152344,0.1618652344,-0.3393554688,-2.1068701744, 1.7251908779, -6.0152673721
123520067,1.1250000000,0.1606445312,-0.3273925781,-1.8015266657, 1.2366411686, -5.0992364883
123530067,1.1269531250,0.1652832031,-0.3281250000,-1.6335878372, 0.9465649128, -4.1221375465
123540067,1.1169433594,0.1655273438,-0.3298339844,-1.4198473692, 0.7480915785, -3.5267176628
123550067,1.1169433594,0.1665039062,-0.3327636719,-1.3129770756, 0.8702290058, -3.3587787151
123560290,1.1162109375,0.1633300781,-0.3381347656,-1.4198473692, 1.1297709942, -3.6793892384
123570067,1.1086425781,0.1652832031,-0.3398437500,-1.4351145029, 1.9847328663, -3.8778626919
123580067,1.1049804688,0.1660156250,-0.3366699219,-1.0839694738, 2.4122138023, -3.8931298256
123590121,1.1071777344,0.1652832031,-0.3354492188,-1.4809160233, 2.5954198837, -3.4198472500
123600067,1.1103515625,0.1625976562,-0.3322753906,-1.4351145029, 2.7175571918, -3.8167939186
123610067,1.1083984375,0.1516113281,-0.3234863281,-1.2366411686, 2.3816792965, -4.3664121628
123620067,1.1145019531,0.1630859375,-0.3208007812,-1.2213740349, 2.1679389477, -4.7633585930
123630067,1.1130371094,0.1696777344,-0.3222656250,-0.9618320465, 2.2595419884, -4.8854961395
123640067,1.1098632812,0.1665039062,-0.3264160156,-1.1755725145, 2.1526718140, -4.7938933372
123650067,1.1064453125,0.1638183594,-0.3312988281,-1.0381679535, 2.4885497093, -4.9312977791
123660067,1.1052246094,0.1691894531,-0.3354492188,-1.0839694738, 3.4503817558, -4.9465646744
123670067,1.1052246094,0.1718750000,-0.3376464844,-1.1908396482, 4.1984734535, -4.6564884186
123680067,1.1079101562,0.1728515625,-0.3405761719,-1.0381679535, 4.9465646744, -4.8854961395
123690067,1.1096191406,0.1777343750,-0.3259277344,-1.1450381279, 5.0992364883, -4.3206105232
123700067,1.1042480469,0.1770019531,-0.3249511719,-0.8549618125, 4.5954198837, -4.2595419884
123710067,1.1113281250,0.1682128906,-0.3291015625,-0.8854961991, 4.4885497093, -3.7251908779
123720067,1.1152343750,0.1721191406,-0.3217773438,-0.6259542108, 4.0610685349, -3.5725190639
123730067,1.1079101562,0.1748046875,-0.3071289062,-0.4885496199, 4.0916032791, -3.3893129826
123740067,1.1079101562,0.1647949219,-0.3227539062,-0.3511450291, 4.2748093605, -2.9770991802
123750067,1.1091308594,0.1711425781,-0.3212890625,-0.4885496199, 4.6412215233, -3.2519083023
123760067,1.1064453125,0.1696777344,-0.3256835938,-0.6412213445, 4.9160304070, -3.9083969593
123770067,1.1025390625,0.1706542969,-0.3173828125,-0.9465649128, 5.3129773140, -4.9312977791
123780067,1.1083984375,0.1708984375,-0.3256835938,-0.8091602921, 5.3740458488, -5.0839695930
123790067,1.1064453125,0.1757812500,-0.3215332031,-0.7175572515, 5.0076336861, -4.7175574303
123800067,1.1071777344,0.1787109375,-0.3146972656,-0.6717557311, 5.0076336861, -4.1526718140
123810067,1.1115722656,0.1730957031,-0.3205566406,-0.7480915785, 4.5648856163, -3.9541983604
123820067,1.1115722656,0.1745605469,-0.3276367188,-0.7175572515, 4.5190839767, -3.9389312267
123830257,1.1037597656,0.1674804688,-0.3210449219,-0.6259542108, 4.4427480698, -4.3358778954
123840067,1.1132812500,0.1738281250,-0.3198242188,-0.8854961991, 5.0076336861, -4.2442746162
123850067,1.1169433594,0.1796875000,-0.3190917969,-0.9312977195, 5.6030535698, -3.1755726337
123860067,1.1064453125,0.1740722656,-0.3198242188,-0.9007633328, 6.3511452675, -2.3358778954
123870067,1.1042480469,0.1787109375,-0.3144531250,-0.8702290058, 6.1984734535, -1.9541984797
123880067,1.0927734375,0.1750488281,-0.3044433594,-1.1450381279, 5.4198474884, -2.1832060814
123890067,1.0969238281,0.1821289062,-0.3034667969,-1.2519084215, 3.9694657326, -2.5496182442
123900067,1.1010742188,0.1794433594,-0.3049316406,-1.4503816366, 2.9312977791, -3.6488549709
123910067,1.0996093750,0.1752929688,-0.3181152344,-1.5572519302, 2.2595419884, -3.8473281860
123920067,1.1069335938,0.1831054688,-0.3129882812,-1.2061069012, 2.1526718140, -3.4198472500
123930067,1.1081542969,0.1826171875,-0.3305664062,-0.7938931584, 1.7251908779, -3.0381679535
123940067,1.1115722656,0.1848144531,-0.3183593750,-0.3664122224, 1.7862595320, -2.5190839767
123950067,1.1186523438,0.1845703125,-0.3205566406,-0.0610687025, 2.0000000000, -2.4427480698
123960067,1.1166992188,0.1791992188,-0.3244628906,0.0152671756, 3.1755726337, -2.3053436279
123970067,1.1088867188,0.1772460938,-0.3044433594,-0.1068702266, 4.5343513489, -2.5343511105
123980067,1.1047363281,0.1765136719,-0.3098144531,0.0000000000, 5.2366414070, -3.0229008198
123990067,1.1066894531,0.1770019531,-0.3024902344,-0.1068702266, 5.5725193024, -3.4351146221
124000067,1.1088867188,0.1752929688,-0.2934570312,-0.4885496199, 5.3435115814, -3.5725190639
124010067,1.1166992188,0.1777343750,-0.3090820312,-0.4427480996, 4.6412215233, -3.2824428082
124020067,1.1093750000,0.1765136719,-0.3032226562,-1.0229008198, 3.2061069012, -2.6717557907
124030067,1.1115722656,0.1757812500,-0.3012695312,-0.9465649128, 2.0305342674, -2.2748091221
124040067,1.1203613281,0.1823730469,-0.3149414062,-1.0076335669, 1.3435114622, -2.2900762558
124050067,1.1108398438,0.1831054688,-0.3129882812,-1.1450381279, 1.8931298256, -2.4732823372
124060067,1.1074218750,0.1838378906,-0.3156738281,-1.2671755552, 2.7022900581, -3.0992367268
124070067,1.0957031250,0.1799316406,-0.3278808594,-1.4656488895, 4.1068701744, -3.1755726337
124080067,1.1054687500,0.1857910156,-0.3154296875,-1.1908396482, 4.7022900581, -3.0839693546
124090067,1.1037597656,0.1794433594,-0.3061523438,-1.0534350872, 4.8549618721, -3.2824428082
124100067,1.1135253906,0.1838378906,-0.3061523438,-0.8702290058, 4.4427480698, -2.8854961395
124110067,1.1049804688,0.1791992188,-0.3112792969,-0.4885496199, 3.5877861977, -2.0458016396
124120067,1.1103515625,0.1779785156,-0.2956542969,-0.3969465792, 2.6870229244, -1.3740458488
124130067,1.1040039062,0.1818847656,-0.2966308594,-0.4122137427, 2.2442748547, -1.3129770756
124140067,1.1103515625,0.1857910156,-0.3046875000,-0.5190839767, 2.7786259651, -1.6488549709
124150067,1.1047363281,0.1835937500,-0.3056640625,-0.6717557311, 3.7709922791, -1.7557251453
124160067,1.1088867188,0.1787109375,-0.3105468750,-0.8396946788, 4.0000000000, -2.0152671337
124170067,1.1086425781,0.1828613281,-0.3078613281,-0.8091602921, 4.6412215233, -2.7633588314
124180067,1.1057128906,0.1811523438,-0.3093261719,-0.8854961991, 4.4580154419, -2.8702290058
124190067,1.1132812500,0.1813964844,-0.2971191406,-0.9770992398, 3.6183207035, -3.0229008198
124200067,1.1127929688,0.1818847656,-0.2990722656,-1.1908396482, 3.1297709942, -2.9465649128
124210067,1.1130371094,0.1872558594,-0.2934570312,-0.8702290058, 2.6564886570, -2.5648853779
124220067,1.1137695312,0.1787109375,-0.3085937500,-0.8702290058, 2.4427480698, -2.4580152035
124230067,1.1137695312,0.1818847656,-0.2980957031,-0.6106870174, 2.6717557907, -2.2595419884
124240067,1.1049804688,0.1813964844,-0.2971191406,-0.8091602921, 2.9465649128, -1.9083969593
124250067,1.1027832031,0.1809082031,-0.2937011719,-0.7938931584, 2.4122138023, -1.8320610523
124260067,1.1005859375,0.1833496094,-0.2995605469,-0.9312977195, 2.3664121628, -2.0000000000
124270067,1.1081542969,0.1906738281,-0.3105468750,-1.1908396482, 2.6870229244, -2.0458016396
124280067,1.1220703125,0.1838378906,-0.3046875000,-1.3740458488, 3.0839693546, -1.8015266657
124290067,1.1064453125,0.1831054688,-0.3041992188,-1.0534350872, 3.3282442093, -1.8473281860
124300067,1.1105957031,0.1816406250,-0.2932128906,-1.1145038605, 3.1603052616, -1.9694656134
124310067,1.1103515625,0.1757812500,-0.2951660156,-1.0534350872, 2.6259541512, -1.8625954390
124320067,1.1186523438,0.1777343750,-0.3054199219,-1.0076335669, 1.8015266657, -1.9389313459
124330067,1.1147460938,0.1833496094,-0.3088378906,-0.9160305262, 1.5877863169, -2.1221373081
124340067,1.1130371094,0.1855468750,-0.3063964844,-0.6717557311, 1.7557251453, -2.5496182442
124350067,1.1081542969,0.1831054688,-0.3078613281,-0.8702290058, 2.1374046803, -2.6717557907
124360067,1.1044921875,0.1862792969,-0.3034667969,-0.8091602921, 2.7786259651, -3.0381679535
124370067,1.1042480469,0.1853027344,-0.3046875000,-0.8854961991, 3.2366411686, -2.9312977791
124380067,1.1096191406,0.1848144531,-0.3049316406,-1.1908396482, 3.3740458488, -2.7633588314
124390067,1.1040039062,0.1865234375,-0.2917480469,-1.3740458488, 3.2671756744, -2.5496182442
124400067,1.1105957031,0.1865234375,-0.2958984375,-1.3282443285, 2.8549618721, -2.2595419884
124410067,1.1040039062,0.1823730469,-0.2937011719,-1.3740458488, 2.6564886570, -1.7251908779
124420067,1.1166992188,0.1860351562,-0.2966308594,-1.5267175436, 2.4427480698, -1.7709923983
124430067,1.1188964844,0.1857910156,-0.3015136719,-1.2671755552, 2.3816792965, -1.6946564913
124440067,1.1154785156,0.1804199219,-0.2912597656,-1.1145038605, 2.1068701744, -2.0610687733
124450067,1.1064453125,0.1840820312,-0.2922363281,-1.3282443285, 1.3587785959, -2.1374046803
124460067,1.1103515625,0.1770019531,-0.2978515625,-1.1145038605, 1.0992366076, -2.5801527500
124470067,1.1108398438,0.1818847656,-0.2990722656,-1.2671755552, 0.9465649128, -2.5954198837
124480219,1.1110839844,0.1848144531,-0.3005371094,-1.1450381279, 1.1908396482, -1.9694656134
124490067,1.1086425781,0.1865234375,-0.3112792969,-0.9770992398, 1.5725190639, -1.4656488895
124500067,1.1135253906,0.1831054688,-0.3056640625,-0.9465649128, 2.3664121628, -0.9770992398
124510067,1.1127929688,0.1853027344,-0.3029785156,-1.0534350872, 2.9923663139, -1.2213740349
124520067,1.1088867188,0.1787109375,-0.2988281250,-1.1908396482, 3.4961831570, -2.2442748547
124530138,1.1137695312,0.1813964844,-0.2949218750,-1.3129770756, 3.5877861977, -2.9465649128
124540067,1.1130371094,0.1862792969,-0.2924804688,-1.4351145029, 3.6793892384, -2.9312977791
124550067,1.1101074219,0.1862792969,-0.2866210938,-1.5419846773, 3.3587787151, -1.8167939186
124560067,1.1093750000,0.1838378906,-0.2788085938,-1.5419846773, 2.0000000000, -1.0229008198
124570067,1.1083984375,0.1904296875,-0.2878417969,-1.1450381279, 1.3587785959, -0.7633587718
124580067,1.0986328125,0.1835937500,-0.2932128906,-1.0992366076, 1.0687023401, -1.0687023401
124590067,1.1064453125,0.1843261719,-0.3041992188,-1.3587785959, 1.1450381279, -1.5419846773
124600067,1.1030273438,0.1835937500,-0.3085937500,-1.8015266657, 1.8473281860, -1.7404580116
124610067,1.1069335938,0.1853027344,-0.3015136719,-1.9389313459, 1.8015266657, -1.5419846773
124620067,1.1157226562,0.1828613281,-0.2995605469,-1.5419846773, 1.2519084215, -1.6183205843
124630067,1.1191406250,0.1870117188,-0.2973632812,-1.1755725145, 0.7633587718, -1.9236640930
124640067,1.1135253906,0.1889648438,-0.3041992188,-1.0534350872, 0.5954198241, -2.0458016396
124650067,1.1225585938,0.1831054688,-0.3073730469,-0.9923664331, 1.4961831570, -1.7862595320
124660067,1.1176757812,0.1870117188,-0.2993164062,-0.9312977195, 2.9007632732, -1.2977099419
124670067,1.1035156250,0.1779785156,-0.2854003906,-1.1755725145, 3.4503817558, -1.1450381279
124680067,1.1022949219,0.1789550781,-0.2832031250,-1.1908396482, 3.0381679535, -1.0839694738
124690067,1.0991210938,0.1791992188,-0.2734375000,-1.0992366076, 1.9389313459, -0.7633587718
124700067,1.1103515625,0.1760253906,-0.2890625000,-1.3282443285, 1.2213740349, -0.8244274855
124710067,1.1113281250,0.1708984375,-0.2880859375,-1.1908396482, 1.0687023401, -1.4961831570
124720067,1.1145019531,0.1750488281,-0.3034667969,-1.5725190639, 1.0687023401, -2.0152671337
124730067,1.1115722656,0.1892089844,-0.2971191406,-1.6488549709, 1.1603053808, -2.2748091221
124740067,1.1220703125,0.1796875000,-0.2941894531,-1.9236640930, 0.6259542108, -2.0458016396
124750067,1.1076660156,0.1860351562,-0.3010253906,-1.9847328663, 0.9770992398, -1.7404580116
124760067,1.1179199219,0.1840820312,-0.2927246094,-1.8473281860, 1.2519084215, -1.6641221046
124770067,1.1166992188,0.1813964844,-0.2951660156,-1.7557251453, 1.4045801163, -1.4351145029
124780067,1.1113281250,0.1857910156,-0.2973632812,-1.5267175436, 1.3129770756, -1.0381679535
124790067,1.1103515625,0.1779785156,-0.2944335938,-1.6946564913, 1.1603053808, -1.3129770756
124800067,1.1120605469,0.1809082031,-0.2832031250,-1.4503816366, 0.7022900581, -1.4045801163
124810067,1.1076660156,0.1872558594,-0.2888183594,-1.5267175436, 0.4885496199, -1.6335878372
124820067,1.1091308594,0.1872558594,-0.2922363281,-1.3435114622, 0.6717557311, -1.5877863169
124830067,1.1130371094,0.1862792969,-0.3088378906,-1.2977099419, 1.1450381279, -1.6335878372
124840067,1.1083984375,0.1904296875,-0.2995605469,-1.5877863169, 1.3587785959, -1.6335878372
124850067,1.1123046875,0.1877441406,-0.2929687500,-1.7557251453, 1.7099236250, -1.4809160233
124860067,1.1149902344,0.1811523438,-0.2958984375,-1.8015266657, 1.6641221046, -1.2519084215
124870067,1.1142578125,0.1804199219,-0.3005371094,-1.6183205843, 1.2824426889, -1.2213740349
124880067,1.1123046875,0.1801757812,-0.2941894531,-1.5725190639, 1.0076335669, -1.3587785959
124890067,1.1123046875,0.1855468750,-0.2946777344,-1.7709923983, 1.0992366076, -1.2671755552
124900067,1.1108398438,0.1816406250,-0.2937011719,-1.7251908779, 1.0381679535, -1.3129770756
124910067,1.1054687500,0.1796875000,-0.2836914062,-1.8320610523, 1.2519084215, -1.4351145029
124920067,1.1086425781,0.1762695312,-0.2910156250,-1.4656488895, 1.1297709942, -1.5419846773
124930067,1.1018066406,0.1821289062,-0.2985839844,-1.7099236250, 1.3129770756, -1.1297709942
124940067,1.1074218750,0.1799316406,-0.2949218750,-1.9083969593, 1.3893129826, -1.2366411686
124950067,1.1066894531,0.1828613281,-0.2929687500,-1.8778625727, 1.1603053808, -1.3587785959
124960067,1.1101074219,0.1806640625,-0.3024902344,-1.8015266657, 1.2977099419, -1.5114504099
124970067,1.1130371094,0.1857910156,-0.3046875000,-1.8473281860, 1.4045801163, -1.4045801163
124980067,1.1098632812,0.1735839844,-0.2956542969,-2.1221373081, 1.2977099419, -1.1297709942
124990067,1.1098632812,0.1784667969,-0.2958984375,-1.8015266657, 0.9923664331, -1.3282443285
125000067,1.1140136719,0.1821289062,-0.2924804688,-2.0458016396, 0.6259542108, -1.4809160233
125010067,1.1140136719,0.1777343750,-0.2951660156,-1.9236640930, 0.1526717544, -1.5114504099
125020067,1.1130371094,0.1831054688,-0.2900390625,-1.8320610523, 0.1068702266, -0.9465649128
125030067,1.1149902344,0.1811523438,-0.3015136719,-1.9083969593, 0.0305343512, -0.9160305262
125040067,1.1193847656,0.1853027344,-0.2937011719,-1.8778625727, 0.0916030556, -0.5954198241
125050067,1.1166992188,0.1813964844,-0.2985839844,-1.9389313459, 0.3053435087, -0.3358778656
125060067,1.1130371094,0.1816406250,-0.2963867188,-1.6030534506, 0.1832061112, -0.2442748100
125070067,1.1127929688,0.1855468750,-0.2978515625,-2.0458016396, 0.0610687025, -0.1221374050
125080067,1.1115722656,0.1816406250,-0.3039550781,-1.8625954390, -0.2900763452, 0.1068702266
125090067,1.1147460938,0.1789550781,-0.2856445312,-2.1068701744, -0.4732824564, 0.2137404531
125100067,1.1176757812,0.1826171875,-0.2910156250,-2.0305342674, -0.2442748100, -0.0763358772
125110067,1.1020507812,0.1755371094,-0.3049316406,-2.1221373081, -0.2137404531, -0.1374045759
125120067,1.1110839844,0.1799316406,-0.2951660156,-2.1374046803, 0.3511450291, 0.2137404531
125130067,1.1164550781,0.1845703125,-0.2961425781,-2.1221373081, 0.5038167834, 0.1526717544
125140067,1.1062011719,0.1787109375,-0.2995605469,-2.3664121628, 0.4732824564, 0.3816793859
125150067,1.1076660156,0.1826171875,-0.2888183594,-2.1221373081, -0.0916030556, 0.0000000000
125160067,1.1105957031,0.1770019531,-0.2973632812,-2.0763359070, -0.5648854971, -0.1679389328
125170067,1.1103515625,0.1674804688,-0.3046875000,-1.9847328663, -0.6564885378, 0.0458015278
125180067,1.1120605469,0.1752929688,-0.3000488281,-1.7862595320, -0.7786259651, 0.5496183038
125190067,1.1086425781,0.1760253906,-0.3010253906,-2.2290077209, -0.9465649128, 1.0076335669
125200067,1.1052246094,0.1789550781,-0.3046875000,-1.6183205843, -0.2748091519, 1.2061069012
125210067,1.1042480469,0.1696777344,-0.3078613281,-1.9694656134, 0.5190839767, 1.1297709942
125220067,1.1032714844,0.1782226562,-0.2993164062,-2.0458016396, 0.3053435087, 0.5190839767
125230067,1.1052246094,0.1740722656,-0.3020019531,-2.3511450291, 0.3969465792, 0.2748091519
125240067,1.1066894531,0.1723632812,-0.3049316406,-2.9465649128, 0.1984732896, 0.2137404531
125250067,1.1118164062,0.1752929688,-0.2963867188,-2.7328243256, -0.0610687025, 0.8244274855
125260067,1.1125488281,0.1696777344,-0.2927246094,-2.6106870174, -0.3053435087, 1.5419846773
125270067,1.1083984375,0.1806640625,-0.2900390625,-2.5496182442, -0.4427480996, 2.1526718140
125280067,1.0983886719,0.1733398438,-0.2919921875,-2.5343511105, -1.2061069012, 1.7099236250
125290067,1.1076660156,0.1701660156,-0.2890625000,-2.8549618721, -2.1526718140, 0.3969465792
125300067,1.1079101562,0.1757812500,-0.2990722656,-2.8854961395, -2.4427480698, -0.2748091519
125310067,1.0979003906,0.1740722656,-0.2998046875,-3.2824428082, -2.7328243256, -0.3358778656
125320067,1.1093750000,0.1740722656,-0.3054199219,-3.4656488895, -2.4885497093, -0.2900763452
125330067,1.1049804688,0.1828613281,-0.3156738281,-3.4045801163, -2.1068701744, 0.3053435087
125340067,1.1069335938,0.1877441406,-0.3220214844,-3.2824428082, -1.5267175436, 0.2290076315
125350067,1.1105957031,0.1821289062,-0.3203125000,-2.8091602325, -1.3587785959, 0.3206106722
125360067,1.1164550781,0.1806640625,-0.3044433594,-2.9007632732, -1.0381679535, 0.2595419884
125370067,1.1142578125,0.1733398438,-0.3056640625,-2.8549618721, -0.7480915785, -0.2900763452
125380067,1.1096191406,0.1762695312,-0.2978515625,-2.2748091221, -1.2061069012, 0.0305343512
125390067,1.1091308594,0.1616210938,-0.2961425781,-1.8625954390, -1.8167939186, 0.0152671756
125400067,1.1127929688,0.1662597656,-0.3007812500,-2.0610687733, -2.2137403488, 0.0763358772
125410067,1.1130371094,0.1645507812,-0.3044433594,-2.2595419884, -2.2900762558, 0.3969465792
125420067,1.1125488281,0.1672363281,-0.2973632812,-2.4274809361, -1.8167939186, 0.4732824564
125430067,1.1166992188,0.1604003906,-0.3085937500,-2.8244273663, -1.0229008198, 0.3358778656
125440067,1.1176757812,0.1647949219,-0.3144531250,-3.2977099419, -0.2290076315, -0.1984732896
125450067,1.1120605469,0.1623535156,-0.3186035156,-3.1603052616, 0.0305343512, -0.2595419884
125460067,1.1152343750,0.1689453125,-0.3034667969,-3.2366411686, -0.4732824564, -0.4122137427
125470076,1.1174316406,0.1782226562,-0.3247070312,-2.9770991802, -0.9923664331, -0.1374045759
125480277,1.1137695312,0.1662597656,-0.3200683594,-2.6412212849, -1.3282443285, -0.3053435087
125490067,1.1179199219,0.1738281250,-0.3256835938,-2.2290077209, -1.0839694738, 0.0305343512
125500067,1.1262207031,0.1730957031,-0.3166503906,-2.1526718140, -0.7022900581, -0.3358778656
125510067,1.1196289062,0.1650390625,-0.3220214844,-1.6335878372, 0.3358778656, -0.3053435087
125520067,1.1191406250,0.1694335938,-0.3166503906,-1.7251908779, 0.6564885378, -0.1221374050
125530067,1.1188964844,0.1667480469,-0.3244628906,-1.7251908779, 0.9160305262, 0.2290076315
125540067,1.1152343750,0.1684570312,-0.3166503906,-1.7557251453, 0.7480915785, 0.3511450291
125550067,1.1052246094,0.1674804688,-0.3122558594,-1.8931298256, 1.1908396482, 0.3358778656
125560067,1.1049804688,0.1723632812,-0.3115234375,-2.3358778954, 1.6183205843, 0.0916030556
125570067,1.1059570312,0.1606445312,-0.3022460938,-2.5343511105, 1.8320610523, -0.1374045759
125580142,1.1064453125,0.1738281250,-0.2980957031,-2.5343511105, 1.2977099419, -0.6870229244
125590067,1.1069335938,0.1689453125,-0.3037109375,-2.2595419884, 0.7938931584, -1.1603053808
125600067,1.1105957031,0.1657714844,-0.3063964844,-2.1526718140, -0.3358778656, -1.0534350872
125610067,1.1228027344,0.1745605469,-0.3168945312,-2.0916030407, -0.9312977195, -0.9160305262
125620067,1.1149902344,0.1750488281,-0.3107910156,-1.9083969593, -1.1755725145, -0.5954198241
125630067,1.1166992188,0.1625976562,-0.3178710938,-1.8625954390, -0.5648854971, -0.4885496199
125640067,1.1210937500,0.1665039062,-0.3146972656,-1.4503816366, 0.0610687025, -0.3206106722
125650067,1.1069335938,0.1674804688,-0.3234863281,-1.7404580116, 0.3664122224, -0.2595419884
125660067,1.1088867188,0.1596679688,-0.3215332031,-1.7557251453, 0.8244274855, -0.3206106722
125670067,1.1042480469,0.1604003906,-0.3127441406,-1.9236640930, 0.8244274855, -0.6564885378
125680142,1.1059570312,0.1601562500,-0.3054199219,-2.0458016396, 0.9770992398, -0.6870229244
125690067,1.1091308594,0.1584472656,-0.3129882812,-2.5343511105, 0.9160305262, -0.4732824564
125700067,1.1130371094,0.1662597656,-0.3144531250,-2.1679389477, 0.7786259651, -0.3206106722
125710067,1.1145019531,0.1613769531,-0.3146972656,-2.2595419884, 0.7022900581, -0.0458015278
125720067,1.1052246094,0.1584472656,-0.3085937500,-2.2748091221, 0.1679389328, -0.3816793859
125730067,1.1091308594,0.1687011719,-0.3095703125,-2.2595419884, -0.1221374050, -0.4427480996
125740067,1.1174316406,0.1689453125,-0.3183593750,-2.1679389477, -0.5190839767, -0.5801526904
125750067,1.1101074219,0.1750488281,-0.3117675781,-1.9694656134, -0.6717557311, -0.6106870174
125760067,1.1086425781,0.1679687500,-0.3208007812,-1.7862595320, -0.0152671756, -0.5190839767
125770067,1.1101074219,0.1665039062,-0.3234863281,-1.9847328663, 0.3206106722, -0.2900763452
125780443,1.1130371094,0.1687011719,-0.3215332031,-1.9541984797, 0.5954198241, -0.1832061112
125790067,1.1113281250,0.1662597656,-0.3171386719,-1.8320610523, 0.9770992398, -0.3358778656
125800067,1.1018066406,0.1606445312,-0.3154296875,-1.6946564913, 1.3587785959, -0.4122137427
125810067,1.1079101562,0.1604003906,-0.3171386719,-1.6793893576, 1.9694656134, -0.6870229244
125820067,1.1071777344,0.1579589844,-0.3100585938,-1.7709923983, 1.6030534506, -0.5190839767
125830067,1.1096191406,0.1582031250,-0.3020019531,-1.9541984797, 1.1297709942, -0.3664122224
125840067,1.1081542969,0.1542968750,-0.2973632812,-2.2595419884, -0.0763358772, -0.4580152631
