time,xacc,yacc,zacc,xgyro,ygyro,zgyro
113820067,1.1137695312,0.1708984375,-0.3286132812,0.0000000000, 4.1374044418, -3.2671756744
113830067,1.1166992188,0.1699218750,-0.3325195312,-0.0458015278, 5.3129773140, -3.3893129826
113840067,1.1171875000,0.1662597656,-0.3249511719,0.0305343512, 5.8320612907, -3.0229008198
113850067,1.1096191406,0.1638183594,-0.3100585938,-0.1526717544, 5.4351143837, -2.7480916977
113860067,1.1074218750,0.1613769531,-0.3164062500,-0.2290076315, 4.6259541512, -2.8091602325
113870067,1.1076660156,0.1596679688,-0.3059082031,-0.5954198241, 4.0763359070, -2.9923663139
113880067,1.1120605469,0.1660156250,-0.3103027344,-0.8854961991, 3.8320610523, -2.8854961395
113890067,1.1066894531,0.1638183594,-0.3156738281,-1.0229008198, 3.6335878372, -3.0229008198
113900067,1.1037597656,0.1611328125,-0.3149414062,-1.4809160233, 3.3282442093, -3.5725190639
113910067,1.1086425781,0.1745605469,-0.3234863281,-1.7099236250, 3.1755726337, -3.9694657326
113920067,1.1027832031,0.1687011719,-0.3281250000,-1.8778625727, 3.2671756744, -3.7709922791
113930067,1.1079101562,0.1750488281,-0.3210449219,-1.4198473692, 3.3587787151, -3.2824428082
113940067,1.1101074219,0.1701660156,-0.3225097656,-1.0534350872, 3.1755726337, -3.2213740349
113950067,1.1083984375,0.1760253906,-0.3261718750,-0.9465649128, 3.0229008198, -3.3129770756
113960067,1.1123046875,0.1728515625,-0.3225097656,-0.7480915785, 3.2366411686, -3.2824428082
113970067,1.1110839844,0.1684570312,-0.3212890625,-0.5343511701, 3.3587787151, -3.2213740349
113980067,1.1079101562,0.1689453125,-0.3281250000,-0.6870229244, 3.4045801163, -3.1145038605
113990067,1.1032714844,0.1711425781,-0.3208007812,-0.6412213445, 3.7709922791, -3.0229008198
114000067,1.0993652344,0.1811523438,-0.3349609375,-1.0687023401, 3.8778626919, -2.4885497093
114010067,1.0947265625,0.1770019531,-0.3210449219,-1.3282443285, 3.8167939186, -2.3358778954
114020067,1.1123046875,0.1750488281,-0.3085937500,-1.1755725145, 3.2671756744, -2.8702290058
114030067,1.1059570312,0.1701660156,-0.3171386719,-1.1297709942, 2.5343511105, -2.9770991802
114040067,1.1113281250,0.1757812500,-0.3183593750,-0.9007633328, 2.2748091221, -2.4274809361
114050067,1.1115722656,0.1794433594,-0.3159179688,-0.6259542108, 2.0000000000, -2.3969466686
114060067,1.1052246094,0.1728515625,-0.3244628906,-0.9160305262, 2.0305342674, -2.5343511105
114070067,1.1103515625,0.1760253906,-0.3188476562,-0.8854961991, 2.4427480698, -2.4122138023
114080067,1.1059570312,0.1733398438,-0.3251953125,-1.0381679535, 3.0534350872, -2.2900762558
114090067,1.1062011719,0.1733398438,-0.3100585938,-1.0534350872, 3.1145038605, -2.2748091221
114100067,1.1049804688,0.1704101562,-0.3168945312,-1.3129770756, 3.0381679535, -2.1832060814
114110067,1.0996093750,0.1718750000,-0.3051757812,-1.2671755552, 2.5190839767, -2.3206107616
114120067,1.1074218750,0.1716308594,-0.3129882812,-1.4045801163, 1.8931298256, -2.3511450291
114130067,1.1130371094,0.1696777344,-0.3186035156,-1.2824426889, 1.8320610523, -2.4732823372
114140067,1.1047363281,0.1765136719,-0.3222656250,-1.0992366076, 2.2595419884, -2.3358778954
114150067,1.1093750000,0.1735839844,-0.3146972656,-1.2824426889, 2.1832060814, -2.0458016396
114160067,1.0969238281,0.1777343750,-0.3198242188,-1.4351145029, 1.8167939186, -2.0305342674
114170067,1.1101074219,0.1770019531,-0.3176269531,-1.2977099419, 1.6793893576, -2.0458016396
114180067,1.1101074219,0.1699218750,-0.3229980469,-1.3282443285, 2.1526718140, -2.3358778954
114190067,1.1110839844,0.1733398438,-0.3251953125,-1.3129770756, 2.2900762558, -2.4274809361
114200067,1.1079101562,0.1762695312,-0.3273925781,-1.2824426889, 1.9541984797, -2.3358778954
114210067,1.1118164062,0.1684570312,-0.3156738281,-1.1297709942, 1.6183205843, -2.1832060814
114220067,1.1052246094,0.1708984375,-0.3200683594,-1.2061069012, 1.7099236250, -1.9236640930
114230067,1.1062011719,0.1784667969,-0.3166503906,-1.2213740349, 1.7709923983, -2.0152671337
114240067,1.1052246094,0.1782226562,-0.3220214844,-1.2213740349, 1.9236640930, -1.9083969593
114250067,1.1040039062,0.1748046875,-0.3203125000,-1.2061069012, 2.3969466686, -1.9389313459
114260067,1.1035156250,0.1779785156,-0.3105468750,-1.4351145029, 2.6717557907, -1.7557251453
114270067,1.1020507812,0.1740722656,-0.3212890625,-1.5267175436, 2.8854961395, -2.1068701744
114280067,1.1059570312,0.1718750000,-0.3229980469,-1.4351145029, 2.5038168430, -2.2442748547
114290067,1.1074218750,0.1757812500,-0.3166503906,-1.5725190639, 1.9847328663, -1.9236640930
114300067,1.1113281250,0.1772460938,-0.3073730469,-1.5114504099, 1.3740458488, -1.7404580116
114310067,1.1120605469,0.1740722656,-0.3186035156,-1.4656488895, 0.9007633328, -1.7099236250
114320067,1.1059570312,0.1735839844,-0.3095703125,-1.4656488895, 0.7022900581, -1.7557251453
114330067,1.0979003906,0.1694335938,-0.3212890625,-1.3893129826, 0.8702290058, -1.8320610523
114340067,1.1115722656,0.1718750000,-0.3154296875,-1.6335878372, 0.8244274855, -1.8625954390
114350067,1.1042480469,0.1757812500,-0.3242187500,-1.5725190639, 0.9160305262, -1.6488549709
114360067,1.1093750000,0.1740722656,-0.3125000000,-1.5419846773, 1.8320610523, -1.5267175436
114370067,1.1125488281,0.1701660156,-0.3212890625,-1.3740458488, 2.3206107616, -2.0916030407
114380067,1.1101074219,0.1816406250,-0.3181152344,-1.4503816366, 3.0534350872, -2.3206107616
114390067,1.1020507812,0.1735839844,-0.3154296875,-1.6641221046, 3.1145038605, -2.2900762558
114400067,1.1086425781,0.1777343750,-0.3076171875,-1.8473281860, 2.5954198837, -1.4503816366
114410067,1.1044921875,0.1745605469,-0.2998046875,-1.6793893576, 2.0152671337, -0.7328244448
114420067,1.1069335938,0.1809082031,-0.3044433594,-1.4503816366, 0.9923664331, -0.1832061112
114430067,1.1059570312,0.1809082031,-0.3059082031,-1.0992366076, 0.4885496199, -0.7175572515
114440067,1.1022949219,0.1770019531,-0.3198242188,-1.2519084215, 0.7175572515, -1.5267175436
114450067,1.0976562500,0.1757812500,-0.3212890625,-1.6946564913, 1.4656488895, -1.7862595320
114460067,1.0937500000,0.1767578125,-0.3247070312,-1.9083969593, 1.9847328663, -1.8167939186
114470067,1.0942382812,0.1738281250,-0.3276367188,-2.0000000000, 1.7557251453, -1.9083969593
114480219,1.1083984375,0.1787109375,-0.3146972656,-1.6183205843, 1.3587785959, -1.8015266657
114490067,1.1184082031,0.1765136719,-0.3251953125,-1.3893129826, 0.5343511701, -1.2671755552
114500067,1.1186523438,0.1823730469,-0.3178710938,-1.2977099419, 0.8396946788, -0.8702290058
114510067,1.1086425781,0.1799316406,-0.3168945312,-1.3587785959, 1.6335878372, -0.8091602921
114520067,1.1074218750,0.1718750000,-0.3190917969,-1.2977099419, 2.5648853779, -0.8396946788
114530067,1.1027832031,0.1779785156,-0.2988281250,-1.4198473692, 2.7480916977, -0.9770992398
114540067,1.1044921875,0.1699218750,-0.3002929688,-1.4351145029, 2.0152671337, -1.1603053808
114550067,1.1069335938,0.1694335938,-0.3027343750,-1.5114504099, 1.4045801163, -1.0992366076
114560067,1.1120605469,0.1687011719,-0.3088378906,-1.6946564913, 1.1297709942, -1.1450381279
114570067,1.1186523438,0.1765136719,-0.3151855469,-1.9083969593, 0.9465649128, -1.3587785959
114580067,1.1132812500,0.1713867188,-0.3173828125,-1.8167939186, 0.9923664331, -1.5114504099
114590067,1.1071777344,0.1733398438,-0.3112792969,-2.2595419884, 0.5801526904, -1.3587785959
114600067,1.1062011719,0.1677246094,-0.3200683594,-2.0458016396, 0.0610687025, -1.1603053808
114610067,1.1027832031,0.1711425781,-0.3137207031,-2.0305342674, -0.1984732896, -1.1755725145
114620067,1.1086425781,0.1750488281,-0.3166503906,-2.1068701744, -0.1832061112, -0.9465649128
114630067,1.1025390625,0.1735839844,-0.3239746094,-1.9847328663, 0.1984732896, -0.9160305262
114640067,1.1037597656,0.1748046875,-0.3203125000,-2.1068701744, 0.5496183038, -1.3282443285
114650067,1.1025390625,0.1691894531,-0.3208007812,-1.8625954390, 1.0534350872, -1.7862595320
114660067,1.1044921875,0.1704101562,-0.3041992188,-1.7404580116, 0.8549618125, -1.5267175436
114670067,1.1022949219,0.1789550781,-0.3115234375,-1.6946564913, 0.1221374050, -1.2519084215
114680067,1.1030273438,0.1733398438,-0.3120117188,-1.5572519302, -0.0458015278, -0.9618320465
114690067,1.1018066406,0.1767578125,-0.3134765625,-2.0305342674, -0.4885496199, -1.0534350872
114700067,1.1064453125,0.1762695312,-0.3142089844,-2.0763359070, -0.0152671756, -1.0381679535
114710067,1.1093750000,0.1779785156,-0.3222656250,-1.8167939186, 0.6412213445, -1.3740458488
114720067,1.1186523438,0.1674804688,-0.3232421875,-2.0458016396, 0.6259542108, -1.0687023401
114730067,1.1157226562,0.1721191406,-0.3203125000,-1.8931298256, 0.2442748100, -1.1297709942
114740067,1.1132812500,0.1762695312,-0.3115234375,-1.8473281860, 0.0763358772, -1.0992366076
114750067,1.1142578125,0.1740722656,-0.3205566406,-1.8015266657, -0.2442748100, -1.1908396482
114760067,1.1118164062,0.1748046875,-0.3247070312,-1.8931298256, -0.1068702266, -0.7328244448
114770067,1.1145019531,0.1760253906,-0.3142089844,-1.9236640930, 0.1526717544, -0.5801526904
114780067,1.1069335938,0.1728515625,-0.3137207031,-1.8167939186, 0.9618320465, -0.6412213445
114790067,1.1064453125,0.1745605469,-0.3198242188,-1.9694656134, 1.3587785959, -0.5801526904
114800067,1.1022949219,0.1728515625,-0.3068847656,-1.8625954390, 0.9160305262, -0.9618320465
114810067,1.1118164062,0.1723632812,-0.3159179688,-1.8931298256, 0.4427480996, -0.8854961991
114820067,1.1118164062,0.1713867188,-0.3120117188,-2.1984732151, -0.0610687025, -1.0076335669
114830067,1.1127929688,0.1699218750,-0.3173828125,-2.0458016396, -0.6106870174, -1.1450381279
114840067,1.1115722656,0.1679687500,-0.3168945312,-2.0916030407, -0.5496183038, -1.2824426889
114850067,1.1069335938,0.1704101562,-0.3288574219,-2.1679389477, 0.0000000000, -0.8854961991
114860067,1.1059570312,0.1718750000,-0.3283691406,-2.0916030407, 0.5801526904, -0.8244274855
114870067,1.1125488281,0.1694335938,-0.3164062500,-2.0458016396, 0.8396946788, -0.5496183038
114880067,1.1118164062,0.1765136719,-0.3164062500,-2.1068701744, 0.4732824564, -0.5343511701
114890067,1.1057128906,0.1721191406,-0.3129882812,-1.9847328663, 0.3358778656, -0.6870229244
114900067,1.1152343750,0.1694335938,-0.3222656250,-1.8778625727, 0.2137404531, -0.7938931584
114910067,1.1057128906,0.1723632812,-0.3220214844,-1.8473281860, 0.3358778656, -0.7786259651
114920067,1.1098632812,0.1745605469,-0.3273925781,-1.9083969593, 0.5343511701, -0.7022900581
114930067,1.1120605469,0.1672363281,-0.3271484375,-1.7862595320, 0.5038167834, -0.5496183038
114940067,1.1071777344,0.1635742188,-0.3232421875,-1.7251908779, 0.3664122224, -0.6870229244
114950067,1.1044921875,0.1665039062,-0.3200683594,-1.9847328663, 0.6717557311, -0.9923664331
114960067,1.1030273438,0.1726074219,-0.3229980469,-2.1374046803, 0.5954198241, -0.5648854971
114970067,1.1018066406,0.1726074219,-0.3215332031,-1.9236640930, 0.4274809062, -0.1679389328
114980067,1.1030273438,0.1684570312,-0.3195800781,-1.9541984797, 0.2442748100, 0.5648854971
114990067,1.1154785156,0.1735839844,-0.3125000000,-1.9236640930, 0.0458015278, 0.6870229244
115000067,1.1125488281,0.1665039062,-0.3154296875,-1.8320610523, -0.5190839767, 0.5038167834
115010067,1.1096191406,0.1689453125,-0.3232421875,-2.1679389477, -1.2366411686, 0.0458015278
115020067,1.1076660156,0.1682128906,-0.3320312500,-1.9083969593, -1.6030534506, -0.3206106722
115030067,1.1083984375,0.1674804688,-0.3222656250,-1.9847328663, -1.4503816366, -0.8091602921
115040067,1.1081542969,0.1687011719,-0.3312988281,-1.5572519302, -1.0992366076, -1.2977099419
115050067,1.1179199219,0.1730957031,-0.3349609375,-1.5725190639, 0.2442748100, -0.9770992398
115060067,1.1125488281,0.1640625000,-0.3317871094,-1.4503816366, 1.6183205843, -0.9618320465
115070067,1.1110839844,0.1701660156,-0.3271484375,-1.6641221046, 2.1374046803, -1.1145038605
115080067,1.1027832031,0.1672363281,-0.3164062500,-2.0763359070, 2.0763359070, -1.7099236250
115090067,1.1027832031,0.1672363281,-0.3212890625,-2.3816792965, 1.3740458488, -1.9083969593
115100067,1.1064453125,0.1672363281,-0.3149414062,-2.2595419884, 0.6106870174, -1.5877863169
115110067,1.1027832031,0.1755371094,-0.3120117188,-2.2900762558, -0.0458015278, -0.4732824564
115120067,1.1069335938,0.1701660156,-0.3107910156,-1.8473281860, -0.9465649128, 0.7938931584
115130067,1.1066894531,0.1711425781,-0.3195800781,-2.0152671337, -1.2977099419, 1.3282443285
115140067,1.1008300781,0.1704101562,-0.3291015625,-2.1984732151, -1.4351145029, 0.5343511701
115150067,1.0954589844,0.1667480469,-0.3371582031,-2.2748091221, -0.7175572515, -0.2442748100
115160169,1.0988769531,0.1662597656,-0.3305664062,-2.3053436279, -0.3206106722, -0.9618320465
115170067,1.0917968750,0.1677246094,-0.3300781250,-2.5038168430, -0.1832061112, -1.1755725145
115180067,1.1044921875,0.1662597656,-0.3251953125,-1.9236640930, -0.0916030556, -1.0076335669
115190067,1.1169433594,0.1726074219,-0.3364257812,-1.6793893576, -0.5190839767, -1.0229008198
115200067,1.1115722656,0.1662597656,-0.3303222656,-1.4503816366, -0.8854961991, -0.5343511701
115210067,1.1232910156,0.1706542969,-0.3273925781,-1.2366411686, -0.4122137427, -0.3511450291
115220067,1.1147460938,0.1691894531,-0.3254394531,-1.3893129826, 0.3511450291, -0.1984732896
115230067,1.1118164062,0.1640625000,-0.3256835938,-1.5419846773, 0.8244274855, -0.3664122224
115240067,1.1035156250,0.1594238281,-0.3171386719,-1.7404580116, 0.7938931584, -0.4122137427
115250067,1.0981445312,0.1579589844,-0.3154296875,-1.5877863169, 0.1832061112, -0.5954198241
115260067,1.1052246094,0.1635742188,-0.3129882812,-1.8167939186, -0.1221374050, -0.3969465792
115270067,1.1079101562,0.1628417969,-0.3188476562,-1.8473281860, -0.9923664331, -0.5648854971
115280067,1.1135253906,0.1601562500,-0.3225097656,-2.0305342674, -1.1755725145, -1.0229008198
115290067,1.1176757812,0.1625976562,-0.3269042969,-2.1832060814, -1.3740458488, -1.2519084215
115300067,1.1035156250,0.1604003906,-0.3364257812,-2.1221373081, -1.5419846773, -1.5114504099
115310067,1.1049804688,0.1684570312,-0.3300781250,-2.2748091221, -1.5419846773, -1.5114504099
115320067,1.1027832031,0.1679687500,-0.3398437500,-2.2290077209, -1.0992366076, -1.4351145029
115330067,1.0996093750,0.1613769531,-0.3466796875,-2.2595419884, -0.4732824564, -1.0534350872
115340067,1.0954589844,0.1625976562,-0.3474121094,-2.0458016396, 0.7175572515, -0.8702290058
115350067,1.1079101562,0.1669921875,-0.3295898438,-2.1832060814, 1.3587785959, -0.8549618125
115360067,1.1030273438,0.1665039062,-0.3442382812,-1.6641221046, 1.9541984797, -1.0076335669
115370067,1.1096191406,0.1628417969,-0.3220214844,-1.8015266657, 1.7404580116, -0.9007633328
115380067,1.1123046875,0.1757812500,-0.3239746094,-1.8778625727, 0.6106870174, -0.8702290058
115390067,1.1069335938,0.1647949219,-0.3183593750,-1.8931298256, -0.3511450291, -0.5496183038
115400067,1.0979003906,0.1645507812,-0.3259277344,-1.8778625727, -1.5114504099, -0.6564885378
115410067,1.1027832031,0.1655273438,-0.3266601562,-1.7862595320, -1.4809160233, -0.6412213445
115420067,1.1027832031,0.1679687500,-0.3286132812,-2.3358778954, -1.2213740349, -0.7175572515
115430067,1.1054687500,0.1584472656,-0.3349609375,-2.1679389477, -0.8244274855, -0.8702290058
115440067,1.1120605469,0.1618652344,-0.3364257812,-2.0458016396, -0.4885496199, -0.5954198241
115450067,1.1079101562,0.1684570312,-0.3386230469,-1.7404580116, -0.2900763452, -0.3969465792
115460067,1.1142578125,0.1655273438,-0.3281250000,-1.9083969593, 0.1832061112, -0.1374045759
115470067,1.1118164062,0.1652832031,-0.3295898438,-2.1984732151, 0.7175572515, -0.0152671756
115480267,1.1054687500,0.1650390625,-0.3342285156,-1.9236640930, 0.8244274855, 0.0916030556
115490067,1.1020507812,0.1621093750,-0.3330078125,-2.1068701744, 0.7480915785, -0.3511450291
115500067,1.0981445312,0.1613769531,-0.3352050781,-2.1526718140, 0.2748091519, -0.5343511701
115510067,1.1018066406,0.1606445312,-0.3215332031,-2.3969466686, -0.0458015278, -0.4274809062
115520067,1.1032714844,0.1679687500,-0.3227539062,-2.2900762558, -0.4885496199, -0.3664122224
115530067,1.1105957031,0.1645507812,-0.3339843750,-2.1374046803, -0.7633587718, -0.4274809062
115540067,1.1120605469,0.1635742188,-0.3388671875,-2.2900762558, -1.1603053808, -0.0458015278
115550067,1.1118164062,0.1652832031,-0.3339843750,-2.2595419884, -1.0839694738, 0.3358778656
115560067,1.1020507812,0.1596679688,-0.3361816406,-2.1832060814, -1.2977099419, 0.1374045759
115570067,1.1059570312,0.1591796875,-0.3366699219,-2.2748091221, -1.2519084215, -0.1526717544
115580067,1.1015625000,0.1643066406,-0.3356933594,-2.2595419884, -1.1450381279, -0.2290076315
115590067,1.1042480469,0.1591796875,-0.3334960938,-2.1679389477, -1.2213740349, -0.3969465792
115600067,1.1020507812,0.1645507812,-0.3427734375,-2.3358778954, -1.0229008198, -0.4580152631
115610067,1.1044921875,0.1623535156,-0.3391113281,-2.0916030407, -1.1297709942, -0.1374045759
115620067,1.1074218750,0.1618652344,-0.3454589844,-2.0610687733, -0.9312977195, -0.1832061112
115630067,1.1096191406,0.1555175781,-0.3398437500,-2.0610687733, -0.5190839767, -0.1832061112
115640067,1.1032714844,0.1589355469,-0.3374023438,-2.1221373081, -0.3664122224, 0.1374045759
115650067,1.1018066406,0.1618652344,-0.3334960938,-2.0305342674, -0.0610687025, 0.0152671756
115660067,1.1091308594,0.1596679688,-0.3420410156,-1.9083969593, -0.0458015278, -0.0763358772
115670067,1.1074218750,0.1545410156,-0.3393554688,-2.0152671337, -0.1832061112, -0.3358778656
115680067,1.1076660156,0.1586914062,-0.3366699219,-2.3206107616, -0.0610687025, -0.5648854971
115690067,1.1118164062,0.1577148438,-0.3293457031,-2.2595419884, -0.0763358772, -0.1984732896
115700067,1.1103515625,0.1589355469,-0.3315429688,-2.3358778954, -0.1221374050, 0.2900763452
115710067,1.1018066406,0.1489257812,-0.3303222656,-2.1526718140, -0.3816793859, 0.3358778656
115720067,1.1066894531,0.1545410156,-0.3361816406,-2.2137403488, -0.0152671756, 0.0916030556
115730067,1.1076660156,0.1560058594,-0.3493652344,-2.3664121628, 0.1374045759, 0.2595419884
115740067,1.1071777344,0.1589355469,-0.3393554688,-2.2900762558, 0.0458015278, 0.1221374050
115750067,1.1064453125,0.1660156250,-0.3361816406,-2.2900762558, -0.3969465792, -0.0305343512
115760067,1.1105957031,0.1560058594,-0.3444824219,-2.2137403488, -0.4274809062, -0.1526717544
115770067,1.1079101562,0.1572265625,-0.3486328125,-1.8473281860, -0.6564885378, -0.4580152631
115780067,1.1140136719,0.1542968750,-0.3488769531,-1.7404580116, -0.3206106722, -0.4122137427
115790067,1.1022949219,0.1474609375,-0.3449707031,-1.7709923983, 0.0610687025, -1.0381679535
115800067,1.1120605469,0.1489257812,-0.3527832031,-1.6183205843, 0.6717557311, -0.9770992398
115810067,1.1115722656,0.1601562500,-0.3515625000,-1.4045801163, 1.2519084215, -1.5572519302
115820067,1.1118164062,0.1591796875,-0.3381347656,-1.7862595320, 1.5572519302, -1.4961831570
115830067,1.1052246094,0.1562500000,-0.3354492188,-1.6641221046, 0.9618320465, -1.9541984797
115840067,1.0944824219,0.1479492188,-0.3344726562,-2.0916030407, 0.6717557311, -2.7633588314
115850067,1.1115722656,0.1550292969,-0.3271484375,-2.1679389477, 0.6717557311, -3.1908397675
115860067,1.1047363281,0.1547851562,-0.3330078125,-2.1832060814, 1.0076335669, -2.4274809361
115870067,1.1069335938,0.1601562500,-0.3349609375,-1.8320610523, 1.2519084215, -1.5267175436
115880067,1.1076660156,0.1616210938,-0.3425292969,-1.9083969593, 1.7099236250, -0.9160305262
115890067,1.1025390625,0.1596679688,-0.3496093750,-2.0152671337, 2.0763359070, -0.4580152631
115900067,1.0942382812,0.1591796875,-0.3422851562,-2.3053436279, 2.4732823372, -1.0229008198
115910067,1.0837402344,0.1584472656,-0.3361816406,-2.4885497093, 2.3969466686, -1.8015266657
115920067,1.0842285156,0.1667480469,-0.3293457031,-2.5343511105, 1.0534350872, -2.0763359070
115930067,1.0900878906,0.1569824219,-0.3271484375,-2.5801527500, -0.9160305262, -2.1526718140
115940067,1.0974121094,0.1550292969,-0.3288574219,-2.1374046803, -2.9007632732, -2.3206107616
115950067,1.1079101562,0.1606445312,-0.3464355469,-1.8473281860, -3.7862596512, -1.6183205843
115960067,1.1142578125,0.1569824219,-0.3479003906,-1.6488549709, -3.0076336861, -0.6412213445
115970067,1.1174316406,0.1418457031,-0.3535156250,-1.2061069012, -1.7099236250, -0.5801526904
115980067,1.1169433594,0.1462402344,-0.3562011719,-1.4961831570, 0.3969465792, -1.1908396482
115990067,1.1171875000,0.1520996094,-0.3486328125,-1.7251908779, 2.2900762558, -1.6030534506
116000067,1.1088867188,0.1550292969,-0.3405761719,-1.6641221046, 3.0687022209, -1.5877863169
116010067,1.1022949219,0.1545410156,-0.3327636719,-1.9083969593, 2.3664121628, -1.3587785959
116020067,1.1069335938,0.1555175781,-0.3344726562,-1.8931298256, 1.4503816366, -1.0839694738
116030067,1.1047363281,0.1499023438,-0.3339843750,-1.9236640930, -0.0610687025, -0.9465649128
116040067,1.1020507812,0.1513671875,-0.3398437500,-2.0152671337, -0.7328244448, -0.9007633328
116050067,1.1042480469,0.1518554688,-0.3540039062,-1.7709923983, -1.1603053808, -1.0992366076
116060067,1.1179199219,0.1572265625,-0.3513183594,-2.0610687733, -1.1755725145, -1.2366411686
116070067,1.1088867188,0.1486816406,-0.3630371094,-2.0000000000, -0.6870229244, -1.2671755552
116080067,1.1101074219,0.1567382812,-0.3466796875,-1.9083969593, 0.1374045759, -1.1297709942
116090067,1.0991210938,0.1538085938,-0.3603515625,-2.1221373081, 1.3129770756, -0.8854961991
116100067,1.1074218750,0.1560058594,-0.3393554688,-1.8473281860, 1.9847328663, -0.8854961991
116110067,1.1035156250,0.1589355469,-0.3522949219,-1.8625954390, 1.8473281860, -0.9007633328
116120067,1.1105957031,0.1579589844,-0.3425292969,-1.5572519302, 1.0534350872, -1.3435114622
116130067,1.1069335938,0.1564941406,-0.3400878906,-1.6183205843, 0.7328244448, -1.5267175436
116140067,1.1037597656,0.1606445312,-0.3437500000,-1.6488549709, 1.1450381279, -1.0992366076
116150067,1.1074218750,0.1472167969,-0.3488769531,-1.8931298256, 1.6641221046, -1.1145038605
116160067,1.0927734375,0.1562500000,-0.3369140625,-1.9236640930, 2.2442748547, -0.8549618125
116170067,1.1022949219,0.1547851562,-0.3427734375,-1.7862595320, 2.3358778954, -1.2213740349
116180067,1.0964355469,0.1520996094,-0.3352050781,-1.8778625727, 1.5267175436, -2.0610687733
116190067,1.0981445312,0.1586914062,-0.3325195312,-1.7404580116, 0.9618320465, -2.6106870174
116200067,1.1081542969,0.1547851562,-0.3347167969,-1.8320610523, 0.4732824564, -2.9770991802
116210067,1.1047363281,0.1564941406,-0.3576660156,-1.9541984797, 0.2595419884, -2.7480916977
116220067,1.1123046875,0.1630859375,-0.3535156250,-1.8015266657, 0.8702290058, -2.6564886570
116230067,1.1105957031,0.1608886719,-0.3498535156,-1.6641221046, 1.3282443285, -2.3511450291
116240067,1.1044921875,0.1589355469,-0.3425292969,-1.7251908779, 1.4809160233, -2.0610687733
116250067,1.1110839844,0.1533203125,-0.3352050781,-1.7404580116, 1.2977099419, -1.8625954390
116260067,1.1081542969,0.1511230469,-0.3437500000,-1.7099236250, 0.7175572515, -1.8778625727
116270067,1.0979003906,0.1533203125,-0.3449707031,-1.5419846773, 0.6564885378, -1.8167939186
116280067,1.1013183594,0.1538085938,-0.3359375000,-1.4809160233, 1.0381679535, -1.4351145029
116290067,1.1022949219,0.1538085938,-0.3491210938,-1.8625954390, 1.2671755552, -1.4198473692
116300067,1.0959472656,0.1516113281,-0.3437500000,-1.6946564913, 1.6488549709, -1.4961831570
116310067,1.0959472656,0.1562500000,-0.3488769531,-1.7557251453, 1.7557251453, -1.7709923983
116320067,1.1071777344,0.1586914062,-0.3459472656,-1.8167939186, 1.5725190639, -2.0000000000
116330067,1.1086425781,0.1586914062,-0.3447265625,-1.8015266657, 1.7251908779, -2.1984732151
116340067,1.1081542969,0.1584472656,-0.3469238281,-1.7251908779, 1.1908396482, -2.0152671337
116350067,1.1130371094,0.1586914062,-0.3437500000,-1.7099236250, 0.9923664331, -1.8473281860
116360067,1.1052246094,0.1530761719,-0.3395996094,-1.6183205843, 0.9312977195, -1.5267175436
116370067,1.1113281250,0.1601562500,-0.3518066406,-1.5114504099, 1.0992366076, -1.6488549709
116380067,1.1018066406,0.1516113281,-0.3425292969,-1.6030534506, 0.8854961991, -1.5419846773
116390067,1.1032714844,0.1552734375,-0.3317871094,-1.5572519302, 1.2213740349, -1.2366411686
116400067,1.1008300781,0.1564941406,-0.3437500000,-1.3740458488, 1.4351145029, -0.9770992398
116410067,1.1020507812,0.1560058594,-0.3449707031,-1.5572519302, 1.4351145029, -1.4045801163
116420067,1.0949707031,0.1557617188,-0.3459472656,-1.4351145029, 1.6946564913, -1.7404580116
116430067,1.1052246094,0.1569824219,-0.3464355469,-1.7557251453, 1.4351145029, -2.1832060814
116440067,1.1083984375,0.1586914062,-0.3496093750,-1.7099236250, 1.2061069012, -2.4122138023
116450067,1.1088867188,0.1616210938,-0.3525390625,-1.9694656134, 1.2977099419, -2.4732823372
116460067,1.1105957031,0.1582031250,-0.3356933594,-1.8320610523, 1.1755725145, -2.2748091221
116470067,1.1081542969,0.1503906250,-0.3444824219,-1.9083969593, 1.0534350872, -2.2900762558
116480218,1.1081542969,0.1579589844,-0.3469238281,-1.4961831570, 1.2824426889, -2.1221373081
116490067,1.1066894531,0.1530761719,-0.3496093750,-1.4809160233, 1.3435114622, -1.8320610523
116500067,1.1054687500,0.1579589844,-0.3408203125,-1.3435114622, 1.2061069012, -1.5419846773
116510067,1.1013183594,0.1511230469,-0.3364257812,-1.5419846773, 1.3740458488, -1.2061069012
116520067,1.1057128906,0.1560058594,-0.3542480469,-1.4503816366, 1.3740458488, -1.0381679535
116530067,1.1037597656,0.1579589844,-0.3447265625,-1.4961831570, 1.1450381279, -1.2366411686
116540067,1.1042480469,0.1525878906,-0.3339843750,-1.5267175436, 1.3435114622, -1.6641221046
116550067,1.1059570312,0.1569824219,-0.3386230469,-1.8625954390, 1.1603053808, -2.3511450291
116560067,1.1081542969,0.1562500000,-0.3571777344,-1.7404580116, 0.9007633328, -2.7022900581
116570067,1.1042480469,0.1582031250,-0.3576660156,-1.7862595320, 0.7022900581, -2.5496182442
116580067,1.1152343750,0.1574707031,-0.3564453125,-1.5419846773, 1.0381679535, -2.1679389477
116590067,1.1047363281,0.1574707031,-0.3369140625,-1.5419846773, 1.2824426889, -1.8015266657
116600067,1.1088867188,0.1589355469,-0.3535156250,-1.1145038605, 1.1450381279, -1.6946564913
116610067,1.1047363281,0.1567382812,-0.3444824219,-1.5725190639, 0.8549618125, -2.4732823372
116620067,1.1032714844,0.1572265625,-0.3461914062,-1.6488549709, 1.0839694738, -3.0687022209
116630067,1.1018066406,0.1596679688,-0.3369140625,-1.7862595320, 1.4351145029, -2.6564886570
116640067,1.1008300781,0.1584472656,-0.3503417969,-1.8931298256, 1.9389313459, -1.6946564913
116650067,1.1054687500,0.1699218750,-0.3483886719,-1.6641221046, 2.4427480698, -1.3893129826
116660067,1.1035156250,0.1638183594,-0.3461914062,-1.9083969593, 2.5648853779, -1.6641221046
116670067,1.0981445312,0.1635742188,-0.3369140625,-1.7709923983, 2.2900762558, -2.4122138023
116680067,1.0927734375,0.1567382812,-0.3398437500,-1.9389313459, 1.9083969593, -3.3893129826
116690067,1.0815429688,0.1508789062,-0.3510742188,-2.0458016396, 1.4045801163, -4.2900762558
116700067,1.0993652344,0.1557617188,-0.3491210938,-1.5877863169, 1.3587785959, -4.4122138023
116710067,1.0932617188,0.1618652344,-0.3588867188,-1.2824426889, 1.2061069012, -3.9236640930
116720067,1.1027832031,0.1618652344,-0.3601074219,-1.2671755552, 1.4351145029, -3.4656488895
116730067,1.1208496094,0.1677246094,-0.3615722656,-0.9770992398, 1.7099236250, -3.1297709942
116740067,1.1259765625,0.1618652344,-0.3566894531,-0.9312977195, 2.0458016396, -2.8091602325
116750067,1.1237792969,0.1618652344,-0.3388671875,-0.8244274855, 2.6717557907, -2.8549618721
116760067,1.1157226562,0.1589355469,-0.3471679688,-1.1450381279, 2.9618320465, -3.2671756744
116770067,1.1157226562,0.1579589844,-0.3439941406,-1.3893129826, 2.8091602325, -3.5572519302
116780067,1.1066894531,0.1591796875,-0.3395996094,-1.2671755552, 2.2748091221, -3.6641221046
116790067,1.1154785156,0.1560058594,-0.3369140625,-1.3435114622, 2.0152671337, -4.0152673721
116800067,1.1123046875,0.1574707031,-0.3435058594,-1.3129770756, 2.1984732151, -3.5114502907
116810067,1.1074218750,0.1569824219,-0.3474121094,-0.7786259651, 2.0000000000, -3.3740458488
116820067,1.1049804688,0.1628417969,-0.3427734375,-1.0534350872, 2.3358778954, -3.0381679535
116830067,1.0971679688,0.1540527344,-0.3403320312,-1.2824426889, 2.5343511105, -3.0229008198
116840067,1.0961914062,0.1547851562,-0.3393554688,-1.1603053808, 2.7786259651, -3.0534350872
116850067,1.1000976562,0.1623535156,-0.3530273438,-1.1450381279, 2.9465649128, -3.1603052616
116860067,1.0959472656,0.1665039062,-0.3461914062,-1.5877863169, 3.0229008198, -2.9923663139
116870067,1.1027832031,0.1713867188,-0.3457031250,-1.6335878372, 3.0229008198, -3.0992367268
116880067,1.1062011719,0.1667480469,-0.3342285156,-1.3740458488, 3.0229008198, -3.4351146221
116890067,1.1030273438,0.1684570312,-0.3437500000,-0.9923664331, 2.6106870174, -3.3435113430
116900067,1.1030273438,0.1657714844,-0.3444824219,-1.0992366076, 2.6259541512, -3.3129770756
116910067,1.1025390625,0.1672363281,-0.3408203125,-1.0229008198, 2.8702290058, -2.8396947384
116920067,1.0979003906,0.1684570312,-0.3393554688,-0.9923664331, 3.1908397675, -3.2671756744
116930067,1.0961914062,0.1645507812,-0.3415527344,-0.9007633328, 3.4809160233, -3.4656488895
116940067,1.0954589844,0.1643066406,-0.3452148438,-1.3129770756, 3.5572519302, -3.5419847965
116950067,1.1044921875,0.1672363281,-0.3398437500,-1.0076335669, 3.4656488895, -3.5267176628
116960067,1.1062011719,0.1635742188,-0.3505859375,-0.7633587718, 2.9923663139, -3.4198472500
116970067,1.1125488281,0.1684570312,-0.3415527344,-1.0381679535, 2.9007632732, -3.1908397675
116980067,1.1113281250,0.1687011719,-0.3400878906,-0.9160305262, 3.1450381279, -3.5419847965
116990067,1.1157226562,0.1672363281,-0.3479003906,-1.0381679535, 3.6183207035, -3.6946563721
117000067,1.1140136719,0.1689453125,-0.3481445312,-0.9770992398, 4.5648856163, -3.6030533314
117010067,1.1035156250,0.1647949219,-0.3427734375,-1.0687023401, 5.0381679535, -3.7709922791
117020067,1.1040039062,0.1687011719,-0.3405761719,-0.8244274855, 5.4198474884, -3.5419847965
117030067,1.1008300781,0.1674804688,-0.3342285156,-0.8091602921, 5.2671756744, -3.2519083023
117040067,1.1115722656,0.1687011719,-0.3361816406,-0.7633587718, 5.2977099419, -3.3587787151
117050067,1.1088867188,0.1665039062,-0.3354492188,-0.7633587718, 5.1297707558, -3.4961831570
117060067,1.1032714844,0.1689453125,-0.3344726562,-0.8396946788, 5.0229005814, -3.5725190639
117070067,1.1035156250,0.1711425781,-0.3200683594,-0.8244274855, 4.7633585930, -3.1145038605
117080067,1.0993652344,0.1650390625,-0.3305664062,-0.6106870174, 4.6564884186, -3.1297709942
117090067,1.1005859375,0.1669921875,-0.3381347656,-1.1603053808, 4.5954198837, -3.1908397675
117100067,1.1044921875,0.1677246094,-0.3376464844,-1.0687023401, 4.6412215233, -3.0381679535
117110067,1.0988769531,0.1708984375,-0.3347167969,-0.7633587718, 5.0229005814, -3.2366411686
117120067,1.1040039062,0.1643066406,-0.3210449219,-0.7633587718, 4.8244276047, -3.3282442093
117130067,1.1062011719,0.1743164062,-0.3281250000,-0.9160305262, 4.6412215233, -3.1755726337
117140067,1.1042480469,0.1674804688,-0.3298339844,-0.7633587718, 4.4427480698, -2.6259541512
117150067,1.1088867188,0.1718750000,-0.3322753906,-0.6106870174, 4.3358778954, -2.8396947384
117160067,1.1110839844,0.1721191406,-0.3352050781,-0.5343511701, 4.3664121628, -3.0381679535
117170067,1.1105957031,0.1711425781,-0.3220214844,-0.5954198241, 4.2900762558, -2.9923663139
117180067,1.1105957031,0.1652832031,-0.3295898438,-0.7175572515, 4.3511452675, -3.1755726337
117190067,1.1032714844,0.1682128906,-0.3288574219,-0.7938931584, 4.0763359070, -2.9923663139
117200067,1.0993652344,0.1713867188,-0.3330078125,-0.8854961991, 3.6793892384, -3.3129770756
117210067,1.0974121094,0.1711425781,-0.3295898438,-1.0229008198, 3.7251908779, -2.9312977791
117220067,1.0974121094,0.1711425781,-0.3166503906,-0.9618320465, 3.9389312267, -2.8549618721
117230067,1.0983886719,0.1689453125,-0.3225097656,-0.8549618125, 4.5190839767, -2.4580152035
117240067,1.0996093750,0.1689453125,-0.3259277344,-0.8244274855, 4.5496182442, -2.4732823372
117250067,1.1008300781,0.1713867188,-0.3178710938,-0.7786259651, 4.1526718140, -2.2900762558
117260067,1.1086425781,0.1728515625,-0.3151855469,-0.6717557311, 3.8778626919, -2.4274809361
117270067,1.1022949219,0.1738281250,-0.3183593750,-0.8549618125, 3.1297709942, -2.4885497093
117280067,1.1074218750,0.1748046875,-0.3229980469,-0.7022900581, 2.2137403488, -2.6106870174
117290067,1.1110839844,0.1684570312,-0.3325195312,-0.5343511701, 2.1679389477, -2.8244273663
117300067,1.1220703125,0.1696777344,-0.3354492188,-0.9007633328, 2.6106870174, -2.9007632732
117310067,1.1208496094,0.1733398438,-0.3320312500,-0.6106870174, 3.3893129826, -3.0229008198
117320067,1.1184082031,0.1738281250,-0.3444824219,-0.5648854971, 4.1526718140, -3.0687022209
117330067,1.1113281250,0.1696777344,-0.3337402344,-0.2748091519, 5.1755723953, -3.1603052616
117340067,1.1159667969,0.1716308594,-0.3225097656,-0.3053435087, 5.7557253838, -3.0839693546
117350067,1.1064453125,0.1623535156,-0.3081054688,-0.6717557311, 5.8320612907, -3.3587787151
117360067,1.1118164062,0.1740722656,-0.3168945312,-0.6259542108, 5.9236640930, -3.6335878372
117370067,1.1091308594,0.1723632812,-0.3129882812,-0.8396946788, 5.5419845581, -3.5419847965
117380067,1.1005859375,0.1721191406,-0.3161621094,-1.0992366076, 5.3435115814, -3.0076336861
117390067,1.1000976562,0.1821289062,-0.3046875000,-0.9923664331, 4.7328243256, -1.8778625727
117400067,1.1069335938,0.1728515625,-0.3083496094,-0.9465649128, 3.4656488895, -1.7404580116
117410067,1.0983886719,0.1772460938,-0.3117675781,-0.9923664331, 2.8854961395, -2.3358778954
117420067,1.0988769531,0.1735839844,-0.3220214844,-1.1297709942, 2.4122138023, -2.6259541512
117430067,1.1025390625,0.1765136719,-0.3298339844,-1.1755725145, 2.6106870174, -2.8396947384
117440067,1.1083984375,0.1787109375,-0.3352050781,-1.0687023401, 3.4351146221, -2.8244273663
117450067,1.1044921875,0.1801757812,-0.3227539062,-0.7480915785, 3.6793892384, -2.3206107616
117460067,1.1071777344,0.1796875000,-0.3242187500,-0.5801526904, 3.5419847965, -2.1832060814
117470067,1.1088867188,0.1713867188,-0.3188476562,-0.5038167834, 2.7938930988, -2.1068701744
117480220,1.1203613281,0.1796875000,-0.3244628906,-0.5648854971, 3.0839693546, -2.6106870174
117490067,1.1191406250,0.1770019531,-0.3195800781,-0.4732824564, 3.6641221046, -2.6564886570
117500067,1.1191406250,0.1723632812,-0.3159179688,-0.2900763452, 4.3969464302, -2.7633588314
117510067,1.1201171875,0.1728515625,-0.3061523438,-0.1679389328, 4.4885497093, -2.3358778954
117520067,1.1127929688,0.1733398438,-0.3044433594,-0.3358778656, 4.5038166046, -2.3053436279
117530067,1.1076660156,0.1718750000,-0.3041992188,-0.4427480996, 3.9847328663, -2.1832060814
117540067,1.1074218750,0.1694335938,-0.3029785156,-0.7938931584, 3.5114502907, -2.2137403488
117550067,1.1091308594,0.1762695312,-0.3144531250,-0.9007633328, 3.3282442093, -2.6412212849
117560067,1.1115722656,0.1726074219,-0.3178710938,-1.0839694738, 3.7404580116, -2.3969466686
117570067,1.1035156250,0.1704101562,-0.3095703125,-1.0076335669, 4.2290077209, -2.6106870174
117580067,1.1066894531,0.1735839844,-0.3107910156,-1.0687023401, 3.9694657326, -2.3816792965
117590067,1.1027832031,0.1745605469,-0.3139648438,-1.1450381279, 3.7251908779, -2.2595419884
117600067,1.1083984375,0.1799316406,-0.3049316406,-1.1755725145, 3.7404580116, -2.6717557907
117610067,1.1149902344,0.1791992188,-0.3181152344,-1.0381679535, 3.5725190639, -3.1755726337
117620067,1.1059570312,0.1728515625,-0.3120117188,-1.0076335669, 3.4656488895, -3.0992367268
117630067,1.1105957031,0.1762695312,-0.3073730469,-0.7786259651, 3.2061069012, -2.8702290058
117640067,1.1096191406,0.1772460938,-0.3098144531,-0.9465649128, 2.7022900581, -2.2900762558
117650067,1.0935058594,0.1806640625,-0.3081054688,-0.9465649128, 2.7938930988, -1.8625954390
117660067,1.1047363281,0.1848144531,-0.3068847656,-1.0839694738, 2.8091602325, -1.9083969593
117670067,1.1027832031,0.1745605469,-0.3100585938,-1.3435114622, 2.7938930988, -2.2290077209
117680067,1.1137695312,0.1716308594,-0.3024902344,-1.3587785959, 2.5648853779, -2.5343511105
117690067,1.1052246094,0.1755371094,-0.3088378906,-1.0839694738, 2.1832060814, -2.4427480698
117700067,1.1105957031,0.1772460938,-0.3122558594,-0.9007633328, 1.7404580116, -2.4580152035
117710067,1.1113281250,0.1794433594,-0.3090820312,-1.2824426889, 1.4809160233, -2.4274809361
117720067,1.1069335938,0.1801757812,-0.3010253906,-1.2671755552, 1.9389313459, -2.2137403488
117730067,1.1113281250,0.1875000000,-0.3027343750,-1.3740458488, 2.3511450291, -1.6641221046
117740067,1.1032714844,0.1733398438,-0.2973632812,-1.3587785959, 2.7022900581, -1.6946564913
117750067,1.1064453125,0.1770019531,-0.3085937500,-1.6030534506, 1.9694656134, -1.8473281860
117760067,1.1042480469,0.1791992188,-0.2993164062,-1.4961831570, 1.3129770756, -1.5877863169
117770067,1.1123046875,0.1755371094,-0.3005371094,-1.2824426889, 0.4732824564, -1.5267175436
117780067,1.1096191406,0.1784667969,-0.3105468750,-1.3740458488, 0.2442748100, -1.9541984797
117790067,1.1132812500,0.1816406250,-0.3107910156,-1.4961831570, 0.5496183038, -2.0458016396
117800067,1.1135253906,0.1801757812,-0.3117675781,-1.6183205843, 0.8702290058, -1.6793893576
117810067,1.1115722656,0.1772460938,-0.3103027344,-1.3435114622, 1.2366411686, -1.3129770756
117820067,1.1115722656,0.1804199219,-0.3017578125,-1.5572519302, 1.5114504099, -1.3435114622
