time,xacc,yacc,zacc,xgyro,ygyro,zgyro
1211070067,1.1506347656,-0.0502929688,-0.0917968750,-1.6030534506, 2.1526718140, 0.1679389328
1211080067,1.1567382812,-0.0478515625,-0.0883789062,-1.3129770756, 2.2137403488, -0.0458015278
1211090067,1.1455078125,-0.0490722656,-0.0915527344,-1.5267175436, 2.1068701744, -1.2213740349
1211100067,1.1523437500,-0.0476074219,-0.0847167969,-1.4503816366, 1.9389313459, -1.3587785959
1211110067,1.1586914062,-0.0507812500,-0.0930175781,-1.5725190639, 1.9847328663, -1.2671755552
1211120067,1.1501464844,-0.0529785156,-0.0903320312,-1.4351145029, 2.0458016396, -1.0229008198
1211130067,1.1628417969,-0.0588378906,-0.0922851562,-1.5725190639, 2.0458016396, -0.8091602921
1211140067,1.1550292969,-0.0498046875,-0.1047363281,-1.7557251453, 1.9541984797, -0.3206106722
1211150067,1.1623535156,-0.0546875000,-0.0917968750,-1.6793893576, 1.8625954390, -0.4274809062
1211160067,1.1547851562,-0.0529785156,-0.0996093750,-2.0458016396, 2.0152671337, -0.4274809062
1211170067,1.1542968750,-0.0546875000,-0.0959472656,-2.1679389477, 2.3969466686, -0.5648854971
1211180067,1.1538085938,-0.0563964844,-0.0817871094,-2.0763359070, 2.3358778954, -0.9770992398
1211190067,1.1518554688,-0.0515136719,-0.0942382812,-1.9236640930, 2.4732823372, -0.7633587718
1211200067,1.1433105469,-0.0512695312,-0.0822753906,-1.8931298256, 2.5648853779, -0.7328244448
1211210067,1.1533203125,-0.0524902344,-0.0837402344,-2.0305342674, 2.3511450291, -1.0381679535
1211220067,1.1499023438,-0.0510253906,-0.0917968750,-1.8931298256, 2.4427480698, -0.9160305262
1211230067,1.1525878906,-0.0471191406,-0.0832519531,-1.6183205843, 2.3511450291, -0.7938931584
1211240067,1.1569824219,-0.0585937500,-0.0930175781,-1.8320610523, 2.2137403488, -0.5648854971
1211250067,1.1552734375,-0.0573730469,-0.0849609375,-1.7099236250, 2.0763359070, -0.5496183038
1211260070,1.1508789062,-0.0524902344,-0.0937500000,-1.8320610523, 2.0763359070, -0.8244274855
1211270067,1.1516113281,-0.0510253906,-0.0812988281,-1.9694656134, 1.8167939186, -1.1450381279
1211280067,1.1560058594,-0.0534667969,-0.0869140625,-1.9541984797, 1.6030534506, -1.2824426889
1211290067,1.1525878906,-0.0546875000,-0.0939941406,-1.9236640930, 1.3740458488, -1.8167939186
1211300067,1.1618652344,-0.0546875000,-0.0927734375,-1.8931298256, 1.6641221046, -1.6793893576
1211310067,1.1589355469,-0.0505371094,-0.0830078125,-1.8167939186, 1.5725190639, -1.5419846773
1211320067,1.1501464844,-0.0485839844,-0.0976562500,-1.2519084215, 1.9694656134, -1.2671755552
1211330067,1.1535644531,-0.0595703125,-0.0930175781,-1.4809160233, 1.8320610523, -1.4656488895
1211340067,1.1489257812,-0.0576171875,-0.0891113281,-1.6183205843, 1.9847328663, -1.5114504099
1211350067,1.1496582031,-0.0556640625,-0.0847167969,-1.6030534506, 1.5572519302, -1.4045801163
1211360067,1.1674804688,-0.0544433594,-0.0856933594,-1.9083969593, 1.3282443285, -1.5572519302
1211370067,1.1660156250,-0.0544433594,-0.0944824219,-1.8473281860, 1.4045801163, -1.4045801163
1211380067,1.1647949219,-0.0563964844,-0.0988769531,-1.7862595320, 1.3740458488, -1.5267175436
1211390067,1.1613769531,-0.0478515625,-0.0861816406,-1.8625954390, 1.7557251453, -1.5114504099
1211400067,1.1511230469,-0.0576171875,-0.0957031250,-1.9389313459, 1.7557251453, -1.0992366076
1211410067,1.1545410156,-0.0637207031,-0.0874023438,-1.8625954390, 1.5572519302, -0.6717557311
1211420067,1.1591796875,-0.0510253906,-0.0961914062,-1.7099236250, 0.9618320465, -0.6564885378
1211430067,1.1533203125,-0.0532226562,-0.0913085938,-1.6488549709, 0.6870229244, -1.3129770756
1211440067,1.1337890625,-0.0573730469,-0.0947265625,-1.6335878372, 0.0610687025, -5.0534353256
1211450067,1.1420898438,-0.0439453125,-0.0881347656,-1.6793893576, 0.6870229244, -3.6183207035
1211460067,1.1472167969,-0.0554199219,-0.0878906250,-1.6488549709, 1.2519084215, -1.0839694738
1211470067,1.1396484375,-0.0764160156,-0.0830078125,-1.6488549709, 1.2366411686, -1.3893129826
1211480215,1.1455078125,-0.0588378906,-0.0976562500,-1.8931298256, 2.1221373081, -0.9160305262
1211490067,1.1606445312,-0.0441894531,-0.0961914062,-1.7709923983, 3.4198472500, 0.8244274855
1211500067,1.1657714844,-0.0512695312,-0.0769042969,-2.1679389477, 2.9160306454, -0.1374045759
1211510067,1.1557617188,-0.0578613281,-0.0666503906,-2.4580152035, 0.7175572515, -2.5801527500
1211520067,1.1479492188,-0.0520019531,-0.0788574219,-2.3053436279, -0.1984732896, -4.3969464302
1211530067,1.1538085938,-0.0573730469,-0.0976562500,-2.2748091221, 0.5648854971, -4.7938933372
1211540067,1.1611328125,-0.0588378906,-0.1027832031,-1.4503816366, 1.8931298256, -4.9312977791
1211550067,1.1591796875,-0.0568847656,-0.1035156250,-1.3282443285, 2.1374046803, -4.3206105232
1211560067,1.1633300781,-0.0524902344,-0.1030273438,-1.0381679535, 1.9389313459, -3.6946563721
1211570067,1.1577148438,-0.0561523438,-0.0991210938,-0.9465649128, 1.8167939186, -3.7404580116
1211580067,1.1545410156,-0.0466308594,-0.0961914062,-0.8091602921, 1.9389313459, -3.2671756744
1211590067,1.1528320312,-0.0441894531,-0.0957031250,-1.2671755552, 2.1832060814, -3.0076336861
1211600067,1.1520996094,-0.0500488281,-0.0961914062,-1.6183205843, 2.0305342674, -2.7786259651
1211610067,1.1562500000,-0.0539550781,-0.0935058594,-1.4961831570, 2.4732823372, -2.6412212849
1211620067,1.1518554688,-0.0478515625,-0.0825195312,-1.4656488895, 2.7938930988, -2.9007632732
1211630067,1.1496582031,-0.0534667969,-0.0778808594,-1.7862595320, 2.8091602325, -2.7022900581
1211640067,1.1477050781,-0.0449218750,-0.0759277344,-1.8931298256, 2.4122138023, -2.3816792965
1211650067,1.1520996094,-0.0476074219,-0.0761718750,-1.6183205843, 2.2595419884, -2.0763359070
1211660067,1.1535644531,-0.0537109375,-0.0864257812,-1.8015266657, 2.1832060814, -1.6488549709
1211670067,1.1484375000,-0.0483398438,-0.0808105469,-1.6488549709, 1.8931298256, -1.4656488895
1211680067,1.1535644531,-0.0522460938,-0.0812988281,-1.7709923983, 1.9541984797, -1.1450381279
1211690067,1.1535644531,-0.0585937500,-0.0808105469,-1.8778625727, 1.5572519302, -0.5190839767
1211700067,1.1538085938,-0.0612792969,-0.0825195312,-1.9389313459, 1.5877863169, -0.4274809062
1211710067,1.1474609375,-0.0625000000,-0.0913085938,-1.9694656134, 1.2213740349, -1.1908396482
1211720067,1.1611328125,-0.0502929688,-0.0844726562,-1.9541984797, 1.1297709942, -1.0229008198
1211730067,1.1665039062,-0.0495605469,-0.0849609375,-1.6793893576, 1.6946564913, 0.2137404531
1211740067,1.1496582031,-0.0468750000,-0.0964355469,-1.4809160233, 2.2442748547, 0.1221374050
1211750067,1.1455078125,-0.0559082031,-0.0874023438,-1.4198473692, 2.4885497093, -0.2900763452
1211760067,1.1523437500,-0.0510253906,-0.0949707031,-1.4656488895, 2.1679389477, 0.0763358772
1211770067,1.1479492188,-0.0534667969,-0.0732421875,-1.3587785959, 1.6335878372, -0.2290076315
1211780067,1.1533203125,-0.0566406250,-0.0825195312,-1.5725190639, 1.5267175436, -0.9160305262
1211790067,1.1579589844,-0.0512695312,-0.0859375000,-1.5572519302, 1.4961831570, -1.4045801163
1211800067,1.1623535156,-0.0546875000,-0.0854492188,-1.6030534506, 1.8167939186, -1.4656488895
1211810067,1.1586914062,-0.0541992188,-0.0891113281,-1.5419846773, 1.6335878372, -1.1450381279
1211820067,1.1574707031,-0.0510253906,-0.0974121094,-1.4809160233, 1.8320610523, -0.9007633328
1211830067,1.1596679688,-0.0551757812,-0.0903320312,-1.6946564913, 1.9236640930, -0.5954198241
1211840067,1.1584472656,-0.0541992188,-0.0886230469,-1.6793893576, 2.1832060814, -0.4274809062
1211850067,1.1516113281,-0.0544433594,-0.0864257812,-1.8778625727, 2.1068701744, -0.3969465792
1211860067,1.1591796875,-0.0541992188,-0.0810546875,-1.9541984797, 1.8931298256, -0.3969465792
1211870067,1.1533203125,-0.0583496094,-0.0695800781,-2.0305342674, 1.5877863169, -0.7175572515
1211880067,1.1569824219,-0.0568847656,-0.0803222656,-2.2442748547, 1.8320610523, -0.7480915785
1211890067,1.1494140625,-0.0529785156,-0.0747070312,-2.2595419884, 1.8320610523, -0.7328244448
1211900067,1.1562500000,-0.0561523438,-0.0686035156,-2.1984732151, 1.5877863169, -1.0534350872
1211910067,1.1564941406,-0.0534667969,-0.0722656250,-2.2748091221, 1.4198473692, -0.9312977195
1211920067,1.1472167969,-0.0532226562,-0.0854492188,-2.1221373081, 1.4961831570, -0.9160305262
1211930067,1.1520996094,-0.0593261719,-0.0886230469,-2.3969466686, 1.8167939186, -0.9923664331
1211940067,1.1501464844,-0.0502929688,-0.0927734375,-2.4122138023, 1.7862595320, -0.7938931584
1211950067,1.1484375000,-0.0573730469,-0.0871582031,-2.3206107616, 1.2519084215, -0.7480915785
1211960067,1.1555175781,-0.0576171875,-0.1032714844,-2.0763359070, 1.3435114622, -1.2977099419
1211970067,1.1550292969,-0.0563964844,-0.0920410156,-1.7709923983, 1.3435114622, -1.4961831570
1211980067,1.1635742188,-0.0515136719,-0.0910644531,-1.5267175436, 1.5877863169, -1.6030534506
1211990067,1.1552734375,-0.0476074219,-0.0842285156,-1.6183205843, 1.2519084215, -1.9083969593
1212000067,1.1511230469,-0.0544433594,-0.0778808594,-1.3740458488, 1.3435114622, -1.5267175436
1212010067,1.1555175781,-0.0485839844,-0.0832519531,-1.6641221046, 1.5572519302, -1.3435114622
1212020067,1.1520996094,-0.0539550781,-0.0898437500,-1.4503816366, 1.8625954390, -1.2671755552
1212030067,1.1469726562,-0.0522460938,-0.0766601562,-1.3282443285, 1.6335878372, -1.4961831570
1212040067,1.1491699219,-0.0544433594,-0.0815429688,-1.4198473692, 1.3740458488, -1.4198473692
1212050067,1.1560058594,-0.0524902344,-0.0839843750,-1.6335878372, 1.3282443285, -1.3282443285
1212060067,1.1611328125,-0.0590820312,-0.0847167969,-1.7099236250, 0.9160305262, -1.2519084215
1212070067,1.1682128906,-0.0595703125,-0.0847167969,-1.7709923983, 1.1297709942, -1.4656488895
1212080067,1.1586914062,-0.0571289062,-0.1052246094,-1.7862595320, 1.1450381279, -1.7404580116
1212090067,1.1550292969,-0.0632324219,-0.0854492188,-1.5877863169, 1.6793893576, -1.6335878372
1212100067,1.1523437500,-0.0629882812,-0.0839843750,-1.4198473692, 1.5114504099, -1.1145038605
1212110067,1.1560058594,-0.0505371094,-0.0949707031,-1.6641221046, 1.5725190639, -1.0381679535
1212120067,1.1560058594,-0.0534667969,-0.0986328125,-1.3129770756, 1.1603053808, -1.0076335669
1212130067,1.1289062500,-0.0585937500,-0.0832519531,-1.3740458488, 0.7633587718, -5.1450381279
1212140067,1.1391601562,-0.0449218750,-0.0888671875,-1.4045801163, 0.8396946788, -3.8015267849
1212150067,1.1467285156,-0.0583496094,-0.0720214844,-1.4045801163, 0.9312977195, -1.5267175436
1212160067,1.1362304688,-0.0710449219,-0.0776367188,-1.1908396482, 0.7328244448, -2.3969466686
1212170067,1.1440429688,-0.0498046875,-0.0820312500,-1.3893129826, 1.7404580116, -1.4198473692
1212180067,1.1625976562,-0.0490722656,-0.0791015625,-1.6030534506, 3.0992367268, 0.5801526904
1212190067,1.1650390625,-0.0556640625,-0.0676269531,-1.9083969593, 2.3511450291, -0.3664122224
1212200067,1.1501464844,-0.0488281250,-0.0637207031,-2.2900762558, 0.0916030556, -2.9923663139
1212210067,1.1518554688,-0.0524902344,-0.0773925781,-2.5038168430, -0.3511450291, -4.1984734535
1212220067,1.1550292969,-0.0517578125,-0.1008300781,-2.0305342674, 0.5801526904, -4.9770994186
1212230067,1.1599121094,-0.0566406250,-0.0932617188,-1.5725190639, 1.4656488895, -4.9312977791
1212240067,1.1606445312,-0.0512695312,-0.1054687500,-1.4351145029, 1.5572519302, -4.3511452675
1212250067,1.1599121094,-0.0585937500,-0.0983886719,-1.1755725145, 1.5725190639, -3.8931298256
1212260067,1.1564941406,-0.0544433594,-0.0876464844,-0.9160305262, 1.4198473692, -3.7709922791
1212270067,1.1623535156,-0.0488281250,-0.1010742188,-0.9770992398, 1.2977099419, -3.3587787151
1212280067,1.1523437500,-0.0415039062,-0.0971679688,-0.8702290058, 1.4656488895, -3.3740458488
1212290067,1.1557617188,-0.0451660156,-0.0915527344,-1.2671755552, 1.7557251453, -2.8854961395
1212300067,1.1604003906,-0.0537109375,-0.0800781250,-1.2671755552, 1.8473281860, -3.2977099419
1212310067,1.1613769531,-0.0490722656,-0.0754394531,-1.3282443285, 2.1984732151, -3.3129770756
1212320067,1.1572265625,-0.0517578125,-0.0720214844,-1.6488549709, 2.2137403488, -3.1450381279
1212330067,1.1523437500,-0.0527343750,-0.0700683594,-1.5419846773, 1.8778625727, -3.0534350872
1212340067,1.1503906250,-0.0490722656,-0.0734863281,-1.7251908779, 1.7099236250, -2.7175571918
1212350067,1.1538085938,-0.0483398438,-0.0808105469,-1.6030534506, 1.4198473692, -2.2137403488
1212360067,1.1533203125,-0.0495605469,-0.0742187500,-1.5877863169, 1.2519084215, -1.6946564913
1212370067,1.1542968750,-0.0534667969,-0.0791015625,-1.5877863169, 0.7938931584, -1.5267175436
1212380067,1.1547851562,-0.0549316406,-0.0812988281,-1.6488549709, 0.7786259651, -1.3129770756
1212390067,1.1555175781,-0.0539550781,-0.0781250000,-1.9847328663, 0.4427480996, -1.0687023401
1212400067,1.1552734375,-0.0627441406,-0.0825195312,-1.5877863169, 0.4427480996, -1.6793893576
1212410067,1.1601562500,-0.0480957031,-0.0915527344,-1.7709923983, 0.0152671756, -1.5267175436
1212420067,1.1591796875,-0.0449218750,-0.0930175781,-1.6335878372, 1.0381679535, -0.2442748100
1212430067,1.1552734375,-0.0527343750,-0.0925292969,-1.4503816366, 1.8931298256, 0.0000000000
1212440067,1.1467285156,-0.0571289062,-0.0830078125,-1.6488549709, 2.0000000000, -0.5801526904
1212450067,1.1513671875,-0.0532226562,-0.0832519531,-1.3435114622, 1.6183205843, -0.2900763452
1212460067,1.1557617188,-0.0468750000,-0.0837402344,-1.3282443285, 1.2213740349, -0.7633587718
1212470067,1.1589355469,-0.0510253906,-0.0864257812,-1.3435114622, 1.0381679535, -1.3435114622
1212480214,1.1486816406,-0.0466308594,-0.0781250000,-1.7557251453, 1.1603053808, -1.8625954390
1212490067,1.1594238281,-0.0478515625,-0.0815429688,-1.7251908779, 1.1755725145, -1.7709923983
1212500067,1.1518554688,-0.0507812500,-0.0859375000,-1.5267175436, 1.2213740349, -1.5419846773
1212510067,1.1564941406,-0.0510253906,-0.0881347656,-1.7251908779, 1.2519084215, -1.1755725145
1212520067,1.1511230469,-0.0534667969,-0.0844726562,-1.5267175436, 1.1297709942, -0.9923664331
1212530067,1.1540527344,-0.0537109375,-0.0866699219,-1.6335878372, 1.3587785959, -0.8091602921
1212540067,1.1574707031,-0.0500488281,-0.0847167969,-1.5267175436, 1.4503816366, -0.6259542108
1212550067,1.1564941406,-0.0495605469,-0.0856933594,-1.4656488895, 1.5419846773, -0.2290076315
1212560067,1.1594238281,-0.0561523438,-0.0839843750,-1.5877863169, 1.0687023401, -0.4427480996
1212570067,1.1511230469,-0.0539550781,-0.0849609375,-1.5877863169, 1.1450381279, -0.6717557311
1212580067,1.1528320312,-0.0520019531,-0.0717773438,-1.3893129826, 1.3282443285, -0.5190839767
1212590067,1.1533203125,-0.0515136719,-0.0783691406,-1.3129770756, 1.2824426889, -0.5343511701
1212600067,1.1469726562,-0.0510253906,-0.0810546875,-1.4198473692, 1.2977099419, -1.0381679535
1212610067,1.1520996094,-0.0549316406,-0.0832519531,-1.3435114622, 1.4503816366, -0.9312977195
1212620067,1.1499023438,-0.0568847656,-0.0905761719,-1.4351145029, 1.4503816366, -1.0534350872
1212630067,1.1481933594,-0.0578613281,-0.0915527344,-1.4351145029, 1.4503816366, -0.9312977195
1212640067,1.1560058594,-0.0573730469,-0.0864257812,-1.5877863169, 1.4045801163, -0.9923664331
1212650067,1.1547851562,-0.0549316406,-0.0930175781,-1.6183205843, 1.2061069012, -1.0229008198
1212660067,1.1591796875,-0.0458984375,-0.0825195312,-1.9083969593, 0.9770992398, -1.5114504099
1212670067,1.1540527344,-0.0534667969,-0.0920410156,-1.7557251453, 0.9007633328, -1.5267175436
1212680067,1.1484375000,-0.0493164062,-0.0908203125,-1.8320610523, 0.8244274855, -1.8015266657
1212690067,1.1535644531,-0.0522460938,-0.0915527344,-2.0305342674, 1.0229008198, -2.1832060814
1212700067,1.1574707031,-0.0471191406,-0.0871582031,-1.8778625727, 1.0534350872, -2.3358778954
1212710067,1.1547851562,-0.0505371094,-0.0852050781,-1.4961831570, 1.4656488895, -1.5419846773
1212720067,1.1452636719,-0.0517578125,-0.0847167969,-1.3435114622, 1.6946564913, -1.3282443285
1212730067,1.1398925781,-0.0463867188,-0.0803222656,-1.5725190639, 1.7251908779, -1.6641221046
1212740067,1.1528320312,-0.0520019531,-0.0820312500,-1.3740458488, 1.3129770756, -1.2824426889
1212750067,1.1569824219,-0.0556640625,-0.0808105469,-1.6641221046, 1.3893129826, -1.2061069012
1212760067,1.1630859375,-0.0500488281,-0.0783691406,-1.5725190639, 1.1908396482, -1.1755725145
1212770067,1.1630859375,-0.0520019531,-0.0852050781,-1.5572519302, 1.3435114622, -1.4809160233
1212780067,1.1552734375,-0.0522460938,-0.0822753906,-1.6183205843, 1.2824426889, -1.7404580116
1212790067,1.1564941406,-0.0568847656,-0.0822753906,-1.7404580116, 1.4503816366, -1.8473281860
1212800067,1.1486816406,-0.0629882812,-0.0952148438,-1.6335878372, 1.5419846773, -1.2213740349
1212810067,1.1496582031,-0.0568847656,-0.0891113281,-1.4198473692, 1.3435114622, -1.1450381279
1212820067,1.1540527344,-0.0488281250,-0.0815429688,-1.3893129826, 0.9312977195, -1.3282443285
1212830067,1.1303710938,-0.0651855469,-0.0815429688,-1.5114504099, 0.0458015278, -4.0458016396
1212840067,1.1376953125,-0.0476074219,-0.0820312500,-1.7862595320, -0.1984732896, -4.6870226860
1212850067,1.1557617188,-0.0419921875,-0.0878906250,-1.4809160233, 0.6870229244, -1.3435114622
1212860067,1.1330566406,-0.0661621094,-0.0803222656,-1.5419846773, 0.6564885378, -1.6946564913
1212870067,1.1425781250,-0.0537109375,-0.0883789062,-1.3893129826, 0.5343511701, -1.5725190639
1212880067,1.1562500000,-0.0439453125,-0.0876464844,-1.9236640930, 2.3053436279, 0.0458015278
1212890067,1.1665039062,-0.0539550781,-0.0842285156,-1.9541984797, 2.9618320465, 0.1679389328
1212900067,1.1586914062,-0.0559082031,-0.0610351562,-2.2748091221, 1.2671755552, -2.0152671337
1212910067,1.1491699219,-0.0485839844,-0.0744628906,-2.4122138023, -0.5343511701, -3.9236640930
1212920067,1.1486816406,-0.0458984375,-0.0842285156,-2.1679389477, -0.3816793859, -4.7480916977
1212930067,1.1633300781,-0.0461425781,-0.1000976562,-1.6488549709, 1.1755725145, -4.8702292442
1212940067,1.1640625000,-0.0551757812,-0.0942382812,-1.5114504099, 1.5267175436, -4.5496182442
1212950067,1.1611328125,-0.0512695312,-0.1025390625,-1.0076335669, 1.5725190639, -3.9541983604
1212960067,1.1599121094,-0.0434570312,-0.0952148438,-0.8549618125, 1.6335878372, -3.6030533314
1212970067,1.1579589844,-0.0573730469,-0.0913085938,-0.9007633328, 1.3740458488, -3.5725190639
1212980067,1.1582031250,-0.0446777344,-0.0886230469,-1.2671755552, 1.3435114622, -3.2519083023
1212990067,1.1618652344,-0.0512695312,-0.0944824219,-1.3129770756, 1.4961831570, -2.6717557907
1213000067,1.1501464844,-0.0461425781,-0.0844726562,-1.5877863169, 1.4961831570, -2.7480916977
1213010067,1.1535644531,-0.0554199219,-0.0788574219,-1.5725190639, 1.7709923983, -2.9007632732
1213020067,1.1535644531,-0.0458984375,-0.0764160156,-1.7709923983, 1.6641221046, -2.9312977791
1213030067,1.1484375000,-0.0488281250,-0.0866699219,-1.8320610523, 1.5114504099, -2.5801527500
1213040067,1.1523437500,-0.0468750000,-0.0869140625,-1.8167939186, 1.7862595320, -2.1832060814
1213050067,1.1574707031,-0.0480957031,-0.0817871094,-1.7251908779, 1.5114504099, -1.8167939186
1213060067,1.1518554688,-0.0478515625,-0.0852050781,-1.6641221046, 1.4656488895, -1.6030534506
1213070067,1.1613769531,-0.0505371094,-0.0898437500,-1.6183205843, 1.2977099419, -1.0381679535
1213080067,1.1557617188,-0.0517578125,-0.0798339844,-1.5419846773, 0.9770992398, -1.0381679535
1213090067,1.1560058594,-0.0561523438,-0.0817871094,-1.8473281860, 1.0687023401, -1.0534350872
1213100067,1.1623535156,-0.0539550781,-0.0903320312,-1.8473281860, 0.8091602921, -0.9312977195
1213110067,1.1523437500,-0.0607910156,-0.0737304688,-1.5877863169, 0.5496183038, -2.0000000000
1213120067,1.1621093750,-0.0473632812,-0.0852050781,-1.6183205843, 0.4427480996, -1.0076335669
1213130067,1.1682128906,-0.0473632812,-0.1035156250,-1.5419846773, 1.3893129826, 0.1832061112
1213140067,1.1501464844,-0.0571289062,-0.0925292969,-1.0381679535, 1.9083969593, -0.1832061112
1213150067,1.1523437500,-0.0466308594,-0.0854492188,-1.4045801163, 1.7251908779, -0.5496183038
1213160067,1.1479492188,-0.0434570312,-0.0808105469,-1.2671755552, 1.0992366076, -0.5648854971
1213170067,1.1540527344,-0.0461425781,-0.0751953125,-1.4656488895, 0.3358778656, -1.2213740349
1213180067,1.1535644531,-0.0478515625,-0.0847167969,-1.3129770756, 0.1526717544, -1.6946564913
1213190067,1.1530761719,-0.0480957031,-0.0852050781,-1.7099236250, 0.2442748100, -1.8167939186
1213200067,1.1496582031,-0.0502929688,-0.0769042969,-1.5114504099, 0.3358778656, -1.5419846773
1213210067,1.1557617188,-0.0563964844,-0.0932617188,-1.5725190639, 0.4274809062, -1.2519084215
1213220067,1.1486816406,-0.0559082031,-0.0974121094,-1.4198473692, 0.2442748100, -0.9007633328
1213230067,1.1628417969,-0.0585937500,-0.0876464844,-1.1145038605, 0.3511450291, -0.6870229244
1213240067,1.1616210938,-0.0568847656,-0.0993652344,-1.0229008198, 0.3053435087, -0.5190839767
1213250067,1.1611328125,-0.0510253906,-0.0854492188,-1.4198473692, 0.2748091519, -0.3664122224
1213260067,1.1591796875,-0.0578613281,-0.0852050781,-1.2977099419, -0.0152671756, -0.3969465792
1213270067,1.1552734375,-0.0524902344,-0.0937500000,-1.5725190639, -0.3206106722, -0.8091602921
1213280067,1.1604003906,-0.0529785156,-0.0893554688,-1.2824426889, -0.5496183038, -1.0076335669
1213290067,1.1606445312,-0.0505371094,-0.0817871094,-1.2061069012, -0.7022900581, -1.4198473692
1213300067,1.1647949219,-0.0532226562,-0.0754394531,-1.1297709942, -1.0381679535, -1.4656488895
1213310067,1.1547851562,-0.0539550781,-0.0942382812,-0.9007633328, -1.4198473692, -1.9236640930
1213320067,1.1560058594,-0.0493164062,-0.0788574219,-1.1145038605, -1.4503816366, -2.4427480698
1213330067,1.1582031250,-0.0493164062,-0.0949707031,-0.6870229244, -1.7404580116, -2.2748091221
1213340168,1.1506347656,-0.0524902344,-0.0869140625,-0.9007633328, -1.7557251453, -2.5343511105
1213350067,1.1550292969,-0.0488281250,-0.0893554688,-1.2977099419, -1.8931298256, -2.4427480698
1213360067,1.1528320312,-0.0485839844,-0.0930175781,-1.2824426889, -2.2290077209, -2.5954198837
1213370067,1.1464843750,-0.0441894531,-0.1003417969,-1.1297709942, -2.1679389477, -2.8854961395
1213380067,1.1442871094,-0.0363769531,-0.0959472656,-1.5725190639, -1.8473281860, -2.7022900581
1213390067,1.1386718750,-0.0476074219,-0.1022949219,-1.8167939186, -1.4961831570, -3.0229008198
1213400067,1.1479492188,-0.0424804688,-0.1042480469,-1.8473281860, -0.7480915785, -2.5190839767
1213410067,1.1494140625,-0.0375976562,-0.0996093750,-1.6183205843, 0.0916030556, -2.4427480698
1213420067,1.1352539062,-0.0493164062,-0.0932617188,-1.8625954390, 0.6412213445, -2.5038168430
1213430067,1.1354980469,-0.0441894531,-0.0886230469,-1.8015266657, 0.8396946788, -3.1145038605
1213440067,1.1354980469,-0.0424804688,-0.0874023438,-1.7404580116, 0.9618320465, -2.8854961395
1213450067,1.1513671875,-0.0478515625,-0.0876464844,-1.8931298256, 1.0687023401, -2.8244273663
1213460067,1.1542968750,-0.0422363281,-0.0876464844,-1.8015266657, 1.2671755552, -2.6870229244
1213470067,1.1496582031,-0.0437011719,-0.0991210938,-1.8320610523, 1.8015266657, -2.5954198837
1213480215,1.1479492188,-0.0476074219,-0.0930175781,-1.6641221046, 2.1068701744, -2.6717557907
1213490067,1.1496582031,-0.0444335938,-0.0981445312,-1.6335878372, 2.5496182442, -2.4122138023
1213500067,1.1491699219,-0.0478515625,-0.1025390625,-1.4503816366, 2.1984732151, -2.2290077209
1213510067,1.1542968750,-0.0378417969,-0.0888671875,-1.1908396482, 2.0916030407, -2.2595419884
1213520067,1.1394042969,-0.0417480469,-0.0842285156,-1.4198473692, 1.4503816366, -4.2290077209
1213530067,1.1311035156,-0.0397949219,-0.0834960938,-1.3435114622, 0.5648854971, -6.2595419884
1213540067,1.1401367188,-0.0356445312,-0.0944824219,-1.4045801163, 1.0687023401, -4.2595419884
1213550067,1.1511230469,-0.0502929688,-0.0981445312,-1.2366411686, 2.1221373081, -1.9083969593
1213560067,1.1459960938,-0.0512695312,-0.1052246094,-1.2519084215, 2.0000000000, -2.0610687733
1213570067,1.1445312500,-0.0515136719,-0.0966796875,-1.1908396482, 2.8244273663, -1.1755725145
1213580067,1.1547851562,-0.0422363281,-0.1030273438,-1.4656488895, 3.8015267849, -0.4274809062
1213590067,1.1596679688,-0.0441894531,-0.0852050781,-2.0763359070, 3.2213740349, -0.8549618125
1213600067,1.1533203125,-0.0493164062,-0.0825195312,-2.1526718140, 1.1145038605, -2.0763359070
1213610067,1.1608886719,-0.0471191406,-0.0764160156,-2.2595419884, -0.6564885378, -3.0381679535
1213620067,1.1589355469,-0.0522460938,-0.0922851562,-2.2595419884, -0.7633587718, -4.1984734535
1213630067,1.1743164062,-0.0515136719,-0.1066894531,-2.1526718140, 0.0458015278, -4.4427480698
1213640067,1.1694335938,-0.0500488281,-0.1113281250,-1.8625954390, 1.0534350872, -4.7175574303
1213650067,1.1706542969,-0.0454101562,-0.0996093750,-1.6183205843, 1.0992366076, -4.5496182442
1213660067,1.1687011719,-0.0454101562,-0.1145019531,-1.1908396482, 0.8549618125, -3.9236640930
1213670067,1.1674804688,-0.0441894531,-0.1030273438,-0.9618320465, 0.5954198241, -3.5725190639
1213680067,1.1650390625,-0.0439453125,-0.1135253906,-1.0534350872, 0.4732824564, -3.3587787151
1213690067,1.1613769531,-0.0336914062,-0.1071777344,-1.2061069012, 1.0229008198, -2.8091602325
1213700067,1.1667480469,-0.0454101562,-0.1018066406,-1.4656488895, 1.4045801163, -2.2748091221
1213710067,1.1511230469,-0.0388183594,-0.0964355469,-1.2824426889, 2.0000000000, -2.2900762558
1213720067,1.1479492188,-0.0480957031,-0.1000976562,-1.6030534506, 1.4351145029, -2.2748091221
1213730067,1.1467285156,-0.0473632812,-0.0922851562,-1.7251908779, 1.3435114622, -2.0916030407
1213740067,1.1491699219,-0.0393066406,-0.0986328125,-1.6030534506, 1.6488549709, -1.9389313459
1213750067,1.1540527344,-0.0432128906,-0.0803222656,-1.5267175436, 1.4809160233, -1.7557251453
1213760067,1.1528320312,-0.0451660156,-0.0869140625,-1.5114504099, 1.7251908779, -1.6641221046
1213770067,1.1491699219,-0.0407714844,-0.0952148438,-1.4198473692, 1.6183205843, -1.4656488895
1213780067,1.1511230469,-0.0451660156,-0.0947265625,-1.5114504099, 1.4961831570, -1.2061069012
1213790067,1.1484375000,-0.0402832031,-0.0832519531,-1.6030534506, 1.3129770756, -0.7022900581
1213800067,1.1474609375,-0.0498046875,-0.0859375000,-1.5267175436, 0.6259542108, -0.6870229244
1213810067,1.1591796875,-0.0461425781,-0.1047363281,-1.5877863169, 0.5954198241, -1.0992366076
1213820067,1.1674804688,-0.0302734375,-0.1032714844,-1.5419846773, 0.9007633328, 0.2137404531
1213830067,1.1564941406,-0.0361328125,-0.1035156250,-1.4045801163, 1.7709923983, 0.2748091519
1213840067,1.1489257812,-0.0476074219,-0.0881347656,-1.5419846773, 2.4274809361, 0.0458015278
1213850067,1.1474609375,-0.0473632812,-0.0932617188,-1.3435114622, 2.0610687733, -0.0458015278
1213860067,1.1467285156,-0.0434570312,-0.0893554688,-1.6030534506, 1.9847328663, -0.3969465792
1213870067,1.1501464844,-0.0493164062,-0.0935058594,-1.3587785959, 1.2366411686, -0.4885496199
1213880067,1.1516113281,-0.0471191406,-0.0864257812,-1.7862595320, 0.9923664331, -0.5954198241
1213890067,1.1533203125,-0.0412597656,-0.0949707031,-1.5725190639, 1.1297709942, -0.6870229244
1213900067,1.1538085938,-0.0466308594,-0.0925292969,-1.7709923983, 1.3435114622, -1.1297709942
1213910067,1.1596679688,-0.0466308594,-0.0913085938,-1.7709923983, 1.4351145029, -1.3129770756
1213920067,1.1567382812,-0.0383300781,-0.0976562500,-1.7251908779, 1.5572519302, -1.3893129826
1213930067,1.1562500000,-0.0437011719,-0.0952148438,-1.4961831570, 1.5725190639, -1.1908396482
1213940067,1.1599121094,-0.0410156250,-0.1037597656,-1.8778625727, 1.5725190639, -1.1297709942
1213950067,1.1513671875,-0.0441894531,-0.1064453125,-1.7557251453, 1.7404580116, -1.0229008198
1213960067,1.1616210938,-0.0456542969,-0.1044921875,-2.0610687733, 2.0458016396, -0.9618320465
1213970067,1.1594238281,-0.0478515625,-0.1037597656,-1.9541984797, 2.3816792965, -0.7328244448
1213980067,1.1562500000,-0.0439453125,-0.1064453125,-1.5114504099, 2.1221373081, -0.2900763452
1213990067,1.1557617188,-0.0466308594,-0.0971679688,-1.7862595320, 2.1832060814, -0.5801526904
1214000067,1.1596679688,-0.0476074219,-0.0910644531,-1.6488549709, 1.9694656134, -0.7022900581
1214010067,1.1472167969,-0.0412597656,-0.0959472656,-1.7251908779, 2.2137403488, -0.5343511701
1214020067,1.1535644531,-0.0397949219,-0.0852050781,-1.7099236250, 1.6793893576, -0.7022900581
1214030067,1.1586914062,-0.0454101562,-0.0920410156,-1.8015266657, 1.6030534506, -0.7328244448
1214040067,1.1574707031,-0.0456542969,-0.0856933594,-1.8625954390, 1.4503816366, -0.8091602921
1214050067,1.1596679688,-0.0407714844,-0.0905761719,-1.7099236250, 1.4045801163, -0.8244274855
1214060067,1.1552734375,-0.0505371094,-0.0871582031,-1.7404580116, 1.5572519302, -1.0229008198
1214070067,1.1503906250,-0.0437011719,-0.0976562500,-2.0152671337, 1.4503816366, -1.1450381279
1214080067,1.1545410156,-0.0451660156,-0.0913085938,-2.0610687733, 1.2061069012, -1.1908396482
1214090067,1.1562500000,-0.0483398438,-0.0988769531,-2.0763359070, 1.3587785959, -1.4351145029
1214100067,1.1540527344,-0.0480957031,-0.0891113281,-1.9389313459, 0.9007633328, -1.4198473692
1214110067,1.1513671875,-0.0441894531,-0.1003417969,-1.8015266657, 1.1450381279, -1.4198473692
1214120067,1.1486816406,-0.0461425781,-0.0988769531,-1.8931298256, 1.5877863169, -1.1755725145
1214130067,1.1479492188,-0.0512695312,-0.0913085938,-1.6793893576, 1.7404580116, -1.0992366076
1214140067,1.1477050781,-0.0541992188,-0.0839843750,-1.7404580116, 1.9847328663, -1.3282443285
1214150067,1.1496582031,-0.0476074219,-0.0932617188,-1.7557251453, 1.6641221046, -1.5114504099
1214160067,1.1518554688,-0.0478515625,-0.0939941406,-1.9083969593, 1.4961831570, -1.6793893576
1214170067,1.1540527344,-0.0473632812,-0.0942382812,-1.6335878372, 1.3282443285, -1.6488549709
1214180067,1.1542968750,-0.0397949219,-0.0935058594,-1.7099236250, 1.2366411686, -1.3435114622
1214190067,1.1569824219,-0.0449218750,-0.0920410156,-1.9389313459, 1.3587785959, -1.4961831570
1214200067,1.1564941406,-0.0446777344,-0.0866699219,-1.6641221046, 1.7099236250, -1.3893129826
1214210067,1.1508789062,-0.0515136719,-0.0927734375,-1.5419846773, 1.9083969593, -1.3282443285
1214220067,1.1542968750,-0.0456542969,-0.0871582031,-1.6793893576, 1.6030534506, -1.1908396482
1214230067,1.1520996094,-0.0371093750,-0.0925292969,-1.6793893576, 0.9618320465, -1.7404580116
1214240067,1.1437988281,-0.0402832031,-0.0849609375,-1.4503816366, -0.0763358772, -3.6030533314
1214250067,1.1284179688,-0.0388183594,-0.0915527344,-1.5877863169, -0.5343511701, -6.0000000000
1214260067,1.1354980469,-0.0361328125,-0.0871582031,-1.3587785959, 0.2900763452, -3.9236640930
1214270067,1.1467285156,-0.0473632812,-0.0786132812,-1.6030534506, 0.5343511701, -2.4732823372
1214280067,1.1445312500,-0.0529785156,-0.0849609375,-1.7099236250, 0.7786259651, -1.7709923983
1214290067,1.1457519531,-0.0485839844,-0.0886230469,-1.3587785959, 1.5572519302, -1.1603053808
1214300067,1.1608886719,-0.0324707031,-0.0910644531,-1.8931298256, 2.7175571918, -0.5954198241
1214310067,1.1579589844,-0.0358886719,-0.0861816406,-1.7251908779, 1.5419846773, -0.7175572515
1214320067,1.1508789062,-0.0458984375,-0.0722656250,-1.6335878372, -0.7938931584, -1.7862595320
1214330067,1.1474609375,-0.0451660156,-0.0827636719,-1.6641221046, -2.4427480698, -3.2671756744
1214340067,1.1582031250,-0.0559082031,-0.0859375000,-1.6641221046, -2.1068701744, -3.9083969593
1214350067,1.1684570312,-0.0595703125,-0.1027832031,-1.9083969593, -0.5190839767, -3.8473281860
1214360067,1.1708984375,-0.0654296875,-0.0895996094,-1.8320610523, 0.0000000000, -3.9541983604
1214370067,1.1704101562,-0.0585937500,-0.1071777344,-1.8778625727, 0.3511450291, -3.8320610523
1214380067,1.1655273438,-0.0585937500,-0.1101074219,-2.0610687733, 0.4580152631, -3.7709922791
1214390067,1.1677246094,-0.0512695312,-0.1237792969,-1.9694656134, 0.1984732896, -3.6946563721
1214400067,1.1662597656,-0.0471191406,-0.1245117188,-1.6335878372, 0.7633587718, -3.4809160233
1214410067,1.1628417969,-0.0395507812,-0.1237792969,-1.6946564913, 1.5572519302, -3.0381679535
1214420067,1.1574707031,-0.0295410156,-0.1274414062,-1.4198473692, 2.2900762558, -2.8091602325
1214430067,1.1542968750,-0.0368652344,-0.1059570312,-1.2519084215, 2.6564886570, -2.6717557907
1214440067,1.1467285156,-0.0373535156,-0.0988769531,-1.2213740349, 2.6717557907, -2.5648853779
1214450067,1.1435546875,-0.0354003906,-0.0920410156,-1.3282443285, 2.4274809361, -2.2137403488
1214460067,1.1489257812,-0.0366210938,-0.0834960938,-1.3435114622, 2.2137403488, -2.1374046803
1214470067,1.1494140625,-0.0375976562,-0.0798339844,-1.1450381279, 2.3206107616, -1.9389313459
1214480214,1.1511230469,-0.0366210938,-0.0722656250,-1.2061069012, 2.3816792965, -1.4198473692
1214490067,1.1567382812,-0.0405273438,-0.0825195312,-1.1297709942, 2.0763359070, -1.0687023401
1214500067,1.1508789062,-0.0468750000,-0.0769042969,-1.2213740349, 1.7404580116, -0.6717557311
1214510067,1.1601562500,-0.0456542969,-0.0900878906,-1.3740458488, 1.3129770756, -0.3511450291
1214520067,1.1623535156,-0.0549316406,-0.0856933594,-1.5114504099, 0.8091602921, -0.5954198241
1214530067,1.1608886719,-0.0434570312,-0.0895996094,-1.6030534506, 0.4732824564, -0.1832061112
1214540067,1.1674804688,-0.0385742188,-0.1027832031,-1.7251908779, 1.0534350872, 0.8702290058
1214550067,1.1528320312,-0.0478515625,-0.1013183594,-2.0152671337, 1.2519084215, -0.1526717544
1214560067,1.1420898438,-0.0495605469,-0.1079101562,-2.0152671337, 2.0305342674, -0.5190839767
1214570067,1.1511230469,-0.0437011719,-0.0939941406,-1.6641221046, 2.0916030407, 0.1374045759
1214580067,1.1513671875,-0.0458984375,-0.0930175781,-1.9847328663, 1.7251908779, 0.0305343512
1214590067,1.1494140625,-0.0456542969,-0.0927734375,-1.8473281860, 1.4045801163, -0.6870229244
1214600067,1.1525878906,-0.0417480469,-0.0927734375,-2.0152671337, 1.6793893576, -0.6870229244
1214610067,1.1528320312,-0.0478515625,-0.0930175781,-2.0305342674, 1.8778625727, -0.7938931584
1214620067,1.1560058594,-0.0451660156,-0.0893554688,-2.1526718140, 2.0458016396, -0.4732824564
1214630067,1.1613769531,-0.0473632812,-0.0942382812,-2.0000000000, 1.7099236250, -0.4427480996
1214640067,1.1574707031,-0.0407714844,-0.1027832031,-1.8015266657, 1.6793893576, -0.2137404531
1214650067,1.1520996094,-0.0510253906,-0.0954589844,-2.0458016396, 1.4351145029, -0.1221374050
1214660067,1.1633300781,-0.0361328125,-0.0971679688,-2.0610687733, 1.6335878372, -0.0916030556
1214670067,1.1533203125,-0.0466308594,-0.1022949219,-2.5038168430, 1.5267175436, 0.1984732896
1214680067,1.1511230469,-0.0441894531,-0.0915527344,-2.3206107616, 1.5877863169, -0.1221374050
1214690067,1.1599121094,-0.0478515625,-0.0944824219,-2.3206107616, 1.5267175436, -0.1068702266
1214700067,1.1540527344,-0.0449218750,-0.0920410156,-2.1984732151, 1.2519084215, -0.0152671756
1214710067,1.1555175781,-0.0480957031,-0.0847167969,-1.6641221046, 1.5725190639, -0.2748091519
1214720067,1.1508789062,-0.0488281250,-0.0908203125,-1.6335878372, 1.5725190639, -0.1526717544
1214730067,1.1555175781,-0.0478515625,-0.0952148438,-1.6030534506, 1.3587785959, -0.0916030556
1214740067,1.1520996094,-0.0561523438,-0.0869140625,-1.7557251453, 1.1755725145, -0.2595419884
1214750067,1.1579589844,-0.0502929688,-0.0861816406,-1.7404580116, 1.2213740349, -0.1984732896
1214760067,1.1574707031,-0.0507812500,-0.0903320312,-1.6793893576, 1.0992366076, -0.3206106722
1214770067,1.1582031250,-0.0510253906,-0.0932617188,-1.9541984797, 1.1908396482, -0.1679389328
1214780067,1.1562500000,-0.0595703125,-0.0957031250,-1.9694656134, 1.0534350872, -0.3664122224
1214790067,1.1560058594,-0.0505371094,-0.0947265625,-2.1832060814, 1.3129770756, -0.4885496199
1214800067,1.1530761719,-0.0522460938,-0.0979003906,-2.1068701744, 0.7022900581, -0.9312977195
1214810067,1.1525878906,-0.0520019531,-0.0842285156,-2.1221373081, 0.5954198241, -1.0534350872
1214820067,1.1550292969,-0.0510253906,-0.0974121094,-2.0916030407, 0.4732824564, -1.4809160233
1214830067,1.1550292969,-0.0454101562,-0.0905761719,-2.0610687733, 0.6106870174, -1.3893129826
1214840067,1.1530761719,-0.0463867188,-0.0944824219,-1.6335878372, 0.6870229244, -1.3282443285
1214850067,1.1479492188,-0.0458984375,-0.0917968750,-1.5419846773, 1.0687023401, -1.3435114622
1214860067,1.1494140625,-0.0449218750,-0.0900878906,-1.5267175436, 1.1145038605, -1.3282443285
1214870067,1.1591796875,-0.0461425781,-0.0991210938,-1.6946564913, 1.2061069012, -1.4045801163
1214880067,1.1557617188,-0.0478515625,-0.0893554688,-1.4656488895, 1.0992366076, -1.4503816366
1214890067,1.1618652344,-0.0520019531,-0.0913085938,-1.5419846773, 0.6870229244, -1.0687023401
1214900067,1.1577148438,-0.0512695312,-0.0920410156,-1.5572519302, 0.7480915785, -1.0381679535
1214910067,1.1657714844,-0.0471191406,-0.0974121094,-1.3893129826, 0.8854961991, -0.8702290058
1214920067,1.1560058594,-0.0471191406,-0.0983886719,-1.6335878372, 1.0229008198, -0.9465649128
1214930067,1.1525878906,-0.0478515625,-0.0876464844,-1.7862595320, 1.1908396482, -0.7175572515
1214940067,1.1457519531,-0.0559082031,-0.0908203125,-1.6641221046, 0.8091602921, -0.3816793859
1214950067,1.1552734375,-0.0400390625,-0.1030273438,-1.7709923983, 0.5954198241, -0.8091602921
1214960067,1.1462402344,-0.0541992188,-0.1047363281,-1.6793893576, -0.2442748100, -2.6259541512
1214970067,1.1450195312,-0.0471191406,-0.0983886719,-1.6488549709, 0.0610687025, -4.9770994186
1214980067,1.1489257812,-0.0441894531,-0.0842285156,-1.3435114622, 1.1755725145, -3.1755726337
1214990067,1.1472167969,-0.0637207031,-0.0908203125,-1.4503816366, 1.5114504099, -2.1832060814
1215000067,1.1430664062,-0.0625000000,-0.0898437500,-1.3129770756, 1.6793893576, -1.8473281860
1215010067,1.1496582031,-0.0432128906,-0.0983886719,-1.5725190639, 3.0687022209, -0.5648854971
1215020067,1.1569824219,-0.0375976562,-0.0952148438,-2.0305342674, 3.8778626919, 0.1526717544
1215030067,1.1667480469,-0.0432128906,-0.0822753906,-1.9389313459, 2.3816792965, -0.7022900581
1215040067,1.1550292969,-0.0476074219,-0.0876464844,-2.0152671337, 0.2900763452, -2.3816792965
1215050067,1.1582031250,-0.0458984375,-0.0849609375,-2.3664121628, -0.1679389328, -4.1984734535
1215060067,1.1645507812,-0.0520019531,-0.0949707031,-2.0458016396, 0.5648854971, -4.4732823372
1215070067,1.1635742188,-0.0500488281,-0.0998535156,-1.9694656134, 1.7099236250, -4.1221375465
