time,xacc,yacc,zacc,xgyro,ygyro,zgyro
73740067,0.8654785156,0.0749511719,-0.7590332031,0.0916030556, 3.3129770756, -1.3893129826
73750067,0.8598632812,0.0769042969,-0.7717285156,-0.0763358772, 2.5496182442, -1.5572519302
73760067,0.8574218750,0.0710449219,-0.7680664062,-0.3969465792, 1.7404580116, -1.4961831570
73770067,0.8703613281,0.0739746094,-0.7788085938,-0.8549618125, 1.8931298256, -1.4198473692
73780067,0.8559570312,0.0803222656,-0.7717285156,-1.0839694738, 2.1221373081, -1.6488549709
73790208,0.8642578125,0.0766601562,-0.7646484375,-1.9847328663, 2.5648853779, -1.8931298256
73800067,0.8615722656,0.0705566406,-0.7675781250,-2.0763359070, 2.0763359070, -2.4274809361
73810067,0.8581542969,0.0791015625,-0.7614746094,-1.9694656134, 1.2213740349, -2.7633588314
73820067,0.8547363281,0.0810546875,-0.7685546875,-2.3206107616, 0.5038167834, -2.7328243256
73830067,0.8586425781,0.0795898438,-0.7580566406,-2.0610687733, -0.7480915785, -2.8702290058
73840067,0.8662109375,0.0698242188,-0.7666015625,-1.7099236250, -1.0687023401, -2.4427480698
73850067,0.8725585938,0.0603027344,-0.7675781250,-1.3435114622, -1.2671755552, -2.1526718140
73860067,0.8789062500,0.0651855469,-0.7736816406,-1.0534350872, -0.9160305262, -1.7251908779
73870067,0.8798828125,0.0642089844,-0.7629394531,-1.0381679535, -0.1526717544, -1.3435114622
73880067,0.8754882812,0.0695800781,-0.7714843750,-0.7175572515, -0.0152671756, -0.5648854971
73890067,0.8830566406,0.0644531250,-0.7783203125,-0.6870229244, -0.2900763452, -0.2748091519
73900067,0.8645019531,0.0612792969,-0.7895507812,-0.6870229244, -0.1832061112, -0.3969465792
73910067,0.8642578125,0.0654296875,-0.7829589844,-0.9770992398, 0.1221374050, -0.7786259651
73920067,0.8649902344,0.0632324219,-0.7790527344,-0.6870229244, -0.0152671756, -1.0992366076
73930067,0.8740234375,0.0617675781,-0.7883300781,-1.1450381279, 1.0381679535, -1.1603053808
73940067,0.8693847656,0.0603027344,-0.7836914062,-1.4045801163, 1.7251908779, -1.1145038605
73950067,0.8710937500,0.0676269531,-0.7807617188,-1.2061069012, 2.1374046803, -1.2061069012
73960067,0.8808593750,0.0632324219,-0.7783203125,-1.6641221046, 2.1068701744, -0.9770992398
73970067,0.8815917969,0.0634765625,-0.7722167969,-1.5877863169, 2.0152671337, -1.2366411686
73980067,0.8774414062,0.0688476562,-0.7753906250,-1.4503816366, 1.9083969593, -1.3282443285
73990067,0.8806152344,0.0717773438,-0.7690429688,-1.7709923983, 2.0763359070, -1.6488549709
74000067,0.8754882812,0.0644531250,-0.7734375000,-1.5114504099, 1.9847328663, -2.0610687733
74010067,0.8730468750,0.0646972656,-0.7663574219,-1.7862595320, 1.8931298256, -2.0763359070
74020067,0.8632812500,0.0681152344,-0.7690429688,-1.7557251453, 1.6335878372, -1.9236640930
74030067,0.8591308594,0.0651855469,-0.7663574219,-1.6641221046, 1.1145038605, -2.0458016396
74040067,0.8601074219,0.0700683594,-0.7624511719,-1.5877863169, 0.5496183038, -1.6335878372
74050067,0.8662109375,0.0700683594,-0.7670898438,-1.2977099419, 0.2137404531, -1.3435114622
74060067,0.8576660156,0.0676269531,-0.7675781250,-1.3129770756, -0.0916030556, -1.1145038605
74070067,0.8666992188,0.0686035156,-0.7709960938,-1.1908396482, -0.1374045759, -1.3282443285
74080067,0.8757324219,0.0654296875,-0.7912597656,-1.2519084215, 0.0610687025, -1.3435114622
74090067,0.8747558594,0.0615234375,-0.7836914062,-1.2366411686, 0.2748091519, -1.5725190639
74100067,0.8767089844,0.0637207031,-0.7883300781,-1.4656488895, 1.0229008198, -1.5419846773
74110067,0.8659667969,0.0668945312,-0.7829589844,-1.5572519302, 1.3587785959, -1.9847328663
74120067,0.8696289062,0.0620117188,-0.7873535156,-1.6488549709, 1.6335878372, -2.2442748547
74130067,0.8674316406,0.0646972656,-0.7810058594,-1.8778625727, 1.8778625727, -2.2748091221
74140067,0.8789062500,0.0615234375,-0.7775878906,-1.8625954390, 1.8167939186, -2.1679389477
74150067,0.8666992188,0.0649414062,-0.7780761719,-2.0763359070, 1.7709923983, -2.1068701744
74160067,0.8676757812,0.0664062500,-0.7707519531,-1.7557251453, 1.6488549709, -1.9083969593
74170067,0.8735351562,0.0600585938,-0.7648925781,-1.7251908779, 1.7251908779, -1.6793893576
74180067,0.8703613281,0.0651855469,-0.7653808594,-1.8015266657, 1.6030534506, -1.4809160233
74190067,0.8779296875,0.0705566406,-0.7700195312,-1.6488549709, 1.6641221046, -1.6030534506
74200067,0.8713378906,0.0710449219,-0.7644042969,-1.5419846773, 1.2519084215, -1.5419846773
74210067,0.8693847656,0.0729980469,-0.7678222656,-1.4656488895, 1.1450381279, -1.4503816366
74220067,0.8706054688,0.0654296875,-0.7753906250,-1.4656488895, 0.8854961991, -1.5725190639
74230067,0.8718261719,0.0620117188,-0.7724609375,-1.6030534506, 0.6717557311, -1.9541984797
74240067,0.8669433594,0.0600585938,-0.7753906250,-1.7251908779, 0.4580152631, -2.0916030407
74250067,0.8762207031,0.0625000000,-0.7810058594,-1.8931298256, 0.6870229244, -2.0152671337
74260067,0.8710937500,0.0678710938,-0.7792968750,-2.0152671337, 0.9465649128, -1.8778625727
74270067,0.8723144531,0.0725097656,-0.7834472656,-1.8320610523, 1.2213740349, -1.3587785959
74280067,0.8728027344,0.0637207031,-0.7756347656,-1.7251908779, 1.0534350872, -1.0687023401
74290067,0.8662109375,0.0661621094,-0.7714843750,-1.8625954390, 0.9007633328, -1.4351145029
74300067,0.8671875000,0.0632324219,-0.7751464844,-2.0458016396, 0.7480915785, -2.0916030407
74310067,0.8762207031,0.0666503906,-0.7731933594,-2.2900762558, 0.6564885378, -1.7404580116
74320067,0.8762207031,0.0732421875,-0.7768554688,-2.1068701744, 1.3129770756, -0.9770992398
74330067,0.8730468750,0.0607910156,-0.7788085938,-1.7099236250, 1.9541984797, -0.1984732896
74340067,0.8669433594,0.0700683594,-0.7692871094,-1.2519084215, 1.9541984797, -0.7022900581
74350067,0.8630371094,0.0671386719,-0.7724609375,-1.3740458488, 2.0916030407, -1.0381679535
74360067,0.8598632812,0.0686035156,-0.7746582031,-1.1450381279, 1.9236640930, -1.5419846773
74370067,0.8640136719,0.0681152344,-0.7792968750,-1.3893129826, 1.9541984797, -1.9694656134
74380067,0.8652343750,0.0654296875,-0.7680664062,-1.4656488895, 1.3435114622, -1.7099236250
74390067,0.8713378906,0.0639648438,-0.7702636719,-1.5114504099, 0.7480915785, -1.4809160233
74400067,0.8674316406,0.0659179688,-0.7758789062,-1.3129770756, 0.4732824564, -0.9770992398
74410067,0.8762207031,0.0712890625,-0.7741699219,-1.5114504099, 0.3358778656, -1.0839694738
74420067,0.8730468750,0.0683593750,-0.7788085938,-1.2366411686, 0.6717557311, -0.7786259651
74430067,0.8703613281,0.0720214844,-0.7734375000,-1.5114504099, 1.1755725145, -1.0076335669
74440067,0.8691406250,0.0698242188,-0.7814941406,-1.2824426889, 1.4045801163, -1.2824426889
74450067,0.8762207031,0.0649414062,-0.7861328125,-1.4503816366, 1.4045801163, -1.4809160233
74460067,0.8686523438,0.0646972656,-0.7810058594,-1.8625954390, 1.4656488895, -1.8167939186
74470067,0.8730468750,0.0676269531,-0.7807617188,-1.7404580116, 1.2519084215, -1.8625954390
74480216,0.8715820312,0.0661621094,-0.7685546875,-1.6793893576, 1.1908396482, -2.0458016396
74490067,0.8691406250,0.0637207031,-0.7780761719,-1.6641221046, 1.3435114622, -1.8473281860
74500067,0.8762207031,0.0668945312,-0.7690429688,-1.5877863169, 1.4198473692, -1.5419846773
74510067,0.8720703125,0.0661621094,-0.7668457031,-1.6946564913, 1.2213740349, -1.7557251453
74520067,0.8691406250,0.0698242188,-0.7775878906,-1.5877863169, 0.9465649128, -1.5267175436
74530067,0.8666992188,0.0695800781,-0.7768554688,-1.6030534506, 0.6717557311, -1.7557251453
74540073,0.8732910156,0.0634765625,-0.7724609375,-1.9694656134, 0.3816793859, -2.1374046803
74550067,0.8706054688,0.0666503906,-0.7753906250,-1.7557251453, 0.1068702266, -1.7099236250
74560067,0.8713378906,0.0627441406,-0.7714843750,-1.5572519302, -0.2595419884, -1.2213740349
74570067,0.8713378906,0.0651855469,-0.7766113281,-1.4809160233, -0.1221374050, -0.7786259651
74580067,0.8715820312,0.0666503906,-0.7861328125,-1.5419846773, 0.0305343512, -0.3358778656
74590067,0.8671875000,0.0683593750,-0.7844238281,-1.3435114622, 0.4580152631, -0.1679389328
74600067,0.8664550781,0.0715332031,-0.7832031250,-1.3587785959, 1.1450381279, -0.4732824564
74610067,0.8652343750,0.0637207031,-0.7934570312,-1.4961831570, 1.4198473692, -0.5801526904
74620067,0.8615722656,0.0654296875,-0.7915039062,-1.5267175436, 1.9236640930, -0.6870229244
74630067,0.8659667969,0.0617675781,-0.7773437500,-1.4198473692, 1.8015266657, -1.0076335669
74640067,0.8730468750,0.0637207031,-0.7807617188,-1.4351145029, 1.7251908779, -1.1450381279
74650067,0.8635253906,0.0686035156,-0.7761230469,-1.7404580116, 1.3435114622, -1.2977099419
74660067,0.8696289062,0.0693359375,-0.7741699219,-1.6946564913, 0.9770992398, -1.1603053808
74670067,0.8698730469,0.0646972656,-0.7822265625,-1.3893129826, 0.9618320465, -1.0839694738
74680067,0.8684082031,0.0654296875,-0.7749023438,-1.7251908779, 0.9007633328, -1.1755725145
74690067,0.8757324219,0.0642089844,-0.7849121094,-1.5419846773, 0.7175572515, -1.1603053808
74700067,0.8684082031,0.0625000000,-0.7712402344,-1.8320610523, 0.8549618125, -1.3129770756
74710067,0.8676757812,0.0637207031,-0.7792968750,-1.6946564913, 0.8702290058, -1.6641221046
74720067,0.8635253906,0.0654296875,-0.7807617188,-1.6488549709, 0.8244274855, -1.4961831570
74730067,0.8742675781,0.0671386719,-0.7766113281,-1.6946564913, 0.9770992398, -1.6030534506
74740067,0.8725585938,0.0659179688,-0.7651367188,-1.8320610523, 0.7633587718, -1.8625954390
74750067,0.8725585938,0.0637207031,-0.7839355469,-1.7709923983, 0.8091602921, -1.6946564913
74760067,0.8737792969,0.0656738281,-0.7756347656,-1.7251908779, 1.0534350872, -1.4198473692
74770067,0.8691406250,0.0642089844,-0.7778320312,-1.8167939186, 0.9618320465, -1.1450381279
74780067,0.8645019531,0.0637207031,-0.7792968750,-1.6030534506, 0.6412213445, -1.1450381279
74790067,0.8588867188,0.0673828125,-0.7666015625,-1.9083969593, 0.3053435087, -1.1755725145
74800067,0.8510742188,0.0668945312,-0.7744140625,-1.9541984797, -0.3206106722, -1.3435114622
74810067,0.8559570312,0.0703125000,-0.7602539062,-1.7099236250, -1.3129770756, -1.2213740349
74820067,0.8488769531,0.0759277344,-0.7609863281,-1.9083969593, -2.0000000000, -1.5725190639
74830067,0.8525390625,0.0734863281,-0.7587890625,-2.1221373081, -2.4885497093, -1.8931298256
74840067,0.8447265625,0.0744628906,-0.7607421875,-2.0000000000, -2.9770991802, -1.7557251453
74850067,0.8537597656,0.0688476562,-0.7705078125,-1.8015266657, -3.3893129826, -1.3282443285
74860067,0.8483886719,0.0756835938,-0.7790527344,-1.5572519302, -3.5725190639, -0.4427480996
74870067,0.8569335938,0.0734863281,-0.7768554688,-1.2061069012, -3.4656488895, 0.3969465792
74880067,0.8569335938,0.0639648438,-0.7849121094,-1.1603053808, -3.0534350872, 0.6106870174
74890067,0.8605957031,0.0644531250,-0.7900390625,-1.3740458488, -2.9618320465, 0.6870229244
74900067,0.8542480469,0.0603027344,-0.7744140625,-1.2977099419, -3.3282442093, 0.3511450291
74910067,0.8576660156,0.0673828125,-0.7722167969,-1.4045801163, -4.1221375465, 0.3816793859
74920067,0.8605957031,0.0603027344,-0.7734375000,-1.6641221046, -5.0992364883, 0.4580152631
74930067,0.8605957031,0.0664062500,-0.7846679688,-1.9847328663, -5.5725193024, 0.2900763452
74940067,0.8640136719,0.0686035156,-0.7851562500,-2.3358778954, -5.3435115814, 0.3053435087
74950067,0.8623046875,0.0642089844,-0.7851562500,-2.4122138023, -4.8244276047, 0.1526717544
74960067,0.8608398438,0.0563964844,-0.7932128906,-2.5954198837, -5.0839695930, -0.4580152631
74970067,0.8520507812,0.0498046875,-0.7905273438,-2.0610687733, -5.3740458488, -0.9618320465
74980067,0.8527832031,0.0598144531,-0.7995605469,-2.1221373081, -5.2061066628, -1.4809160233
74990067,0.8576660156,0.0571289062,-0.7976074219,-1.8931298256, -5.2213740349, -1.6030534506
75000067,0.8627929688,0.0568847656,-0.8012695312,-1.8778625727, -4.6717557907, -0.7175572515
75010067,0.8610839844,0.0649414062,-0.8015136719,-1.8320610523, -4.2137403488, -0.0763358772
75020067,0.8615722656,0.0656738281,-0.8083496094,-2.0152671337, -3.2213740349, 0.1984732896
75030067,0.8571777344,0.0629882812,-0.7985839844,-2.2290077209, -2.1984732151, 0.0000000000
75040067,0.8515625000,0.0612792969,-0.7983398438,-2.1984732151, -1.4351145029, -0.3206106722
75050067,0.8488769531,0.0634765625,-0.8081054688,-2.4732823372, -0.5343511701, -0.4732824564
75060067,0.8527832031,0.0656738281,-0.8017578125,-2.5038168430, -0.1679389328, -0.5190839767
75070067,0.8591308594,0.0578613281,-0.8037109375,-2.5648853779, 0.3511450291, -0.3664122224
75080067,0.8613281250,0.0573730469,-0.7934570312,-2.5648853779, 0.4732824564, -0.3816793859
75090067,0.8583984375,0.0617675781,-0.7973632812,-2.4122138023, 0.3053435087, -0.8854961991
75100067,0.8569335938,0.0593261719,-0.7954101562,-2.4580152035, -0.1984732896, -1.0076335669
75110067,0.8559570312,0.0646972656,-0.7958984375,-2.5038168430, -0.6259542108, -1.1603053808
75120067,0.8537597656,0.0664062500,-0.7973632812,-2.7633588314, -0.7938931584, -1.3435114622
75130067,0.8513183594,0.0556640625,-0.7988281250,-2.9618320465, -0.7938931584, -1.6488549709
75140067,0.8581542969,0.0615234375,-0.7824707031,-2.9312977791, -0.7022900581, -2.1526718140
75150067,0.8530273438,0.0583496094,-0.7849121094,-2.8396947384, -1.3282443285, -2.4580152035
75160076,0.8518066406,0.0651855469,-0.7861328125,-2.9465649128, -1.9847328663, -2.8091602325
75170067,0.8505859375,0.0715332031,-0.7834472656,-3.0687022209, -2.3816792965, -2.3053436279
75180067,0.8525390625,0.0605468750,-0.8012695312,-2.6259541512, -2.7175571918, -2.2900762558
75190067,0.8564453125,0.0620117188,-0.7985839844,-2.5801527500, -2.4732823372, -2.0763359070
75200067,0.8522949219,0.0600585938,-0.8037109375,-2.3206107616, -1.0381679535, -1.8015266657
75210067,0.8571777344,0.0603027344,-0.8037109375,-2.1832060814, -0.1832061112, -1.9541984797
75220067,0.8525390625,0.0539550781,-0.8073730469,-1.9541984797, 0.3511450291, -1.4656488895
75230067,0.8513183594,0.0549316406,-0.8110351562,-2.2595419884, 0.2442748100, -1.3893129826
75240067,0.8557128906,0.0522460938,-0.7954101562,-2.1068701744, 0.1221374050, -1.1908396482
75250067,0.8542480469,0.0532226562,-0.7973632812,-1.7557251453, -0.7480915785, -1.0381679535
75260067,0.8576660156,0.0583496094,-0.7995605469,-1.7862595320, -1.3129770756, -1.1297709942
75270067,0.8537597656,0.0527343750,-0.8046875000,-1.7709923983, -1.3740458488, -1.1297709942
75280067,0.8591308594,0.0642089844,-0.8122558594,-2.0152671337, -0.6870229244, -1.2366411686
75290067,0.8500976562,0.0639648438,-0.7973632812,-1.9083969593, -0.3664122224, -1.5419846773
75300067,0.8530273438,0.0642089844,-0.8120117188,-2.2290077209, 0.5496183038, -2.0305342674
75310067,0.8479003906,0.0622558594,-0.8088378906,-2.3969466686, 0.9770992398, -2.2137403488
75320067,0.8435058594,0.0598144531,-0.8010253906,-2.1526718140, 0.3816793859, -2.4122138023
75330067,0.8481445312,0.0627441406,-0.7973632812,-2.1679389477, -0.0458015278, -2.2748091221
75340067,0.8520507812,0.0632324219,-0.8071289062,-2.0458016396, -0.5038167834, -2.3969466686
75350067,0.8547363281,0.0629882812,-0.8005371094,-2.1374046803, -0.5343511701, -2.3206107616
75360067,0.8522949219,0.0686035156,-0.8037109375,-1.8015266657, -0.7175572515, -2.2290077209
75370067,0.8505859375,0.0649414062,-0.8056640625,-2.0916030407, -0.3358778656, -1.9236640930
75380067,0.8540039062,0.0651855469,-0.8010253906,-1.8167939186, -0.1068702266, -2.0458016396
75390067,0.8493652344,0.0622558594,-0.8056640625,-1.9847328663, 0.2290076315, -1.6946564913
75400067,0.8464355469,0.0612792969,-0.8032226562,-1.5419846773, 0.2442748100, -1.8473281860
75410067,0.8527832031,0.0605468750,-0.8020019531,-1.8167939186, 0.0152671756, -1.8625954390
75420067,0.8518066406,0.0617675781,-0.8002929688,-1.7404580116, 0.2137404531, -1.8015266657
75430067,0.8432617188,0.0666503906,-0.7963867188,-1.5725190639, 0.4732824564, -1.9694656134
75440067,0.8425292969,0.0632324219,-0.7958984375,-1.6030534506, 0.6106870174, -1.7862595320
75450067,0.8476562500,0.0688476562,-0.8041992188,-1.6793893576, 0.6259542108, -1.6946564913
75460067,0.8457031250,0.0603027344,-0.8039550781,-1.2519084215, 0.5648854971, -1.5114504099
75470067,0.8532714844,0.0666503906,-0.7932128906,-1.3435114622, 0.8854961991, -1.6641221046
75480216,0.8454589844,0.0646972656,-0.8046875000,-1.3282443285, 0.6870229244, -1.7099236250
75490067,0.8469238281,0.0625000000,-0.8093261719,-1.2213740349, 0.7786259651, -1.3435114622
75500067,0.8505859375,0.0617675781,-0.8037109375,-1.2213740349, 0.9160305262, -1.5419846773
75510067,0.8510742188,0.0659179688,-0.8081054688,-1.5267175436, 0.7175572515, -1.9083969593
75520067,0.8417968750,0.0710449219,-0.8098144531,-1.6641221046, 0.5954198241, -2.0763359070
75530067,0.8435058594,0.0583496094,-0.7937011719,-1.8320610523, 0.5954198241, -2.1221373081
75540067,0.8334960938,0.0698242188,-0.8054199219,-1.6641221046, 0.6564885378, -2.2137403488
75550067,0.8347167969,0.0705566406,-0.8010253906,-2.0763359070, 0.5801526904, -2.4885497093
75560067,0.8432617188,0.0729980469,-0.8063964844,-1.6793893576, 0.4580152631, -2.3969466686
75570067,0.8422851562,0.0717773438,-0.7993164062,-1.7251908779, 0.6564885378, -2.1832060814
75580067,0.8500976562,0.0705566406,-0.8020019531,-2.1526718140, 1.0381679535, -1.8167939186
75590067,0.8427734375,0.0690917969,-0.8081054688,-1.5572519302, 0.3053435087, -1.9236640930
75600067,0.8420410156,0.0700683594,-0.7963867188,-1.6030534506, 0.1221374050, -1.8625954390
75610067,0.8496093750,0.0776367188,-0.8007812500,-1.6183205843, 0.4274809062, -2.4274809361
75620067,0.8444824219,0.0793457031,-0.8100585938,-1.6335878372, 0.7328244448, -2.9618320465
75630067,0.8486328125,0.0837402344,-0.7966308594,-1.7709923983, 1.0839694738, -3.1145038605
75640067,0.8466796875,0.0732421875,-0.7951660156,-1.5419846773, 0.3969465792, -3.4961831570
75650067,0.8464355469,0.0605468750,-0.8000488281,-1.7404580116, -0.0152671756, -3.4961831570
75660067,0.8435058594,0.0578613281,-0.7993164062,-1.8167939186, -0.9618320465, -3.8931298256
75670067,0.8513183594,0.0690917969,-0.8176269531,-1.8015266657, -1.3435114622, -3.7404580116
75680067,0.8547363281,0.0610351562,-0.8222656250,-1.6335878372, -0.7022900581, -3.3893129826
75690067,0.8527832031,0.0634765625,-0.8200683594,-1.4351145029, 0.1832061112, -3.3282442093
75700067,0.8488769531,0.0651855469,-0.8283691406,-1.2977099419, 1.7251908779, -3.6793892384
75710067,0.8393554688,0.0690917969,-0.8195800781,-1.5877863169, 3.1603052616, -4.4732823372
75720067,0.8286132812,0.0744628906,-0.8137207031,-1.4656488895, 3.9389312267, -4.2900762558
75730067,0.8239746094,0.0751953125,-0.8117675781,-2.1068701744, 4.5648856163, -3.6793892384
75740067,0.8315429688,0.0673828125,-0.7905273438,-1.5572519302, 4.7938933372, -2.7175571918
75750067,0.8330078125,0.0693359375,-0.7993164062,-1.7099236250, 4.1679387093, -1.6946564913
75760067,0.8483886719,0.0639648438,-0.7915039062,-1.5572519302, 3.0839693546, -1.1297709942
75770067,0.8454589844,0.0593261719,-0.7875976562,-1.6488549709, 1.8473281860, -1.0076335669
75780067,0.8532714844,0.0634765625,-0.7929687500,-1.0076335669, 0.6259542108, -0.9312977195
75790067,0.8598632812,0.0615234375,-0.8007812500,-1.1145038605, 0.3358778656, -1.2671755552
75800067,0.8544921875,0.0576171875,-0.8039550781,-1.2824426889, 0.7633587718, -2.2137403488
75810067,0.8522949219,0.0561523438,-0.8068847656,-1.3893129826, 1.1908396482, -2.9770991802
75820067,0.8435058594,0.0686035156,-0.8105468750,-1.4045801163, 1.8320610523, -3.3129770756
75830067,0.8442382812,0.0659179688,-0.8132324219,-1.7099236250, 2.3969466686, -3.0229008198
75840070,0.8439941406,0.0646972656,-0.8037109375,-1.7557251453, 2.6106870174, -2.7022900581
75850067,0.8449707031,0.0671386719,-0.8020019531,-1.8931298256, 3.2824428082, -2.5343511105
75860067,0.8432617188,0.0634765625,-0.7961425781,-1.7099236250, 3.3129770756, -2.1221373081
75870067,0.8376464844,0.0683593750,-0.7954101562,-1.5267175436, 3.0229008198, -1.4351145029
75880067,0.8352050781,0.0690917969,-0.7897949219,-1.6946564913, 1.9236640930, -0.7938931584
75890067,0.8349609375,0.0651855469,-0.7961425781,-1.6946564913, 1.3740458488, -0.7938931584
75900067,0.8439941406,0.0661621094,-0.7985839844,-1.5725190639, 1.1908396482, -0.7633587718
75910067,0.8427734375,0.0651855469,-0.8010253906,-1.5114504099, 1.3282443285, -0.6564885378
75920067,0.8439941406,0.0703125000,-0.8027343750,-1.4045801163, 1.6030534506, -0.8396946788
75930067,0.8417968750,0.0642089844,-0.8088378906,-1.3435114622, 1.9694656134, -0.8702290058
75940067,0.8432617188,0.0686035156,-0.8024902344,-1.4198473692, 1.8931298256, -1.1297709942
75950067,0.8403320312,0.0703125000,-0.8061523438,-1.2977099419, 2.0916030407, -1.1755725145
75960067,0.8378906250,0.0710449219,-0.8112792969,-1.3435114622, 2.5343511105, -1.5267175436
75970067,0.8386230469,0.0683593750,-0.8117675781,-1.3587785959, 3.0534350872, -1.7099236250
75980067,0.8459472656,0.0646972656,-0.7976074219,-1.8778625727, 3.4809160233, -1.7709923983
75990067,0.8398437500,0.0664062500,-0.8049316406,-1.4656488895, 3.3893129826, -1.5572519302
76000067,0.8540039062,0.0661621094,-0.8005371094,-1.8167939186, 3.2061069012, -1.4045801163
76010067,0.8491210938,0.0671386719,-0.7983398438,-1.8167939186, 3.0229008198, -1.1755725145
76020067,0.8525390625,0.0646972656,-0.8007812500,-1.8931298256, 2.7022900581, -1.2671755552
76030067,0.8498535156,0.0632324219,-0.7946777344,-1.7251908779, 2.3206107616, -0.9770992398
76040067,0.8564453125,0.0666503906,-0.7978515625,-1.6641221046, 2.1679389477, -1.4656488895
76050067,0.8537597656,0.0695800781,-0.8051757812,-1.7404580116, 2.4732823372, -1.6335878372
76060067,0.8432617188,0.0710449219,-0.8037109375,-1.6793893576, 2.5190839767, -2.1984732151
76070067,0.8420410156,0.0649414062,-0.8022460938,-1.7709923983, 2.8702290058, -2.5496182442
76080067,0.8403320312,0.0698242188,-0.8032226562,-1.8015266657, 3.0534350872, -2.7480916977
76090067,0.8413085938,0.0703125000,-0.7929687500,-1.8015266657, 2.8244273663, -2.4885497093
76100067,0.8413085938,0.0690917969,-0.7971191406,-1.4961831570, 2.9770991802, -2.3511450291
76110067,0.8481445312,0.0744628906,-0.8090820312,-1.5725190639, 3.3435113430, -1.8625954390
76120067,0.8564453125,0.0622558594,-0.7985839844,-1.4198473692, 3.6030533314, -1.3282443285
76130067,0.8569335938,0.0690917969,-0.7939453125,-1.8015266657, 3.8015267849, -1.0229008198
76140067,0.8532714844,0.0686035156,-0.8029785156,-1.8320610523, 3.6335878372, -0.6106870174
76150067,0.8620605469,0.0761718750,-0.7944335938,-1.6641221046, 3.5419847965, -0.3664122224
76160067,0.8576660156,0.0710449219,-0.7924804688,-1.7709923983, 3.4503817558, -0.1068702266
76170067,0.8513183594,0.0708007812,-0.7900390625,-1.3587785959, 3.0381679535, -0.1679389328
76180067,0.8515625000,0.0688476562,-0.7890625000,-1.3587785959, 2.2442748547, -0.4122137427
76190067,0.8488769531,0.0742187500,-0.7851562500,-1.0381679535, 1.5877863169, -0.3816793859
76200067,0.8488769531,0.0715332031,-0.7885742188,-1.0839694738, 0.9923664331, -0.2900763452
76210067,0.8479003906,0.0690917969,-0.7995605469,-1.1908396482, 0.9007633328, -0.6412213445
76220067,0.8476562500,0.0659179688,-0.7956542969,-1.0839694738, 0.8854961991, -0.7938931584
76230067,0.8481445312,0.0644531250,-0.7922363281,-1.0839694738, 1.4503816366, -0.9923664331
76240067,0.8498535156,0.0627441406,-0.8005371094,-1.2519084215, 1.4045801163, -0.6106870174
76250067,0.8486328125,0.0583496094,-0.8046875000,-1.3435114622, 1.2977099419, -0.4122137427
76260067,0.8457031250,0.0625000000,-0.8093261719,-1.6488549709, 1.1755725145, -0.1984732896
76270067,0.8476562500,0.0698242188,-0.8012695312,-1.4198473692, 1.4809160233, 0.0000000000
76280067,0.8522949219,0.0629882812,-0.8022460938,-1.8015266657, 1.9694656134, -0.2442748100
76290067,0.8562011719,0.0661621094,-0.7910156250,-1.4351145029, 2.4122138023, -0.5190839767
76300067,0.8505859375,0.0629882812,-0.7927246094,-1.4045801163, 2.5038168430, -0.3206106722
76310067,0.8515625000,0.0625000000,-0.7800292969,-1.2671755552, 1.9541984797, 0.0458015278
76320067,0.8498535156,0.0610351562,-0.7849121094,-1.3587785959, 1.2671755552, 0.1374045759
76330067,0.8486328125,0.0646972656,-0.7810058594,-1.4961831570, 0.5648854971, 0.1068702266
76340067,0.8432617188,0.0583496094,-0.7910156250,-1.6641221046, -0.4427480996, -0.5801526904
76350067,0.8442382812,0.0576171875,-0.8046875000,-2.1068701744, -0.6870229244, -0.9770992398
76360067,0.8601074219,0.0559082031,-0.8037109375,-2.1984732151, -0.6259542108, -0.7328244448
76370067,0.8645019531,0.0639648438,-0.8007812500,-1.6793893576, -0.0458015278, 0.0305343512
76380067,0.8547363281,0.0627441406,-0.8017578125,-1.5114504099, 0.0458015278, 0.4885496199
76390067,0.8479003906,0.0625000000,-0.8027343750,-0.8244274855, 0.3664122224, 0.1221374050
76400067,0.8400878906,0.0651855469,-0.8056640625,-1.0076335669, 0.9007633328, 0.2290076315
76410067,0.8469238281,0.0568847656,-0.8007812500,-0.7022900581, 1.7404580116, -0.3511450291
76420067,0.8408203125,0.0610351562,-0.8068847656,-0.9465649128, 2.3206107616, -0.2137404531
76430067,0.8474121094,0.0615234375,-0.8046875000,-1.4198473692, 2.5496182442, 0.3816793859
76440067,0.8532714844,0.0668945312,-0.8051757812,-1.7404580116, 2.2748091221, 0.5954198241
76450067,0.8500976562,0.0600585938,-0.8020019531,-1.7251908779, 2.0000000000, 0.3053435087
76460067,0.8549804688,0.0686035156,-0.7937011719,-1.8931298256, 1.3282443285, -0.6564885378
76470067,0.8522949219,0.0695800781,-0.7915039062,-1.7557251453, 0.9007633328, -1.2824426889
76480216,0.8405761719,0.0754394531,-0.7919921875,-1.8015266657, 0.6259542108, -2.1221373081
76490067,0.8395996094,0.0722656250,-0.7966308594,-1.5572519302, 0.3816793859, -2.0458016396
76500067,0.8388671875,0.0822753906,-0.7978515625,-1.0534350872, 0.6870229244, -2.4122138023
76510085,0.8479003906,0.0749511719,-0.7963867188,-0.5648854971, 1.0534350872, -2.3511450291
76520067,0.8498535156,0.0661621094,-0.7924804688,-0.3358778656, 1.5725190639, -2.1526718140
76530067,0.8671875000,0.0666503906,-0.7941894531,-0.2442748100, 1.9083969593, -2.1984732151
76540067,0.8586425781,0.0642089844,-0.7995605469,-0.5343511701, 2.1221373081, -2.3358778954
76550067,0.8645019531,0.0617675781,-0.8127441406,-0.4580152631, 2.4580152035, -2.2290077209
76560067,0.8581542969,0.0651855469,-0.8120117188,-0.7786259651, 2.7633588314, -2.4427480698
76570067,0.8603515625,0.0603027344,-0.8229980469,-1.2061069012, 2.8549618721, -3.3129770756
76580067,0.8618164062,0.0625000000,-0.8173828125,-1.6030534506, 2.7786259651, -4.1068701744
76590067,0.8549804688,0.0612792969,-0.8032226562,-1.5877863169, 2.5801527500, -4.9770994186
76600067,0.8425292969,0.0607910156,-0.7995605469,-1.5114504099, 1.7709923983, -5.0381679535
76610067,0.8496093750,0.0605468750,-0.7946777344,-0.9618320465, 1.1908396482, -4.5954198837
76620067,0.8505859375,0.0639648438,-0.8029785156,-0.5954198241, 0.9007633328, -3.2977099419
76630067,0.8476562500,0.0617675781,-0.7990722656,-0.4427480996, 1.2824426889, -2.1068701744
76640067,0.8574218750,0.0568847656,-0.8029785156,-0.4427480996, 2.5343511105, -1.4503816366
76650067,0.8510742188,0.0566406250,-0.8068847656,-0.5038167834, 3.9236640930, -1.0381679535
76660067,0.8535156250,0.0510253906,-0.7995605469,-0.4580152631, 5.2213740349, -0.7633587718
76670067,0.8608398438,0.0571289062,-0.7998046875,-0.6564885378, 5.5725193024, -0.6106870174
76680067,0.8596191406,0.0559082031,-0.8022460938,-0.6106870174, 5.6946563721, -0.7175572515
76690067,0.8632812500,0.0573730469,-0.7966308594,-0.7022900581, 5.5114502907, -1.1603053808
76700067,0.8593750000,0.0588378906,-0.7958984375,-0.8244274855, 5.1145038605, -1.7099236250
76710067,0.8588867188,0.0695800781,-0.8015136719,-0.8702290058, 5.0076336861, -2.2442748547
76720067,0.8522949219,0.0698242188,-0.7956542969,-0.8549618125, 5.0534353256, -2.8091602325
76730067,0.8549804688,0.0668945312,-0.7944335938,-0.9465649128, 5.5725193024, -3.3435113430
76740067,0.8535156250,0.0722656250,-0.7878417969,-1.0229008198, 5.6641221046, -3.8015267849
76750067,0.8459472656,0.0715332031,-0.7836914062,-1.1603053808, 5.6488547325, -4.2748093605
76760067,0.8542480469,0.0705566406,-0.7788085938,-1.1755725145, 5.4198474884, -4.6106872559
76770067,0.8486328125,0.0717773438,-0.7849121094,-1.2824426889, 5.4656486511, -4.7328243256
76780067,0.8457031250,0.0727539062,-0.7856445312,-1.5572519302, 5.1908397675, -4.3664121628
76790067,0.8469238281,0.0717773438,-0.7788085938,-1.4045801163, 4.8396945000, -3.9236640930
76800067,0.8444824219,0.0690917969,-0.7841796875,-1.2519084215, 4.0610685349, -3.7557251453
76810067,0.8488769531,0.0617675781,-0.7854003906,-1.7099236250, 3.2213740349, -3.3435113430
76820067,0.8481445312,0.0620117188,-0.7841796875,-1.4045801163, 2.1221373081, -2.8244273663
76830156,0.8562011719,0.0620117188,-0.7963867188,-1.3282443285, 1.7557251453, -2.7175571918
76840067,0.8645019531,0.0615234375,-0.7980957031,-1.2977099419, 1.8167939186, -2.8091602325
76850067,0.8591308594,0.0651855469,-0.7951660156,-1.0076335669, 2.2900762558, -2.7480916977
76860067,0.8654785156,0.0661621094,-0.7963867188,-0.9770992398, 2.8244273663, -2.8549618721
76870067,0.8647460938,0.0600585938,-0.7915039062,-1.0839694738, 3.6793892384, -2.9465649128
76880067,0.8569335938,0.0634765625,-0.7749023438,-1.1297709942, 3.9847328663, -3.4045801163
76890067,0.8586425781,0.0690917969,-0.7819824219,-1.2671755552, 3.7557251453, -3.2366411686
76900067,0.8581542969,0.0607910156,-0.7739257812,-1.1297709942, 3.2061069012, -3.5419847965
76910067,0.8576660156,0.0744628906,-0.7749023438,-1.2366411686, 2.7480916977, -3.4503817558
76920067,0.8552246094,0.0703125000,-0.7666015625,-1.2366411686, 1.7709923983, -3.2366411686
76930067,0.8496093750,0.0717773438,-0.7778320312,-1.0534350872, 0.7938931584, -2.7938930988
76940067,0.8566894531,0.0644531250,-0.7780761719,-1.1145038605, 0.1374045759, -2.7022900581
76950067,0.8540039062,0.0698242188,-0.7822265625,-0.9465649128, -0.6412213445, -2.5038168430
76960067,0.8659667969,0.0634765625,-0.7983398438,-0.5954198241, -1.0839694738, -2.6412212849
76970067,0.8674316406,0.0551757812,-0.7968750000,-0.8396946788, -0.5496183038, -3.1450381279
76980067,0.8754882812,0.0510253906,-0.8010253906,-0.8396946788, 0.3206106722, -3.6030533314
76990067,0.8852539062,0.0590820312,-0.8142089844,-1.0992366076, 1.6641221046, -3.8625953197
77000067,0.8925781250,0.0698242188,-0.8005371094,-0.8396946788, 2.8396947384, -4.4122138023
77010067,0.8854980469,0.0659179688,-0.8029785156,-0.5190839767, 3.7862596512, -4.9465646744
77020067,0.8706054688,0.0666503906,-0.7966308594,-1.1603053808, 3.7404580116, -6.0610685349
77030067,0.8725585938,0.0642089844,-0.7971191406,-1.6183205843, 3.8320610523, -7.5267176628
77040067,0.8747558594,0.0683593750,-0.7922363281,-2.0763359070, 3.5114502907, -8.1832065582
77050067,0.8757324219,0.0571289062,-0.8010253906,-2.1374046803, 4.3206105232, -7.7557253838
77060067,0.8850097656,0.0546875000,-0.7995605469,-1.7099236250, 5.8167939186, -7.5114502907
77070069,0.8779296875,0.0551757812,-0.7910156250,-1.1145038605, 6.7480916977, -8.2290077209
77080067,0.8618164062,0.0615234375,-0.7817382812,-1.0381679535, 7.8320612907, -8.1374044418
77090067,0.8693847656,0.0659179688,-0.7802734375,-0.7480915785, 7.9236640930, -7.3740458488
77100067,0.8759765625,0.0617675781,-0.7832031250,-0.7175572515, 7.5419845581, -6.5801525116
77110067,0.8742675781,0.0644531250,-0.7863769531,-0.1832061112, 7.3587784767, -6.9770994186
77120067,0.8813476562,0.0708007812,-0.7907714844,0.1068702266, 7.8473281860, -7.3587784767
77130067,0.8713378906,0.0769042969,-0.8007812500,-0.1832061112, 9.4198474884, -6.7633585930
77140067,0.8618164062,0.0812988281,-0.7929687500,-0.0152671756, 10.6259546280, -6.8702292442
77150067,0.8508300781,0.0820312500,-0.7709960938,-0.4885496199, 10.6564884186, -6.0458016396
77160067,0.8417968750,0.0661621094,-0.7561035156,-0.3969465792, 9.4198474884, -6.2290077209
77170067,0.8408203125,0.0725097656,-0.7565917969,-0.6106870174, 7.5267176628, -6.5190839767
77180067,0.8488769531,0.0812988281,-0.7534179688,-0.7786259651, 5.8167939186, -5.8931298256
77190067,0.8513183594,0.0781250000,-0.7495117188,-1.1297709942, 4.7328243256, -5.1908397675
77200067,0.8515625000,0.0776367188,-0.7468261719,-0.9923664331, 4.3358778954, -5.7862596512
77210067,0.8569335938,0.0832519531,-0.7521972656,-0.9923664331, 4.0305342674, -4.7938933372
77220067,0.8461914062,0.0781250000,-0.7668457031,-0.8702290058, 3.9541983604, -3.9083969593
77230067,0.8525390625,0.0808105469,-0.7636718750,-0.6870229244, 4.0305342674, -3.2213740349
77240067,0.8527832031,0.0898437500,-0.7722167969,-0.9007633328, 3.5877861977, -2.2137403488
77250067,0.8518066406,0.0825195312,-0.7658691406,-0.9770992398, 3.1755726337, -1.9847328663
77260067,0.8591308594,0.0878906250,-0.7568359375,-0.3664122224, 2.3358778954, -2.1984732151
77270067,0.8618164062,0.0869140625,-0.7514648438,-0.9160305262, 1.0992366076, -2.0152671337
77280067,0.8630371094,0.0861816406,-0.7614746094,-1.1755725145, 0.2442748100, -1.9236640930
77290067,0.8696289062,0.0893554688,-0.7744140625,-1.0381679535, -0.3664122224, -2.0305342674
77300067,0.8747558594,0.0795898438,-0.7727050781,-1.2519084215, -0.2442748100, -2.1679389477
77310067,0.8735351562,0.0729980469,-0.7883300781,-0.8396946788, -0.2442748100, -2.5954198837
77320067,0.8796386719,0.0881347656,-0.7841796875,-1.0534350872, 1.4351145029, -3.6946563721
77330067,0.8666992188,0.0869140625,-0.7875976562,-1.3282443285, 2.4122138023, -2.7480916977
77340067,0.8649902344,0.0883789062,-0.7763671875,-1.3435114622, 3.3740458488, -2.3816792965
77350067,0.8574218750,0.0893554688,-0.7683105469,-1.5572519302, 3.6335878372, -2.7022900581
77360067,0.8676757812,0.0827636719,-0.7656250000,-1.6793893576, 2.7480916977, -3.0229008198
77370067,0.8579101562,0.0869140625,-0.7570800781,-1.6641221046, 2.0916030407, -3.0381679535
77380067,0.8679199219,0.0834960938,-0.7546386719,-1.6793893576, 1.8320610523, -3.1908397675
77390067,0.8618164062,0.0854492188,-0.7597656250,-1.8473281860, 1.9694656134, -3.0687022209
77400067,0.8627929688,0.0864257812,-0.7531738281,-1.6946564913, 1.5572519302, -3.2061069012
77410067,0.8532714844,0.0842285156,-0.7514648438,-2.0000000000, 1.4045801163, -2.8396947384
77420067,0.8652343750,0.0830078125,-0.7648925781,-1.9236640930, 0.6412213445, -2.5496182442
77430067,0.8586425781,0.0725097656,-0.7612304688,-1.9389313459, 0.1526717544, -1.9236640930
77440067,0.8708496094,0.0786132812,-0.7687988281,-2.2595419884, 0.1526717544, -1.5572519302
77450067,0.8740234375,0.0751953125,-0.7773437500,-1.7404580116, 0.4274809062, -1.6946564913
77460067,0.8686523438,0.0756835938,-0.7836914062,-2.0152671337, 0.7175572515, -1.9389313459
77470067,0.8693847656,0.0708007812,-0.7792968750,-2.1221373081, 1.7862595320, -2.1374046803
77480214,0.8684082031,0.0786132812,-0.7790527344,-2.5954198837, 2.7175571918, -2.3053436279
77490067,0.8676757812,0.0776367188,-0.7873535156,-2.5801527500, 3.4351146221, -2.8702290058
77500067,0.8640136719,0.0742187500,-0.7863769531,-3.1603052616, 4.4885497093, -3.2519083023
77510067,0.8630371094,0.0737304688,-0.7666015625,-2.8854961395, 5.2061066628, -3.5419847965
77520067,0.8520507812,0.0800781250,-0.7541503906,-3.0687022209, 4.6717557907, -3.3435113430
77530067,0.8713378906,0.0798339844,-0.7521972656,-2.8702290058, 3.4503817558, -3.0839693546
77540067,0.8779296875,0.0878906250,-0.7602539062,-2.8549618721, 2.3206107616, -3.8473281860
77550067,0.8818359375,0.0878906250,-0.7880859375,-2.8396947384, 2.7175571918, -5.7709922791
77560067,0.8830566406,0.0927734375,-0.8039550781,-2.9465649128, 5.1145038605, -7.1145038605
77570067,0.8762207031,0.1142578125,-0.7722167969,-2.9007632732, 7.7557253838, -7.0687022209
77580067,0.8632812500,0.1186523438,-0.7575683594,-3.2824428082, 7.8015265465, -6.4885497093
77590067,0.8549804688,0.1162109375,-0.7324218750,-2.7480916977, 4.3511452675, -5.6183204651
77600067,0.8583984375,0.1196289062,-0.7297363281,-2.2137403488, 0.5496183038, -4.4122138023
77610067,0.8613281250,0.1030273438,-0.7377929688,-1.4503816366, -1.5114504099, -4.4580154419
77620067,0.8630371094,0.0988769531,-0.7402343750,-0.5648854971, -2.0152671337, -5.2519083023
77630067,0.8669433594,0.0922851562,-0.7443847656,-0.7328244448, -1.3587785959, -5.1297707558
77640067,0.8764648438,0.1101074219,-0.7194824219,-0.4427480996, -1.5419846773, -4.2137403488
77650067,0.8774414062,0.1301269531,-0.6979980469,0.1526717544, -3.3282442093, -1.8320610523
77660067,0.8605957031,0.1274414062,-0.7001953125,0.6259542108, -7.6030535698, -1.4809160233
77670067,0.8442382812,0.1293945312,-0.6899414062,0.7633587718, -13.1450386047, -2.8091602325
77680067,0.8525390625,0.1386718750,-0.7138671875,0.8396946788, -16.9923667908, -3.8167939186
77690067,0.8808593750,0.1328125000,-0.7424316406,0.8854961991, -17.3282451630, -0.9465649128
77700067,0.9064941406,0.1142578125,-0.7683105469,2.2595419884, -16.0000000000, 0.4427480996
77710067,0.9387207031,0.1123046875,-0.7795410156,4.5648856163, -14.0763359070, -0.7175572515
77720067,0.9216308594,0.1333007812,-0.7731933594,5.4656486511, -12.3511447906, 0.7022900581
77730067,0.9191894531,0.1613769531,-0.7309570312,7.4045801163, -12.1526718140, 0.4580152631
77740067,0.8825683594,0.1647949219,-0.6948242188,8.8244276047, -14.5648851395, 3.3893129826
