xacc,yacc,zacc,xgyro,ygyro,zgyro
1.05249,-0.019043,-0.049805,-1.923664,-1.534351,-2.534351
1.044434,-0.009277,-0.038086,-1.969466,-1.465649,-2.549618
1.048096,-0.02002,-0.046875,-1.732824,-1.152672,-2.832061
1.043701,-0.017578,-0.044189,-1.763359,-1.320611,-2.870229
1.049805,-0.019775,-0.045898,-1.839695,-1.335878,-3.274809
1.04126,-0.019775,-0.040039,-1.847328,-1.541985,-3.198473
1.042725,-0.023682,-0.037842,-1.946565,-1.389313,-3.435115
1.048828,-0.019775,-0.041016,-1.854962,-1.458015,-3.236641
1.046875,-0.017578,-0.050781,-1.931298,-1.10687,-3.114504
1.044434,-0.016846,-0.046387,-1.839695,-1.0,-3.068702
1.04126,-0.023926,-0.051514,-1.717557,-1.099237,-3.099237
1.039307,-0.016846,-0.048096,-1.679389,-0.977099,-3.007634
1.042725,-0.018311,-0.040039,-1.854962,-1.030534,-3.274809
1.045166,-0.015869,-0.044678,-1.656489,-1.19084,-3.206107
1.046143,-0.016602,-0.044434,-1.656489,-1.183206,-3.396947
1.04126,-0.019531,-0.050293,-1.671756,-1.259542,-3.343511
1.049316,-0.017822,-0.047852,-1.80916,-1.083969,-3.442748
1.040283,-0.019531,-0.037842,-1.656489,-1.290076,-3.328244
1.048584,-0.022705,-0.042725,-1.458015,-0.946565,-3.458015
1.043945,-0.02002,-0.051025,-1.541985,-0.961832,-3.236641
1.043945,-0.00708,-0.043457,-1.610687,-0.900763,-3.29771
1.047119,-0.01123,-0.051758,-1.587786,-0.656489,-3.335878
1.044189,-0.014648,-0.044922,-1.480916,-0.320611,-3.473282
1.046387,-0.017578,-0.04248,-1.419847,-0.419847,-3.236641
1.046631,-0.012451,-0.040039,-1.687023,-0.374046,-3.534351
1.037109,-0.015869,-0.055664,-1.923664,-0.312977,-3.274809
1.041504,-0.018799,-0.052734,-1.732824,-0.099237,-3.328244
1.033203,-0.017334,-0.037598,-1.725191,-0.076336,-3.206107
1.045166,-0.014648,-0.041016,-1.450382,-0.70229,-3.198473
1.049561,-0.016846,-0.036377,-1.175573,-0.656489,-3.633588
1.046143,-0.010742,-0.040039,-1.122137,-0.80916,-3.770992
1.037109,-0.00293,-0.051025,-1.305344,-0.374046,-3.885496
1.039062,-0.017578,-0.047852,-1.992366,-0.022901,-3.267176
1.04126,-0.022461,-0.038574,-2.312977,-0.40458,-2.954198
1.042725,-0.017822,-0.039795,-1.916031,-0.740458,-2.824427
1.042725,-0.011719,-0.03833,-1.870229,-0.931298,-2.442748
1.043701,-0.006592,-0.042725,-1.625954,-0.931298,-2.610687
1.041992,-0.014404,-0.042236,-1.70229,-0.587786,-3.183206
1.050293,-0.016357,-0.047607,-1.732824,-0.221374,-3.480916
1.054932,-0.012695,-0.053955,-2.099237,0.541985,-3.40458
1.046875,-0.008057,-0.055176,-2.175573,1.664122,-3.007634
1.026611,-0.015625,-0.047363,-2.083969,2.045802,-2.923664
1.031494,-0.016846,-0.03833,-1.778626,1.70229,-3.030534
1.033936,-0.016113,-0.032471,-1.572519,0.694656,-3.061069
1.03125,-0.009766,-0.02832,-1.633588,-0.312977,-3.618321
1.038086,-0.006592,-0.028564,-1.80916,-1.0,-3.320611
1.04248,-0.002686,-0.030762,-1.534351,-1.251908,-3.267176
1.043213,-0.003174,-0.041016,-1.648855,-0.847328,-3.206107
1.043945,-0.009033,-0.044678,-1.679389,0.0,-2.862595
1.038086,-0.006348,-0.043213,-1.839695,0.419847,-2.954198
1.042969,-0.010742,-0.039307,-1.80916,0.305344,-3.274809
1.047852,-0.007568,-0.040283,-1.656489,0.152672,-3.328244
1.041016,-0.009766,-0.036377,-1.931298,-0.351145,-2.961832
1.040039,-0.016113,-0.0354,-1.946565,-0.755725,-3.351145
1.041748,-0.010498,-0.047119,-1.877863,-0.78626,-3.198473
1.044434,-0.010742,-0.046631,-1.961832,-0.473282,-2.877863
1.034424,-0.01123,-0.04541,-1.900763,-0.091603,-2.793893
1.040771,-0.015625,-0.042236,-1.877863,0.40458,-2.450382
1.042725,-0.012939,-0.047119,-1.832061,0.671756,-2.70229
1.039795,-0.011475,-0.03833,-1.908397,0.618321,-2.961832
1.036133,-0.008057,-0.03833,-1.908397,0.374046,-2.946565
1.042969,-0.007568,-0.036621,-1.877863,0.312977,-2.80916
1.036377,-0.011475,-0.038086,-2.175573,0.251908,-2.557252
1.039551,-0.013672,-0.029297,-2.045802,0.175573,-2.564885
1.04126,-0.008057,-0.033691,-2.015267,0.175573,-2.770992
1.037842,-0.014648,-0.032959,-1.801527,-0.267176,-2.541985
1.043213,-0.011719,-0.036133,-1.885496,-0.694656,-2.984733
1.048584,-0.008057,-0.030762,-2.015267,-0.473282,-3.442748
1.049805,-0.009766,-0.03833,-2.015267,-0.335878,-3.320611
1.040771,-0.003418,-0.032227,-1.877863,-0.068702,-2.908397
1.039062,-0.004395,-0.042725,-1.916031,0.229008,-2.312977
1.038086,-0.01001,-0.038818,-1.885496,0.229008,-2.29771
1.039795,-0.007324,-0.033936,-2.068702,0.236641,-2.717557
1.044678,-0.005127,-0.032959,-2.0,0.267176,-3.114504
1.042725,-0.01001,-0.032227,-2.091603,-0.015267,-3.244275
1.037842,-0.006836,-0.032471,-1.946565,-0.183206,-3.412214
1.04248,-0.00293,-0.030029,-1.870229,-0.381679,-3.122137
1.04248,0.000244,-0.041992,-1.847328,-0.343511,-2.847328
1.038574,-0.006836,-0.043213,-1.908397,-0.183206,-2.557252
1.041016,0.00293,-0.040283,-1.938931,0.137405,-2.496183
1.041504,-0.005615,-0.043701,-2.030534,0.480916,-2.625954
1.035889,-0.006348,-0.041992,-2.167939,0.427481,-2.580153
1.031738,-0.005371,-0.038574,-2.21374,0.167939,-2.625954
1.032227,-0.001221,-0.028564,-1.946565,-0.198473,-2.587786
1.036865,-0.000244,-0.04834,-2.022901,0.091603,-2.167939
1.039551,-0.00415,-0.034668,-2.083969,0.129771,-2.366412
1.035889,0.003662,-0.040771,-2.145038,-0.030534,-2.221374
1.034668,-0.005859,-0.044922,-2.129771,0.267176,-2.114504
1.043701,-0.005371,-0.047119,-2.137405,0.244275,-2.152672
1.04248,-0.005371,-0.041016,-2.19084,0.206107,-2.030534
1.036377,0.000977,-0.038086,-2.198473,0.40458,-1.816794
1.03418,-0.005127,-0.044678,-2.236641,0.572519,-1.70229
1.033691,-0.009033,-0.036621,-2.419847,0.717557,-1.305344
1.028564,-0.009033,-0.032715,-2.351145,0.496183,-1.328244
1.031738,-0.00708,-0.028076,-2.458015,0.496183,-1.167939
1.036865,-0.010986,-0.033203,-2.381679,0.137405,-0.923664
1.026611,-0.010742,-0.027588,-2.40458,-0.229008,-1.053435
1.036621,-0.006592,-0.034912,-2.435115,-0.442748,-1.061069
1.041992,-0.006836,-0.042969,-2.412214,-0.610687,-1.221374
1.039551,-0.006348,-0.040527,-2.458015,-0.610687,-1.0
1.046387,-0.00708,-0.03833,-2.48855,-0.381679,-1.236641
1.039062,-0.005859,-0.031494,-2.473282,-0.137405,-0.992366
1.039551,-0.004395,-0.043457,-2.48855,-0.053435,-0.854962
1.043945,-0.004395,-0.029785,-2.534351,-0.29771,-0.977099
1.03833,-0.004639,-0.030518,-2.656489,-0.656489,-0.664122
1.042236,-0.005615,-0.031982,-2.59542,-0.557252,-1.045802
1.042969,-0.009033,-0.039795,-2.740458,-0.305344,-0.832061
1.034424,-0.013428,-0.035889,-2.587786,-0.282443,-0.70229
1.037354,-0.010498,-0.027832,-2.603053,-0.175573,-0.946565
1.037354,-0.006104,-0.034668,-2.549618,-0.358779,-0.816794
1.044434,-0.009033,-0.024902,-2.633588,-0.824427,-0.541985
1.04248,-0.006592,-0.033203,-2.70229,-0.931298,-0.717557
1.039307,-0.009766,-0.031494,-2.534351,-1.061069,-0.259542
1.040283,-0.007568,-0.028076,-2.549618,-1.160305,-0.221374
1.048096,-0.006836,-0.032715,-2.51145,-1.053435,-0.183206
1.051514,-0.012207,-0.030762,-2.748092,-1.137405,-0.625954
1.042725,-0.002441,-0.039062,-2.732824,-1.015267,-0.541985
1.040283,-0.008545,-0.031006,-2.740458,-0.977099,-0.618321
1.039062,-0.010254,-0.043213,-2.564885,-0.709924,-0.396947
1.036133,-0.008545,-0.023438,-2.549618,-0.717557,-0.648855
1.045166,-0.006592,-0.029785,-2.541985,-0.885496,-0.267176
1.036865,-0.013428,-0.038574,-2.358779,-1.618321,-0.832061
1.040283,-0.016602,-0.032715,-2.282443,-1.740458,-1.221374
1.041016,-0.00708,-0.035889,-2.274809,-1.221374,-1.198473
1.040283,-0.001465,-0.043701,-2.366412,-0.725191,-0.916031
1.040039,-0.012451,-0.043213,-2.89313,-0.374046,-0.236641
1.040039,-0.012451,-0.023682,-3.183206,-0.89313,0.129771
1.048096,-0.020752,-0.023193,-2.801527,-1.80916,-0.251908
1.041016,-0.021729,-0.015381,-2.618321,-2.29771,-0.40458
1.048828,-0.013184,-0.027832,-2.366412,-2.862595,-0.732824
1.040771,-0.02002,-0.03418,-2.053435,-2.671756,-1.427481
1.050049,-0.011963,-0.047852,-2.328244,-2.251908,-1.656489
1.056885,-0.012451,-0.052246,-2.534351,-1.183206,-1.442748
1.050049,-0.006836,-0.055176,-2.725191,0.59542,-1.083969
1.032471,-0.014404,-0.050781,-2.725191,1.381679,-0.656489
1.026855,-0.022461,-0.03418,-2.59542,1.137405,-0.755725
1.026123,-0.021729,-0.026611,-2.656489,0.167939,-0.801527
1.026367,-0.019043,-0.023438,-2.633588,-1.122137,-0.717557
1.036865,-0.019287,-0.014404,-2.534351,-2.251908,-0.961832
1.048828,-0.020264,-0.02124,-2.473282,-2.862595,-1.114504
1.049805,-0.01123,-0.027588,-2.282443,-3.022901,-0.816794
1.062012,-0.011475,-0.036133,-2.312977,-2.732824,-0.801527
1.05542,-0.012939,-0.040283,-2.328244,-1.946565,-0.908397
1.052734,-0.016357,-0.041992,-2.557252,-1.549618,-1.335878
1.049561,-0.012451,-0.026855,-2.374046,-1.251908,-1.129771
1.043945,-0.011475,-0.024658,-2.312977,-1.496183,-1.129771
1.039551,-0.014893,-0.033936,-2.29771,-1.610687,-1.19084
1.039307,-0.015625,-0.035645,-2.419847,-1.885496,-0.908397
1.03833,-0.011963,-0.029541,-2.396947,-2.183206,-0.900763
1.043701,-0.021484,-0.033691,-2.427481,-1.992366,-1.007634
1.040771,-0.026611,-0.039062,-2.381679,-1.977099,-1.259542
1.049072,-0.020508,-0.043213,-2.465649,-1.847328,-1.259542
1.047607,-0.017334,-0.039795,-2.320611,-1.610687,-1.10687
1.04126,-0.02002,-0.04248,-2.358779,-1.48855,-1.267176
1.047607,-0.016113,-0.046387,-2.419847,-1.381679,-1.167939
1.038818,-0.022705,-0.042969,-2.435115,-0.908397,-1.091603
1.040527,-0.020996,-0.03125,-2.351145,-1.053435,-1.229008
1.036133,-0.020996,-0.04126,-2.435115,-1.038168,-1.061069
1.032959,-0.018066,-0.0271,-2.244275,-1.687023,-1.29771
1.045654,-0.019531,-0.030518,-2.122137,-2.366412,-1.587786
1.04126,-0.014893,-0.035889,-2.022901,-2.282443,-2.015267
1.046143,-0.019287,-0.034912,-2.167939,-2.099237,-1.854962
1.041992,-0.014648,-0.037109,-2.343511,-1.679389,-1.450382
1.038818,-0.023438,-0.04541,-2.442748,-1.442748,-1.465649
1.043457,-0.012939,-0.044434,-2.244275,-1.137405,-1.10687
1.036865,-0.013916,-0.044434,-2.305344,-0.946565,-1.053435
1.042969,-0.022217,-0.03125,-2.259542,-1.053435,-1.396947
1.035645,-0.020264,-0.037842,-2.396947,-1.412214,-1.679389
1.036621,-0.022217,-0.031738,-2.351145,-1.450382,-1.534351
1.048828,-0.022217,-0.036865,-2.305344,-1.633588,-1.625954
1.044434,-0.015625,-0.043213,-2.282443,-1.038168,-1.824427
1.042725,-0.017822,-0.040771,-2.29771,-0.961832,-1.740458
1.039551,-0.014648,-0.038086,-2.198473,-1.312977,-1.251908
1.040771,-0.019287,-0.039062,-2.328244,-1.564885,-1.389313
1.050781,-0.01709,-0.03418,-2.343511,-1.29771,-1.251908
1.049805,-0.020752,-0.03833,-2.221374,-1.320611,-1.687023
1.044434,-0.021484,-0.043945,-2.366412,-1.748092,-1.656489
1.041504,-0.026855,-0.040527,-2.374046,-1.59542,-1.89313
1.052734,-0.023193,-0.04541,-2.320611,-1.503817,-2.137405
1.047607,-0.023193,-0.042236,-2.244275,-1.282443,-1.900763
1.042236,-0.015625,-0.045166,-2.129771,-1.10687,-1.923664
1.047363,-0.017334,-0.040039,-2.129771,-0.977099,-1.938931
1.043701,-0.018311,-0.037598,-2.129771,-1.152672,-1.89313
1.039062,-0.017578,-0.04126,-2.221374,-1.183206,-1.740458
1.045166,-0.020752,-0.037598,-2.10687,-1.183206,-2.053435
1.042236,-0.016846,-0.045166,-2.030534,-1.167939,-1.89313
1.04541,-0.017578,-0.046631,-1.969466,-1.022901,-2.114504
1.042969,-0.018311,-0.043701,-2.061069,-1.19084,-2.290076
1.047607,-0.016113,-0.040283,-2.145038,-1.244275,-2.053435
1.044922,-0.026367,-0.041992,-2.038168,-1.328244,-2.282443
1.039795,-0.019287,-0.045166,-2.175573,-1.282443,-2.320611
1.045166,-0.017578,-0.037109,-2.099237,-1.137405,-2.099237
1.044678,-0.023926,-0.043213,-2.038168,-1.007634,-2.183206
1.046387,-0.019775,-0.040039,-2.129771,-1.068702,-1.923664
1.045166,-0.025879,-0.0354,-2.114504,-1.19084,-2.015267
1.044434,-0.018066,-0.040527,-2.053435,-1.068702,-2.267176
1.043701,-0.021484,-0.039795,-2.137405,-1.152672,-2.282443
1.041016,-0.015137,-0.045654,-1.977099,-1.083969,-2.053435
1.043213,-0.019775,-0.044189,-2.114504,-1.167939,-2.244275
1.037109,-0.019531,-0.037354,-2.236641,-1.229008,-2.564885
1.051025,-0.023926,-0.036621,-1.992366,-1.564885,-2.534351
1.044922,-0.018066,-0.040771,-1.992366,-1.40458,-2.503817
1.047852,-0.018311,-0.035645,-1.961832,-1.328244,-2.549618
1.048828,-0.018799,-0.043457,-1.977099,-1.21374,-2.580153
1.04541,-0.025635,-0.046875,-1.900763,-1.244275,-2.442748
1.039795,-0.020264,-0.037109,-1.900763,-1.137405,-2.51145
1.04834,-0.025879,-0.040283,-2.061069,-1.442748,-2.40458
1.041992,-0.023438,-0.043457,-1.824427,-1.473282,-2.755725
1.047119,-0.026123,-0.03418,-1.984733,-1.519084,-3.305344
1.041748,-0.017334,-0.044434,-1.839695,-1.450382,-3.038168
1.04541,-0.015869,-0.04248,-1.862595,-1.381679,-3.267176
1.046387,-0.019531,-0.049316,-1.748092,-1.503817,-3.358779
1.039795,-0.01709,-0.046631,-1.763359,-1.358779,-3.061069
1.044922,-0.017334,-0.040283,-1.717557,-1.366412,-3.083969
1.047607,-0.014893,-0.037842,-1.770992,-1.419847,-3.0
1.046875,-0.018311,-0.044922,-1.687023,-1.21374,-3.045802
1.043213,-0.021484,-0.051514,-1.778626,-0.854962,-3.030534
1.041748,-0.022217,-0.046875,-1.755725,-0.916031,-3.167939
1.043457,-0.020996,-0.037842,-1.664122,-1.282443,-3.305344
1.046875,-0.022949,-0.040771,-1.435115,-1.458015,-3.664122
1.046143,-0.013672,-0.035889,-1.290076,-1.534351,-4.206107
1.041748,-0.009521,-0.046631,-1.076336,-1.389313,-4.08397
1.044922,-0.001465,-0.055664,-1.450382,-0.580153,-4.076336
1.041992,-0.017334,-0.049805,-2.068702,0.167939,-3.068702
1.043945,-0.030273,-0.036133,-2.282443,-0.236641,-2.931298
1.049072,-0.017578,-0.037842,-1.977099,-0.633588,-2.641221
1.037354,-0.012207,-0.032715,-1.885496,-1.038168,-2.740458
1.048828,-0.007812,-0.044678,-1.572519,-1.244275,-3.21374
1.039795,-0.014648,-0.03833,-1.503817,-1.007634,-3.770992
1.045898,-0.015137,-0.050537,-1.534351,-0.793893,-4.099236
1.055908,-0.015869,-0.062744,-1.984733,0.083969,-3.824427
1.051025,-0.006836,-0.060303,-1.816794,1.465649,-3.114504
1.035156,-0.020752,-0.053711,-1.954198,1.961832,-3.083969
1.031982,-0.022949,-0.049805,-1.778626,1.40458,-3.419847
1.027588,-0.024902,-0.034668,-1.778626,0.847328,-3.526718
1.035156,-0.017334,-0.027588,-1.763359,-0.328244,-3.603053
1.039307,-0.01416,-0.026123,-1.709924,-1.244275,-3.633588
1.041504,-0.005859,-0.030518,-1.396947,-1.778626,-3.450382
1.047607,-0.008545,-0.032715,-1.328244,-1.656489,-3.351145
1.043945,-0.008301,-0.053711,-1.503817,-0.992366,-3.328244
1.051025,-0.00293,-0.038574,-1.503817,-0.328244,-3.40458
1.047363,-0.009033,-0.046387,-1.648855,-0.183206,-3.694656
1.045166,-0.004883,-0.041748,-1.763359,-0.496183,-3.587786
1.037109,-0.013428,-0.036865,-1.687023,-0.618321,-3.748092
1.041992,-0.016602,-0.04541,-1.931298,-0.526718,-3.70229
1.042725,-0.009521,-0.046631,-1.862595,-0.503817,-3.435115
1.036865,-0.009033,-0.04541,-1.870229,-0.045802,-2.969466
1.043457,-0.013672,-0.047363,-1.847328,0.229008,-2.709924
1.039307,-0.009033,-0.047607,-1.740458,0.526718,-2.885496
1.034668,-0.010498,-0.044434,-1.832061,0.625954,-2.748092
1.041992,-0.012695,-0.04834,-1.89313,0.625954,-3.152672
1.0354,-0.010498,-0.041992,-1.862595,0.40458,-3.122137
1.041504,-0.012451,-0.038818,-1.877863,0.396947,-3.221374
1.041504,-0.013916,-0.044922,-1.832061,0.312977,-3.21374
1.039795,-0.012451,-0.041992,-1.847328,0.274809,-2.877863
1.039795,-0.009521,-0.04126,-1.763359,0.282443,-2.954198
1.037598,-0.013184,-0.043213,-1.854962,-0.030534,-2.625954
1.04126,-0.01416,-0.037842,-1.740458,-0.503817,-3.068702
1.04541,-0.006836,-0.033203,-1.763359,-0.320611,-3.572519
1.052002,-0.008789,-0.045166,-1.877863,-0.251908,-3.465649
1.044189,-0.009521,-0.044922,-1.946565,0.274809,-3.267176
1.039307,-0.006348,-0.037842,-2.030534,0.541985,-3.015267
1.035645,-0.009766,-0.040771,-1.732824,0.534351,-2.648855
1.033936,-0.009521,-0.047119,-1.900763,0.526718,-2.984733
1.042725,-0.013916,-0.034668,-1.824427,0.465649,-3.229008
1.041992,-0.006348,-0.034424,-1.931298,-0.091603,-3.320611
1.043213,-0.009521,-0.027344,-1.778626,-0.29771,-3.236641
1.043457,-0.007324,-0.040527,-1.748092,-0.412214,-3.122137
1.048096,-0.006348,-0.049072,-1.961832,-0.48855,-2.954198
1.041992,-0.003418,-0.04248,-1.961832,0.282443,-2.877863
1.048096,-0.001221,-0.041504,-1.931298,0.541985,-2.541985
1.040283,-0.008545,-0.044434,-2.030534,1.007634,-2.740458
1.039551,0.003418,-0.032227,-1.824427,0.732824,-2.854962
1.035889,-0.005859,-0.0354,-1.984733,0.29771,-2.885496
1.035889,-0.00293,-0.032471,-1.870229,-0.19084,-2.954198
1.043701,0.000244,-0.031494,-1.847328,0.030534,-2.625954
1.045898,-0.003906,-0.035645,-1.977099,0.099237,-2.335878
1.04126,-0.006836,-0.049561,-2.061069,0.244275,-2.305344
1.039795,-0.001709,-0.041992,-2.022901,0.10687,-2.175573
1.038574,-0.005615,-0.044434,-1.854962,0.374046,-2.183206
1.03833,-0.006104,-0.034668,-1.954198,0.328244,-2.526718
1.039307,-0.002197,-0.035156,-2.022901,0.305344,-2.519084
1.039307,-0.008301,-0.03833,-2.114504,0.389313,-2.664122
1.037842,-0.001221,-0.037842,-2.091603,0.374046,-2.282443
1.035889,-0.007812,-0.042969,-2.458015,0.679389,-2.259542
1.03833,-0.003662,-0.030762,-2.251908,0.755725,-2.007634
1.034668,-0.001465,-0.037354,-2.312977,1.015267,-1.557252
1.030762,-0.005371,-0.030518,-2.305344,0.625954,-1.374046
1.031006,-0.003662,-0.033447,-2.366412,0.412214,-1.244275
1.033447,-0.005859,-0.038574,-2.366412,0.305344,-1.068702
1.032959,-0.004883,-0.038574,-2.381679,0.099237,-0.946565
1.04126,-0.007568,-0.04248,-2.427481,-0.045802,-0.946565
1.0354,-0.003662,-0.032227,-2.503817,-0.40458,-1.015267
1.032471,-0.006836,-0.034424,-2.519084,-0.343511,-1.137405
1.044189,-0.006836,-0.031494,-2.435115,-0.496183,-1.022901
1.0354,-0.004883,-0.032227,-2.534351,-0.450382,-1.091603
1.039062,-0.001465,-0.025146,-2.687023,-0.320611,-0.847328
1.041992,-0.002441,-0.023682,-2.381679,-0.374046,-0.694656
1.037598,-0.004883,-0.033691,-2.412214,-0.206107,-0.618321
1.037598,-0.009766,-0.026611,-2.625954,-0.412214,-0.725191
1.046143,-0.001953,-0.023926,-2.580153,-0.40458,-1.022901
1.040527,-0.009521,-0.033447,-2.580153,-0.839695,-0.778626
1.043945,-0.010254,-0.029297,-2.641221,-0.618321,-0.587786
1.041016,-0.011963,-0.0354,-2.610687,-0.312977,-0.801527
1.040527,-0.008057,-0.0271,-2.641221,-0.290076,-0.641221
1.036133,-0.016357,-0.020752,-2.564885,-0.70229,-0.038168
1.037598,-0.011475,-0.022949,-2.748092,-0.854962,-0.099237
1.03833,-0.008789,-0.02832,-2.740458,-1.221374,-0.274809
1.03833,-0.009277,-0.027832,-2.610687,-1.396947,-0.236641
1.045898,-0.015625,-0.034668,-2.572519,-1.19084,-0.450382
1.048096,-0.011719,-0.038086,-2.534351,-1.236641,-0.175573
1.036865,-0.009521,-0.031738,-2.465649,-1.740458,-0.465649
1.044434,-0.013428,-0.027832,-2.122137,-1.778626,-1.267176
1.04541,-0.01123,-0.031006,-2.320611,-1.526718,-1.664122
1.040527,-0.004883,-0.041748,-2.076336,-1.076336,-1.908397
1.0354,-0.004883,-0.045654,-2.40458,0.0,-1.068702
1.032471,-0.013184,-0.040039,-3.152672,0.29771,-0.251908
1.035889,-0.020996,-0.028564,-3.0,-0.603053,0.343511
1.040771,-0.018066,-0.021484,-2.740458,-1.503817,0.022901
1.040527,-0.015625,-0.010986,-2.770992,-2.526718,-0.206107
1.040283,-0.01123,-0.0354,-2.496183,-3.145038,-0.389313
1.05542,-0.011719,-0.035889,-2.351145,-2.847328,-0.931298
1.054199,-0.010498,-0.048584,-2.335878,-2.29771,-1.374046
1.057129,-0.009766,-0.049805,-2.48855,-0.885496,-1.381679
1.050049,-0.002441,-0.044434,-2.59542,0.916031,-1.038168
1.039062,-0.01001,-0.047363,-2.519084,1.458015,-0.938931
1.022949,-0.017578,-0.027344,-2.564885,1.068702,-0.870229
1.02832,-0.020752,-0.03125,-2.610687,0.19084,-0.954198
1.025635,-0.014648,-0.019287,-2.816794,-1.427481,-1.580153
1.036621,-0.010742,-0.019043,-2.572519,-2.015267,-1.312977
1.037842,-0.020752,-0.028564,-2.564885,-2.671756,-0.48855
1.046631,-0.013428,-0.023926,-2.312977,-2.770992,-0.519084
1.047119,-0.012451,-0.033203,-2.274809,-2.328244,-0.534351
1.054932,-0.008789,-0.032715,-2.389313,-1.450382,-1.038168
1.046631,-0.006104,-0.040771,-2.40458,-1.305344,-1.015267
1.045898,-0.009521,-0.031006,-2.534351,-1.587786,-1.091603
1.048096,-0.01416,-0.0354,-2.419847,-1.587786,-1.450382
1.039062,-0.012939,-0.032959,-2.473282,-1.961832,-1.328244
1.037109,-0.018555,-0.02832,-2.480916,-2.320611,-0.969466
1.035889,-0.022217,-0.031738,-2.496183,-2.21374,-0.748092
1.047363,-0.023438,-0.040771,-2.51145,-2.030534,-1.068702
1.049316,-0.019043,-0.042969,-2.381679,-1.908397,-0.89313
1.040527,-0.018311,-0.043213,-2.366412,-1.59542,-0.847328
1.047852,-0.016846,-0.034912,-2.374046,-1.236641,-1.366412
1.048096,-0.014404,-0.039307,-2.412214,-1.160305,-1.29771
1.043213,-0.020752,-0.043457,-2.519084,-1.053435,-1.29771
1.037354,-0.013184,-0.027344,-2.51145,-1.206107,-1.251908
1.04126,-0.018799,-0.034424,-2.496183,-1.274809,-0.954198
1.03833,-0.020996,-0.03418,-2.259542,-1.534351,-0.824427
1.04541,-0.013184,-0.030762,-2.183206,-2.015267,-1.480916
1.045898,-0.018555,-0.042725,-2.068702,-2.274809,-1.885496
1.047852,-0.015137,-0.036133,-2.358779,-2.335878,-1.709924
1.054443,-0.018066,-0.04248,-2.312977,-2.198473,-1.839695
1.043213,-0.011963,-0.038086,-2.198473,-1.740458,-1.717557
1.039551,-0.016113,-0.043701,-2.427481,-1.435115,-1.572519
1.046631,-0.018311,-0.04541,-2.366412,-1.236641,-1.229008
1.039062,-0.018311,-0.0354,-2.251908,-1.19084,-1.557252
1.039551,-0.025146,-0.033691,-2.290076,-1.526718,-1.763359
1.043213,-0.018799,-0.034912,-2.328244,-1.503817,-1.725191
1.035889,-0.02124,-0.029297,-2.251908,-1.80916,-1.633588
1.039062,-0.019775,-0.039062,-2.076336,-1.854962,-1.396947
1.044434,-0.015137,-0.03418,-2.221374,-1.656489,-1.549618
1.043945,-0.014404,-0.044189,-2.267176,-1.320611,-1.725191
1.049072,-0.018555,-0.043945,-2.496183,-1.458015,-1.198473
1.042969,-0.01416,-0.037354,-2.183206,-1.450382,-1.40458
1.046143,-0.021973,-0.045654,-2.427481,-1.557252,-1.274809
1.042725,-0.018555,-0.034668,-2.458015,-1.625954,-1.648855
1.044922,-0.016113,-0.03125,-2.389313,-1.541985,-1.725191
1.040283,-0.021484,-0.045654,-2.21374,-1.557252,-1.931298
1.041748,-0.022217,-0.039062,-2.229008,-1.51145,-1.725191
1.048584,-0.019531,-0.03833,-2.259542,-1.374046,-2.038168
1.042725,-0.015869,-0.04541,-2.305344,-1.129771,-1.908397
1.039551,-0.016846,-0.045166,-2.137405,-0.954198,-1.717557
1.045166,-0.017578,-0.040039,-2.267176,-1.21374,-1.526718
1.045898,-0.020752,-0.044434,-2.21374,-1.076336,-1.839695
1.041748,-0.013184,-0.036377,-2.175573,-1.312977,-1.656489
1.044922,-0.02002,-0.035156,-2.282443,-1.358779,-1.946565
1.043457,-0.017578,-0.039307,-2.061069,-1.183206,-1.832061
1.043457,-0.023193,-0.036865,-2.122137,-1.137405,-1.801527
1.040039,-0.019775,-0.041016,-1.961832,-1.251908,-1.740458
1.044922,-0.018799,-0.034668,-2.137405,-1.076336,-1.977099
1.043457,-0.02417,-0.04541,-2.091603,-0.992366,-1.51145
1.039062,-0.016846,-0.042725,-2.0,-1.183206,-1.969466
1.039795,-0.017578,-0.036865,-2.007634,-1.183206,-1.770992
1.040039,-0.016602,-0.034668,-2.10687,-1.381679,-1.992366
1.047119,-0.017334,-0.041748,-2.29771,-1.282443,-2.19084
1.04834,-0.01709,-0.045898,-2.083969,-1.328244,-2.099237
1.04834,-0.01416,-0.043213,-2.21374,-1.320611,-2.175573
1.042236,-0.018555,-0.039307,-2.251908,-0.916031,-1.70229
1.036865,-0.019287,-0.047119,-2.21374,-0.969466,-1.748092
1.046387,-0.02124,-0.041992,-2.282443,-1.152672,-1.839695
1.045898,-0.019043,-0.037354,-2.091603,-1.083969,-1.70229
1.04248,-0.015625,-0.046875,-1.992366,-1.183206,-1.763359
1.050781,-0.020752,-0.05127,-2.091603,-1.251908,-2.045802
1.043213,-0.021729,-0.045898,-2.076336,-1.519084,-1.961832
1.046387,-0.019287,-0.044434,-2.129771,-1.160305,-1.938931
1.043701,-0.025879,-0.04248,-2.122137,-1.320611,-2.160305
1.050293,-0.02417,-0.035156,-2.21374,-1.458015,-2.145038
1.046143,-0.020996,-0.040039,-1.946565,-1.328244,-2.259542
1.047607,-0.016113,-0.049072,-2.10687,-1.290076,-2.015267
267
