time,xacc,yacc,zacc,xgyro,ygyro,zgyro
1364810067,1.1188964844,-0.2302246094,-0.1381835938,-1.1908396482, 2.2748091221, -1.7251908779
1364820067,1.1193847656,-0.2294921875,-0.1289062500,-1.0992366076, 2.3511450291, -1.9083969593
1364830067,1.1213378906,-0.2277832031,-0.1206054688,-1.2213740349, 1.9694656134, -1.8931298256
1364840067,1.1235351562,-0.2285156250,-0.1247558594,-0.9007633328, 1.5114504099, -2.1526718140
1364850067,1.1279296875,-0.2297363281,-0.1245117188,-1.2519084215, 1.4045801163, -1.3893129826
1364860067,1.1259765625,-0.2324218750,-0.1291503906,-1.6946564913, 1.3587785959, -1.4045801163
1364870067,1.1320800781,-0.2336425781,-0.1289062500,-1.8778625727, 1.3282443285, -1.1297709942
1364880067,1.1376953125,-0.2392578125,-0.1352539062,-1.8320610523, 1.3740458488, -0.9465649128
1364890067,1.1301269531,-0.2436523438,-0.1359863281,-2.1832060814, 0.9007633328, -0.7633587718
1364900067,1.1252441406,-0.2395019531,-0.1289062500,-2.0763359070, 0.4885496199, -1.2519084215
1364910067,1.1337890625,-0.2341308594,-0.1435546875,-1.9694656134, 0.7480915785, -0.7938931584
1364920067,1.1171875000,-0.2370605469,-0.1342773438,-1.6183205843, 0.5801526904, -0.0763358772
1364930067,1.1179199219,-0.2392578125,-0.1298828125,-1.5877863169, 0.3664122224, -1.0381679535
1364940067,1.1210937500,-0.2365722656,-0.1306152344,-1.3282443285, 0.9618320465, -1.0534350872
1364950067,1.1208496094,-0.2304687500,-0.1328125000,-1.5572519302, 1.2366411686, -0.9465649128
1364960067,1.1132812500,-0.2346191406,-0.1379394531,-1.6641221046, 1.3893129826, -1.7709923983
1364970067,1.1228027344,-0.2355957031,-0.1413574219,-1.8625954390, 1.5419846773, -2.0458016396
1364980067,1.1367187500,-0.2304687500,-0.1313476562,-1.8931298256, 1.9694656134, -1.4045801163
1364990067,1.1354980469,-0.2297363281,-0.1286621094,-1.8625954390, 1.9389313459, -1.0534350872
1365000067,1.1384277344,-0.2351074219,-0.1340332031,-2.0916030407, 1.2977099419, -1.0229008198
1365010067,1.1342773438,-0.2377929688,-0.1394042969,-1.8320610523, 0.8702290058, -0.6106870174
1365020067,1.1274414062,-0.2265625000,-0.1308593750,-1.8015266657, 0.3664122224, -0.5343511701
1365030067,1.1330566406,-0.2395019531,-0.1379394531,-1.7862595320, 0.2595419884, -0.6412213445
1365040067,1.1245117188,-0.2431640625,-0.1418457031,-1.6030534506, 0.2595419884, -0.7328244448
1365050067,1.1225585938,-0.2297363281,-0.1386718750,-1.6641221046, 1.0534350872, -0.7786259651
1365060067,1.1296386719,-0.2309570312,-0.1386718750,-1.3587785959, 1.8473281860, -0.7480915785
1365070067,1.1267089844,-0.2358398438,-0.1262207031,-1.3893129826, 1.8625954390, -0.7175572515
1365080067,1.1267089844,-0.2390136719,-0.1303710938,-1.4198473692, 1.3893129826, -0.8244274855
1365090067,1.1245117188,-0.2370605469,-0.1240234375,-1.6183205843, 1.0687023401, -0.9465649128
1365100067,1.1206054688,-0.2363281250,-0.1335449219,-1.7251908779, 0.9160305262, -0.8091602921
1365110067,1.1301269531,-0.2358398438,-0.1384277344,-1.6641221046, 0.8702290058, -0.8702290058
1365120067,1.1286621094,-0.2351074219,-0.1335449219,-1.6641221046, 1.2519084215, -1.2519084215
1365130067,1.1306152344,-0.2319335938,-0.1394042969,-1.5725190639, 1.2366411686, -1.4656488895
1365140067,1.1259765625,-0.2392578125,-0.1347656250,-1.9389313459, 1.1145038605, -1.3282443285
1365150067,1.1166992188,-0.2402343750,-0.1330566406,-1.6488549709, 0.8549618125, -1.6183205843
1365160067,1.1208496094,-0.2382812500,-0.1315917969,-1.8320610523, 1.0076335669, -1.8625954390
1365170067,1.1250000000,-0.2302246094,-0.1301269531,-1.8625954390, 1.1755725145, -2.0000000000
1365180067,1.1376953125,-0.2380371094,-0.1396484375,-1.8473281860, 1.5114504099, -2.0000000000
1365190067,1.1245117188,-0.2346191406,-0.1486816406,-1.6488549709, 1.3740458488, -2.0610687733
1365200067,1.1252441406,-0.2336425781,-0.1362304688,-1.6793893576, 1.2671755552, -1.5419846773
1365210067,1.1303710938,-0.2297363281,-0.1406250000,-1.8015266657, 1.1145038605, -1.1145038605
1365220067,1.1296386719,-0.2304687500,-0.1391601562,-1.7404580116, 1.3587785959, -0.9312977195
1365230067,1.1279296875,-0.2404785156,-0.1352539062,-1.7404580116, 1.4656488895, -0.6106870174
1365240067,1.1291503906,-0.2333984375,-0.1342773438,-1.5572519302, 1.3893129826, -0.3816793859
1365250067,1.1279296875,-0.2390136719,-0.1357421875,-1.6641221046, 0.6870229244, -1.2519084215
1365260067,1.1074218750,-0.2387695312,-0.1386718750,-1.1297709942, 0.0916030556, -4.8244276047
1365270069,1.1130371094,-0.2336425781,-0.1303710938,-1.2366411686, 0.6259542108, -3.6030533314
1365280067,1.1064453125,-0.2355957031,-0.1381835938,-1.0534350872, 1.2824426889, -1.0992366076
1365290067,1.1276855469,-0.2551269531,-0.1457519531,-1.3435114622, 1.9389313459, -0.3816793859
1365300067,1.1333007812,-0.2358398438,-0.1293945312,-1.9541984797, 2.7328243256, 0.6717557311
1365310067,1.1391601562,-0.2341308594,-0.1313476562,-2.1984732151, 3.4351146221, 0.5648854971
1365320067,1.1320800781,-0.2355957031,-0.1320800781,-2.0458016396, 2.8244273663, -1.2366411686
1365330067,1.1264648438,-0.2285156250,-0.1186523438,-1.7404580116, 1.3129770756, -3.2977099419
1365340067,1.1179199219,-0.2358398438,-0.1137695312,-1.3740458488, -0.2290076315, -4.7022900581
1365350067,1.1237792969,-0.2343750000,-0.1293945312,-1.3282443285, -0.8396946788, -4.8549618721
1365360067,1.1306152344,-0.2333984375,-0.1425781250,-1.2824426889, -0.1374045759, -4.3206105232
1365370067,1.1357421875,-0.2343750000,-0.1416015625,-1.5725190639, 0.3816793859, -4.2595419884
1365380067,1.1401367188,-0.2258300781,-0.1455078125,-1.3282443285, 0.9160305262, -4.2442746162
1365390067,1.1330566406,-0.2231445312,-0.1486816406,-1.4961831570, 1.0076335669, -3.3740458488
1365400067,1.1247558594,-0.2314453125,-0.1447753906,-1.3740458488, 1.0229008198, -3.0839693546
1365410067,1.1394042969,-0.2241210938,-0.1401367188,-1.2213740349, 1.3282443285, -2.4580152035
1365420067,1.1345214844,-0.2324218750,-0.1450195312,-1.0381679535, 2.2900762558, -2.0916030407
1365430067,1.1284179688,-0.2299804688,-0.1464843750,-0.7022900581, 2.8854961395, -2.1832060814
1365440067,1.1267089844,-0.2246093750,-0.1340332031,-0.4885496199, 3.2671756744, -2.3816792965
1365450067,1.1252441406,-0.2246093750,-0.1223144531,-0.5954198241, 2.4274809361, -2.6564886570
1365460067,1.1225585938,-0.2290039062,-0.1245117188,-0.7786259651, 1.2519084215, -2.8244273663
1365470067,1.1166992188,-0.2285156250,-0.1210937500,-0.5496183038, 0.3969465792, -2.8091602325
1365480268,1.1232910156,-0.2285156250,-0.1201171875,-0.4427480996, -0.3511450291, -3.2671756744
1365490067,1.1208496094,-0.2224121094,-0.1132812500,0.1221374050, -1.1908396482, -3.9541983604
1365500067,1.1142578125,-0.2187500000,-0.1132812500,0.7175572515, -2.5190839767, -5.0687022209
1365510067,1.1213378906,-0.2075195312,-0.1105957031,1.6030534506, -4.7022900581, -5.6946563721
1365520067,1.1235351562,-0.2026367188,-0.1201171875,3.2366411686, -7.7557253838, -5.9541983604
1365530067,1.1342773438,-0.1887207031,-0.1010742188,4.5190839767, -10.2290077209, -4.8091602325
1365540067,1.1398925781,-0.1528320312,-0.1279296875,4.5496182442, -11.6183204651, -0.3816793859
1365550067,1.1557617188,-0.1650390625,-0.1484375000,2.9160306454, -10.5801525116, 4.7633585930
1365560067,1.1589355469,-0.1811523438,-0.1694335938,-0.3206106722, -8.4274806976, 7.4045801163
1365570067,1.1464843750,-0.2170410156,-0.1967773438,-3.9389312267, -7.2977099419, 7.3587784767
1365580144,1.1452636719,-0.2365722656,-0.2050781250,-6.9465646744, -7.3435115814, 6.1679387093
1365590067,1.1323242188,-0.2587890625,-0.2033691406,-8.8854961395, -7.5572519302, 4.4274806976
1365600067,1.1386718750,-0.2634277344,-0.1977539062,-9.1755723953, -5.2977099419, 2.8091602325
1365610067,1.1372070312,-0.2507324219,-0.1804199219,-8.0305347443, -0.2137404531, 1.5725190639
1365620067,1.1347656250,-0.2421875000,-0.1489257812,-6.6564884186, 5.1603055000, 1.3740458488
1365630067,1.1220703125,-0.2448730469,-0.1298828125,-4.7786259651, 8.0152673721, 0.7633587718
1365640067,1.1025390625,-0.2270507812,-0.0922851562,-4.4732823372, 6.7175574303, 1.6488549709
1365650067,1.0881347656,-0.2272949219,-0.0915527344,-3.7404580116, 1.8015266657, 3.5877861977
1365660067,1.0964355469,-0.2329101562,-0.0979003906,-3.9694657326, -4.5648856163, 6.6412215233
1365670067,1.1052246094,-0.2478027344,-0.1066894531,-4.1221375465, -10.2290077209, 8.3511447906
1365680141,1.1088867188,-0.2568359375,-0.1191406250,-3.7404580116, -13.5114507675, 8.7480916977
1365690067,1.1130371094,-0.2631835938,-0.1391601562,-3.1297709942, -13.3893127441, 8.2595415115
1365700067,1.1169433594,-0.2736816406,-0.1511230469,-2.1984732151, -11.3129768372, 8.8091602325
1365710067,1.1240234375,-0.2700195312,-0.1459960938,-1.6335878372, -7.8931298256, 11.1297712326
1365720067,1.1257324219,-0.2829589844,-0.1591796875,-1.1603053808, -4.9160304070, 12.6106872559
1365730067,1.1203613281,-0.2905273438,-0.1376953125,-0.9618320465, -3.7404580116, 13.2824430466
1365740067,1.0981445312,-0.2812500000,-0.1267089844,-1.0229008198, -4.1832060814, 14.9618320465
1365750067,1.0959472656,-0.2846679688,-0.1284179688,-1.9389313459, -6.1526718140, 16.2748088837
1365760067,1.1015625000,-0.2788085938,-0.1267089844,-3.1755726337, -8.0763359070, 18.0152664185
1365770076,1.1088867188,-0.2761230469,-0.1333007812,-4.8091602325, -9.9847326279, 19.5572509766
1365780144,1.1105957031,-0.2639160156,-0.1337890625,-6.1374044418, -11.5572519302, 21.3893127441
1365790067,1.1274414062,-0.2604980469,-0.1340332031,-7.5877861977, -12.0763359070, 21.8625946045
1365800067,1.1506347656,-0.2631835938,-0.1447753906,-8.4732828140, -12.1526718140, 22.3053436279
1365810067,1.1535644531,-0.2663574219,-0.1345214844,-9.1603050232, -12.2900762558, 22.6717548370
1365820067,1.1330566406,-0.2570800781,-0.1403808594,-9.6183204651, -13.3282442093, 23.8167934418
1365830067,1.1330566406,-0.2675781250,-0.1367187500,-10.5954198837, -14.9618320465, 25.3587779999
1365840067,1.1171875000,-0.2717285156,-0.1530761719,-11.9541988373, -16.9770984650, 28.2137413025
1365850067,1.1230468750,-0.2517089844,-0.1582031250,-13.5877866745, -19.1908397675, 32.4580154419
1365860067,1.1169433594,-0.2500000000,-0.1826171875,-15.2519083023, -20.8244266510, 36.2290077209
1365870067,1.1086425781,-0.2590332031,-0.1896972656,-17.3129768372, -21.6946563721, 36.8091621399
1365880444,1.1455078125,-0.2514648438,-0.1870117188,-19.7099227905, -20.0458011627, 37.7557258606
1365890067,1.1611328125,-0.2521972656,-0.1867675781,-20.9007625580, -16.4580154419, 44.0458030701
1365900067,1.1447753906,-0.2893066406,-0.1601562500,-22.7786254883, -14.3053436279, 48.7022895813
1365910067,1.1489257812,-0.2958984375,-0.1513671875,-23.9236640930, -14.9160308838, 52.0916023254
1365920067,1.1423339844,-0.2719726562,-0.1418457031,-25.2213745117, -18.1221370697, 55.2519073486
1365930067,1.1145019531,-0.2722167969,-0.1457519531,-26.8702297211, -23.7709922791, 55.7862586975
1365940067,1.1079101562,-0.2839355469,-0.1616210938,-27.6183204651, -30.6717548370, 54.6106872559
1365950067,1.0771484375,-0.3107910156,-0.1760253906,-27.2824420929, -36.0305328369, 52.6259536743
1365960067,1.0751953125,-0.3518066406,-0.2236328125,-25.8473281860, -38.0916023254, 52.6870231628
1365970067,1.1049804688,-0.3811035156,-0.2531738281,-22.9312973022, -35.3282432556, 55.2519073486
1365980067,1.1088867188,-0.4221191406,-0.3154296875,-20.9770984650, -31.2977104187, 57.7557258606
1365990067,1.1018066406,-0.4426269531,-0.3261718750,-18.8702297211, -26.3053436279, 54.1526718140
1366000067,1.1093750000,-0.4414062500,-0.3303222656,-16.8702297211, -21.5267181396, 53.8167953491
1366010067,1.1125488281,-0.4113769531,-0.3129882812,-15.6946563721, -19.5267181396, 57.7862586975
1366020067,1.1262207031,-0.3657226562,-0.2829589844,-16.7786254883, -20.0152664185, 61.8473281860
1366030067,1.1171875000,-0.3278808594,-0.2324218750,-18.8244266510, -24.6564884186, 65.0229034424
1366040067,1.1166992188,-0.2761230469,-0.1870117188,-20.3664131165, -30.9007625580, 67.2977066040
1366050067,1.1000976562,-0.2587890625,-0.1779785156,-21.2824420929, -39.6183204651, 71.8320617676
1366060067,1.0622558594,-0.2795410156,-0.1857910156,-19.4656486511, -49.7557258606, 73.0229034424
1366070067,1.0600585938,-0.2775878906,-0.2521972656,-17.2366409302, -57.8473281860, 77.2977066040
1366080067,1.0637207031,-0.3002929688,-0.3027343750,-14.2900762558, -62.1832046509, 81.2671737671
1366090067,1.0961914062,-0.3344726562,-0.3569335938,-12.5801525116, -62.0152664185, 84.7938919067
1366100067,1.1052246094,-0.3713378906,-0.3598632812,-11.9389314651, -56.9312973022, 84.5038146973
1366110067,1.0651855469,-0.3935546875,-0.3403320312,-13.2977094650, -51.6183204651, 80.7480926514
1366120067,1.0244140625,-0.4057617188,-0.3166503906,-13.1145038605, -48.8091621399, 78.5190811157
1366130067,0.9968261719,-0.4064941406,-0.3408203125,-12.9770994186, -49.8778610229, 79.0381698608
1366140067,1.0102539062,-0.4184570312,-0.3801269531,-11.1450386047, -51.6488533020, 77.4809188843
1366150067,1.0217285156,-0.4177246094,-0.4277343750,-9.9236640930, -50.5648841858, 78.6106872559
1366160067,0.9987792969,-0.4187011719,-0.4194335938,-9.4503812790, -49.2977104187, 80.1068725586
1366170067,0.9323730469,-0.4479980469,-0.3942871094,-8.8091602325, -49.6030540466, 81.6335906982
1366180067,0.9064941406,-0.4895019531,-0.3911132812,-8.5954198837, -49.2519073486, 80.0000000000
1366190067,0.8479003906,-0.5195312500,-0.3977050781,-8.7633590698, -48.3816795349, 78.5038146973
1366200067,0.8745117188,-0.5336914062,-0.4091796875,-9.3435115814, -47.5572509766, 81.2519073486
1366210067,0.8847656250,-0.5676269531,-0.4326171875,-9.8473281860, -46.5954208374, 81.7862625122
1366220067,0.8969726562,-0.6127929688,-0.4526367188,-8.2442750931, -45.9847335815, 78.7022933960
1366230067,0.9030761719,-0.6088867188,-0.4985351562,-6.5954198837, -45.6793899536, 74.1068725586
1366240067,0.8889160156,-0.5971679688,-0.5566406250,-4.1068701744, -43.3587799072, 71.9847335815
1366250067,0.8386230469,-0.5993652344,-0.5810546875,-1.2977099419, -39.7404594421, 71.4351119995
1366260067,0.8430175781,-0.5717773438,-0.5947265625,0.3664122224, -34.6564903259, 72.9618301392
1366270067,0.8002929688,-0.5578613281,-0.5957031250,1.5877863169, -31.1297702789, 75.5267181396
1366280067,0.7512207031,-0.5473632812,-0.5930175781,3.3282442093, -28.1984729767, 77.2519073486
1366290067,0.7370605469,-0.5493164062,-0.5803222656,4.9007635117, -24.5648860931, 81.1297683716
1366300067,0.7102050781,-0.5842285156,-0.5546875000,5.4503817558, -18.7328243256, 81.3893127441
1366310067,0.6860351562,-0.6333007812,-0.5197753906,5.2824425697, -15.8320608139, 81.5267181396
1366320067,0.6728515625,-0.6884765625,-0.4848632812,5.2824425697, -16.0916023254, 77.5725173950
1366330067,0.6533203125,-0.7231445312,-0.4577636719,4.8396945000, -16.9770984650, 74.0000000000
1366340067,0.6437988281,-0.7399902344,-0.4743652344,5.4351143837, -18.4274806976, 72.9618301392
1366350067,0.6599121094,-0.7351074219,-0.5004882812,6.0763359070, -18.1832065582, 71.7557220459
1366360067,0.6401367188,-0.7592773438,-0.5153808594,5.6335878372, -17.0992374420, 71.0534362793
1366370067,0.6323242188,-0.7622070312,-0.5385742188,5.6030535698, -15.2824430466, 69.5419845581
1366380067,0.6105957031,-0.7534179688,-0.5461425781,5.5267176628, -12.0458011627, 66.3969497681
1366390067,0.5895996094,-0.7429199219,-0.5471191406,5.1755723953, -7.8320612907, 66.6106872559
1366400067,0.5502929688,-0.7563476562,-0.5239257812,4.4122138023, -4.8396945000, 67.7862625122
1366410067,0.5507812500,-0.7807617188,-0.5214843750,4.3664121628, -2.5648853779, 67.8778610229
1366420067,0.5534667969,-0.8083496094,-0.5134277344,4.0916032791, -1.9236640930, 65.4809188843
1366430067,0.5534667969,-0.8303222656,-0.5146484375,3.5267176628, -0.7328244448, 62.2290077209
1366440067,0.5678710938,-0.8405761719,-0.4924316406,3.6641221046, 1.5419846773, 60.9771003723
1366450067,0.5510253906,-0.8283691406,-0.4870605469,4.1679387093, 2.3358778954, 61.9847335815
1366480215,0.5080566406,-0.8532714844,-0.4899902344,6.9007635117, 0.5954198241, 58.2595405579
1366490067,0.5156250000,-0.8249511719,-0.4943847656,6.1679387093, 2.8702290058, 58.5038185120
1366500067,0.5034179688,-0.8474121094,-0.4704589844,5.4809160233, 4.2137403488, 60.0610694885
1366510067,0.4990234375,-0.8518066406,-0.4489746094,4.7022900581, 4.5496182442, 62.3511466980
1366520067,0.4916992188,-0.8920898438,-0.4294433594,4.0610685349, 3.7251908779, 62.5801544189
1366530067,0.4846191406,-0.9091796875,-0.4418945312,3.9389312267, 2.4580152035, 60.1679382324
1366540067,0.4807128906,-0.9045410156,-0.4492187500,3.9847328663, 1.5725190639, 56.2442741394
1366550067,0.4655761719,-0.8891601562,-0.4553222656,3.9083969593, 0.9923664331, 54.0000000000
1366560067,0.4824218750,-0.8730468750,-0.4616699219,3.7557251453, 2.1679389477, 56.3053436279
1366570067,0.4978027344,-0.8681640625,-0.4460449219,3.9541983604, 4.4580154419, 59.5725173950
1366580067,0.4758300781,-0.8688964844,-0.4533691406,3.5572519302, 4.8244276047, 60.5954208374
1366590067,0.4716796875,-0.8698730469,-0.4460449219,2.9618320465, 3.6183207035, 60.0305328369
1366600067,0.4614257812,-0.8657226562,-0.4565429688,2.3511450291, 3.0992367268, 59.8167953491
1366610067,0.4619140625,-0.8691406250,-0.4521484375,1.5725190639, 3.7099237442, 61.6183204651
1366620067,0.4633789062,-0.8764648438,-0.4379882812,0.9007633328, 5.0839695930, 64.8396911621
1366630067,0.4643554688,-0.8818359375,-0.4421386719,0.4427480996, 4.6564884186, 67.4809188843
1366640067,0.4853515625,-0.8989257812,-0.4316406250,-0.3816793859, 4.3358778954, 70.4732818604
1366650067,0.4982910156,-0.9035644531,-0.4345703125,-0.5190839767, 5.4961833954, 75.6030502319
1366660067,0.4946289062,-0.8835449219,-0.4736328125,-0.0152671756, 5.2213740349, 75.3893127441
1366670067,0.4477539062,-0.8461914062,-0.4765625000,0.8702290058, 4.8396945000, 76.7786254883
1366680067,0.3891601562,-0.8237304688,-0.4882812500,1.9083969593, 4.7480916977, 79.9083938599
1366690067,0.3903808594,-0.8520507812,-0.4975585938,3.6335878372, 6.9007635117, 80.9923629761
1366700067,0.3791503906,-0.8530273438,-0.5129394531,3.2366411686, 10.5190839767, 74.6564865112
1366710067,0.3696289062,-0.8488769531,-0.4389648438,2.8549618721, 17.3740463257, 72.9007644653
1366720067,0.2792968750,-0.8464355469,-0.4035644531,1.7557251453, 16.9465656281, 68.0000000000
1366730067,0.2475585938,-0.8596191406,-0.3754882812,-0.7175572515, 13.2061071396, 61.2977104187
1366740067,0.2133789062,-0.8750000000,-0.3710937500,-1.6183205843, 10.8702287674, 61.4961814880
1366750067,0.2204589844,-0.8937988281,-0.3752441406,-1.1755725145, 7.9847326279, 61.3129768372
1366760067,0.2314453125,-0.8981933594,-0.3901367188,-0.7633587718, 7.0687022209, 59.2671737671
1366770067,0.1645507812,-0.9169921875,-0.4252929688,-0.5648854971, 2.9770991802, 52.7480926514
1366780067,0.1677246094,-0.9020996094,-0.4135742188,0.5954198241, 3.0992367268, 52.9160308838
1366790067,0.1445312500,-0.9255371094,-0.4328613281,0.7022900581, 3.1755726337, 55.0381660461
1366800067,0.1293945312,-0.9660644531,-0.4365234375,-0.4580152631, 1.8015266657, 52.8854980469
1366810067,0.1408691406,-0.9851074219,-0.4245605469,-0.1068702266, -0.7480915785, 49.3740463257
1366820067,0.1447753906,-0.9748535156,-0.4028320312,0.1679389328, -3.0076336861, 44.7175559998
1366830067,0.1369628906,-0.9631347656,-0.3808593750,0.0305343512, -5.5725193024, 42.1068687439
1366840067,0.1071777344,-0.9655761719,-0.3889160156,0.2290076315, -7.3129773140, 42.4122123718
1366850067,0.1027832031,-0.9902343750,-0.3728027344,-0.1984732896, -10.3664121628, 41.0534362793
1366860067,0.0900878906,-0.9958496094,-0.3723144531,0.0458015278, -14.0000000000, 40.3358764648
1366870067,0.1081542969,-1.0134277344,-0.3708496094,-0.2748091519, -16.9312973022, 41.2519073486
1366880067,0.0915527344,-0.9926757812,-0.4265136719,-0.6412213445, -22.3206100464, 40.4122123718
1366890067,0.1420898438,-0.9838867188,-0.4411621094,-1.2671755552, -23.7404575348, 39.4809150696
1366900067,0.1315917969,-0.9848632812,-0.4394531250,-1.0076335669, -23.0534343719, 36.7175559998
1366910067,0.0893554688,-0.9702148438,-0.4450683594,-0.0305343512, -23.7709922791, 34.8549613953
1366920067,0.0966796875,-0.9357910156,-0.4658203125,-0.7480915785, -25.2366409302, 33.6946563721
1366930067,0.1164550781,-0.9438476562,-0.4694824219,-0.6870229244, -22.8396949768, 33.5725173950
1366940067,0.0898437500,-0.9660644531,-0.4807128906,1.1755725145, -21.0229015350, 33.3587799072
1366950067,0.1027832031,-0.9519042969,-0.4929199219,1.6030534506, -18.7328243256, 31.2519092560
1366960067,0.1120605469,-0.9428710938,-0.4819335938,1.8473281860, -15.4198474884, 29.2061061859
1366970067,0.0949707031,-0.9455566406,-0.4694824219,2.5038168430, -12.8091602325, 31.0381679535
1366980067,0.0908203125,-0.9758300781,-0.4716796875,2.3969466686, -10.7633590698, 32.6564903259
1366990067,0.0908203125,-0.9741210938,-0.4643554688,1.3435114622, -9.2213745117, 31.2061061859
1367000067,0.1052246094,-0.9572753906,-0.4455566406,-0.3206106722, -6.0763359070, 31.2977104187
1367010067,0.1025390625,-0.9492187500,-0.4191894531,-0.4732824564, -4.2900762558, 32.0763359070
1367020067,0.1049804688,-0.9270019531,-0.4104003906,-2.3816792965, -5.5877861977, 31.4809169769
1367030067,0.1269531250,-0.9406738281,-0.3974609375,-2.8549618721, -6.1832060814, 31.2366409302
1367040067,0.0996093750,-0.9448242188,-0.4064941406,-3.2366411686, -5.1908397675, 33.3129768372
1367050067,0.0578613281,-0.9436035156,-0.4270019531,-4.0916032791, -4.4885497093, 34.2595405579
1367060067,0.0239257812,-0.9333496094,-0.4489746094,-5.9236640930, -5.7862596512, 31.6335868835
1367070067,0.0473632812,-0.9084472656,-0.4514160156,-6.6870226860, -5.7099237442, 29.6335868835
1367080067,0.0688476562,-0.9184570312,-0.4550781250,-7.2671756744, -4.8549618721, 30.8854961395
1367090067,0.1142578125,-0.9743652344,-0.4509277344,-5.6641221046, -3.1603052616, 32.5801544189
1367100067,0.0842285156,-0.9887695312,-0.4396972656,-4.7786259651, -2.0000000000, 33.2213745117
1367110067,0.0600585938,-0.9833984375,-0.4311523438,-3.6335878372, -2.4427480698, 34.1374053955
1367120067,0.0664062500,-0.9523925781,-0.4414062500,-3.8473281860, -3.1450381279, 34.7022895813
1367130067,0.0678710938,-0.9421386719,-0.4301757812,-3.7862596512, -0.4427480996, 33.5725173950
1367140067,0.0141601562,-0.9206542969,-0.4160156250,-2.2748091221, 1.6946564913, 30.5648860931
1367150067,-0.0285644531,-0.8947753906,-0.4262695312,-0.7175572515, 1.2366411686, 31.2824420929
1367160067,-0.0322265625,-0.9223632812,-0.4294433594,1.1603053808, -1.2213740349, 31.9847335815
1367170067,-0.0085449219,-0.9641113281,-0.4389648438,2.8396947384, -4.0000000000, 27.5267181396
1367180067,0.0012207031,-0.9521484375,-0.4655761719,3.5419847965, -3.7404580116, 22.0458011627
1367190067,-0.0617675781,-0.9033203125,-0.4951171875,1.0229008198, -0.9923664331, 17.8778629303
1367200067,-0.0217285156,-0.9248046875,-0.4306640625,3.2977099419, 5.4656486511, 20.5496177673
1367210067,-0.0402832031,-0.9423828125,-0.4084472656,3.6641221046, 6.1374044418, 22.3969459534
1367220067,-0.0610351562,-0.9743652344,-0.3793945312,3.5572519302, -1.2977099419, 19.0534343719
1367230067,-0.1184082031,-0.9528808594,-0.3984375000,3.5267176628, -11.7862596512, 15.0839691162
1367240067,-0.1032714844,-0.9516601562,-0.4448242188,7.4503817558, -18.5648860931, 17.6335868835
1367250067,-0.0715332031,-0.9338378906,-0.4914550781,9.2671756744, -18.6870231628, 20.7480907440
1367260067,-0.0039062500,-0.9248046875,-0.5075683594,10.0458011627, -13.6946563721, 20.7480907440
1367270067,0.0144042969,-0.9243164062,-0.4846191406,9.2824430466, -7.5114502907, 20.6412220001
1367280067,-0.0236816406,-0.9260253906,-0.4360351562,8.0305347443, -4.0458016396, 20.6870231628
1367290067,-0.0500488281,-0.9204101562,-0.3957519531,6.2900762558, -5.9694657326, 20.3053436279
1367300067,-0.0512695312,-0.9218750000,-0.3886718750,5.0229005814, -10.5648851395, 19.6488552094
1367310067,-0.0356445312,-0.9277343750,-0.4104003906,3.4809160233, -13.0534353256, 19.2671756744
1367320069,0.0031738281,-0.9313964844,-0.4377441406,2.5038168430, -11.6793889999, 17.6641216278
1367330067,-0.0134277344,-0.9482421875,-0.4528808594,1.6488549709, -7.6946563721, 16.5496177673
1367340067,-0.0476074219,-0.9445800781,-0.4465332031,1.6793893576, -4.7022900581, 17.3740463257
1367350067,-0.0937500000,-0.9499511719,-0.4313964844,1.8320610523, -4.2900762558, 18.1526718140
1367380067,-0.0512695312,-0.9353027344,-0.4199218750,2.6259541512, 0.0305343512, 11.3893127441
1367390067,-0.0864257812,-0.9091796875,-0.3837890625,2.9923663139, 2.2595419884, 11.6030530930
1367400067,-0.1142578125,-0.9094238281,-0.3691406250,2.5038168430, 0.7175572515, 15.1297712326
1367410067,-0.1230468750,-0.9353027344,-0.3723144531,2.3358778954, -1.4656488895, 14.7938928604
1367420067,-0.0959472656,-0.9438476562,-0.3911132812,3.0381679535, -3.0229008198, 10.8549613953
1367430067,-0.0751953125,-0.9475097656,-0.3874511719,4.1679387093, -2.4580152035, 7.9389314651
1367440067,-0.0861816406,-0.9519042969,-0.3972167969,4.9465646744, -1.2824426889, 7.6183204651
1367450067,-0.1179199219,-0.9592285156,-0.4121093750,4.9160304070, -1.4656488895, 7.6335878372
1367460067,-0.1337890625,-0.9543457031,-0.4294433594,4.7328243256, -1.8778625727, 6.8091602325
1367470067,-0.1228027344,-0.9672851562,-0.4311523438,5.0229005814, -0.7938931584, 7.6183204651
1367480214,-0.1086425781,-0.9694824219,-0.4301757812,6.9465646744, 2.1832060814, 7.2061066628
1367490067,-0.1203613281,-0.9484863281,-0.4194335938,7.4503817558, 5.7099237442, 8.2900762558
1367500067,-0.1418457031,-0.9479980469,-0.3955078125,7.1450381279, 5.8778624535, 7.5572519302
1367510067,-0.1328125000,-0.9443359375,-0.3818359375,6.1984734535, 4.5954198837, 6.0305342674
1367520067,-0.1186523438,-0.9426269531,-0.3686523438,5.5572519302, 3.0534350872, 4.9465646744
1367530067,-0.1257324219,-0.9367675781,-0.3742675781,5.5572519302, 2.2442748547, 5.2671756744
1367540067,-0.1296386719,-0.9321289062,-0.3728027344,5.1297707558, 1.5725190639, 6.2595419884
1367550067,-0.1086425781,-0.9370117188,-0.3955078125,4.4885497093, 1.0839694738, 6.0610685349
1367560067,-0.0981445312,-0.9414062500,-0.3879394531,4.1221375465, 2.4732823372, 4.1679387093
1367570067,-0.1032714844,-0.9287109375,-0.3989257812,3.7862596512, 3.6488549709, 2.7633588314
1367580067,-0.1035156250,-0.9267578125,-0.3806152344,3.8320610523, 3.8625953197, 0.9770992398
1367590067,-0.1079101562,-0.9118652344,-0.3742675781,2.8854961395, 2.6717557907, 0.7633587718
1367600067,-0.1137695312,-0.9257812500,-0.3745117188,1.8625954390, 1.8015266657, 2.8549618721
1367610067,-0.1120605469,-0.9326171875,-0.3886718750,1.5877863169, 1.7099236250, 3.9389312267
1367620067,-0.1025390625,-0.9377441406,-0.3977050781,1.6335878372, 2.7328243256, 3.6488549709
1367630067,-0.1066894531,-0.9406738281,-0.4064941406,1.7709923983, 4.2748093605, 1.7099236250
1367640067,-0.1372070312,-0.9406738281,-0.3798828125,1.2213740349, 4.3358778954, -0.8702290058
1367650067,-0.1452636719,-0.9179687500,-0.3745117188,1.4809160233, 2.7938930988, -0.1221374050
1367660067,-0.1188964844,-0.9270019531,-0.3754882812,0.4427480996, 0.3511450291, 3.4656488895
1367670067,-0.1149902344,-0.9707031250,-0.3820800781,1.4045801163, 0.0916030556, 1.6183205843
1367680067,-0.1130371094,-0.9406738281,-0.4008789062,1.7557251453, 0.4885496199, 3.0992367268
1367690067,-0.1247558594,-0.9289550781,-0.4074707031,0.6564885378, -0.4732824564, 0.6564885378
1367700067,-0.1162109375,-0.9240722656,-0.3879394531,2.4732823372, 1.1755725145, 2.7938930988
1367710067,-0.1110839844,-0.9321289062,-0.3864746094,2.4580152035, 2.0000000000, 0.9770992398
1367720067,-0.1208496094,-0.9243164062,-0.3725585938,1.8625954390, 1.0839694738, -0.8244274855
1367730067,-0.1201171875,-0.9138183594,-0.3647460938,1.1755725145, -0.0305343512, -0.4885496199
1367740067,-0.1083984375,-0.9179687500,-0.3710937500,0.5801526904, 0.2900763452, -0.5954198241
1367750067,-0.1022949219,-0.9270019531,-0.3696289062,0.2748091519, 0.1984732896, -1.7862595320
1367760067,-0.0915527344,-0.9179687500,-0.3750000000,0.2595419884, 0.0610687025, -2.8244273663
1367770067,-0.0947265625,-0.9213867188,-0.3884277344,0.5038167834, 0.3664122224, -2.4274809361
1367780067,-0.0869140625,-0.9279785156,-0.3918457031,0.6564885378, 0.7633587718, -2.8244273663
1367790067,-0.0910644531,-0.9267578125,-0.4006347656,1.4198473692, 2.3969466686, -3.6793892384
1367800067,-0.1071777344,-0.9233398438,-0.3935546875,0.5801526904, 3.4961831570, -2.9770991802
1367810067,-0.1228027344,-0.9362792969,-0.3718261719,0.3969465792, 3.1603052616, -3.5725190639
1367820067,-0.1237792969,-0.9362792969,-0.3693847656,0.2748091519, 2.7938930988, -4.6106872559
1367830067,-0.1408691406,-0.9223632812,-0.3652343750,-2.1221373081, 0.5496183038, -10.1984729767
1367840067,-0.1289062500,-0.9062500000,-0.3493652344,-0.7328244448, 1.5572519302, -5.0534353256
1367850067,-0.1350097656,-0.9313964844,-0.3483886719,-0.7022900581, 1.7251908779, -2.1832060814
1367860067,-0.1320800781,-0.9531250000,-0.3574218750,-1.0687023401, -0.1526717544, -5.4656486511
1367870067,-0.1162109375,-0.9328613281,-0.3615722656,-1.2213740349, -1.8015266657, -7.2061066628
1367880067,-0.1054687500,-0.9191894531,-0.3830566406,-1.2519084215, -1.2061069012, -6.5343513489
1367890067,-0.0881347656,-0.9287109375,-0.3837890625,-1.1603053808, 0.1068702266, -6.1832060814
1367900067,-0.1040039062,-0.9360351562,-0.3872070312,-1.4351145029, 0.8702290058, -6.5343513489
1367910067,-0.1127929688,-0.9450683594,-0.3898925781,-1.9389313459, 1.4045801163, -7.0229005814
1367920067,-0.1125488281,-0.9411621094,-0.3835449219,-1.9083969593, 1.8473281860, -7.4198474884
1367930067,-0.1120605469,-0.9467773438,-0.3640136719,-1.2366411686, 2.1068701744, -8.2290077209
1367940067,-0.1047363281,-0.9301757812,-0.3803710938,-0.8702290058, 2.4427480698, -8.2290077209
1367950067,-0.0927734375,-0.9475097656,-0.3774414062,-1.2213740349, 2.2137403488, -9.3282442093
1367980067,-0.1152343750,-0.9523925781,-0.3703613281,-1.0687023401, 1.0687023401, -11.8167934418
1367990067,-0.1044921875,-0.9458007812,-0.3642578125,-1.3282443285, -0.0458015278, -12.6412210464
1368000067,-0.1118164062,-0.9335937500,-0.3581542969,-1.8015266657, -1.3282443285, -12.6564884186
1368010067,-0.1035156250,-0.9421386719,-0.3586425781,-2.1526718140, -2.4580152035, -13.9236640930
1368020067,-0.1113281250,-0.9455566406,-0.3723144531,-2.2595419884, -2.7022900581, -15.6335878372
1368030067,-0.1098632812,-0.9379882812,-0.3889160156,-2.9465649128, -2.9923663139, -14.6106872559
1368040067,-0.1181640625,-0.9621582031,-0.3872070312,-2.8396947384, -3.7251908779, -15.0229005814
1368050067,-0.1013183594,-0.9743652344,-0.4052734375,-1.6183205843, -3.7099237442, -16.8854961395
1368060067,-0.0991210938,-0.9631347656,-0.4089355469,-0.4427480996, -3.2824428082, -16.5038166046
1368070067,-0.0947265625,-0.9631347656,-0.4191894531,-0.3816793859, -2.1984732151, -8.0305347443
1368080067,-0.0581054688,-0.9448242188,-0.4121093750,-0.3969465792, -1.8625954390, -29.6030540466
1368090067,-0.0878906250,-0.8659667969,-0.4094238281,2.2290077209, 1.1145038605, -18.2290077209
1368100067,-0.0612792969,-0.9394531250,-0.3918457031,2.7938930988, 4.4274806976, -14.7786254883
1368110067,-0.0595703125,-0.9414062500,-0.3713378906,1.8320610523, 3.8167939186, -18.5648860931
1368120067,-0.0761718750,-0.9326171875,-0.3666992188,1.2366411686, 3.5572519302, -18.9770984650
1368130067,-0.0700683594,-0.9367675781,-0.3806152344,0.6106870174, 4.5343513489, -18.4122142792
1368140067,-0.0678710938,-0.9560546875,-0.3833007812,0.2595419884, 5.4656486511, -20.7480907440
1368150067,-0.0791015625,-0.9589843750,-0.3835449219,-0.2290076315, 4.9923663139, -22.7938938141
1368160067,-0.0754394531,-0.9514160156,-0.3793945312,-0.5343511701, 4.4885497093, -25.4351139069
1368170067,-0.0627441406,-0.9470214844,-0.3896484375,0.3053435087, 4.9007635117, -24.3206100464
1368180067,-0.0678710938,-0.9597167969,-0.3857421875,0.9160305262, 4.8854961395, -23.2824420929
1368190067,-0.0612792969,-1.1105957031,-0.3972167969,0.4274809062, 5.4351143837, -16.5801525116
1368200067,-0.0195312500,-0.9716796875,-0.4145507812,0.6412213445, 6.0305342674, -39.2061080933
1368210067,-0.0769042969,-0.8395996094,-0.4172363281,1.5114504099, 9.7557249069, -26.9770984650
1368220067,-0.0686035156,-0.9345703125,-0.3767089844,2.3816792965, 11.9236640930, -21.4809169769
1368230067,-0.0424804688,-0.9748535156,-0.3479003906,2.1068701744, 8.7328243256, -29.8320617676
1368240067,-0.0378417969,-0.9628906250,-0.3491210938,0.9465649128, 6.1068701744, -30.2900772095
1368250067,-0.0275878906,-1.0859375000,-0.3669433594,-0.8244274855, 5.0381679535, -26.4580154419
1368260067,0.0007324219,-0.9580078125,-0.4011230469,-0.6106870174, 5.1755723953, -41.6030540466
1368270067,-0.0292968750,-0.8701171875,-0.4145507812,0.2748091519, 10.1526718140, -32.9465637207
1368280067,-0.0241699219,-0.9392089844,-0.3806152344,0.1984732896, 12.9160308838, -24.6717548370
1368290067,-0.0498046875,-0.9873046875,-0.3354492188,-0.4732824564, 11.1145038605, -35.2671737671
1368300067,-0.0437011719,-0.9665527344,-0.3454589844,-0.2900763452, 8.9923667908, -35.1603050232
1368310067,-0.0356445312,-1.0688476562,-0.3515625000,-3.0992367268, 6.5496182442, -33.3282432556
1368320067,0.0061035156,-0.9345703125,-0.3835449219,-2.9312977791, 6.1221375465, -46.1526718140
1368330067,0.0202636719,-0.8874511719,-0.4133300781,-2.1832060814, 11.7709922791, -40.2595405579
1368340067,0.0107421875,-0.9294433594,-0.3874511719,-2.3358778954, 13.8320608139, -32.0305328369
1368350067,-0.0012207031,-1.0268554688,-0.3569335938,-1.2824426889, 12.1374044418, -38.5038185120
1368360067,0.0058593750,-0.9853515625,-0.3710937500,-1.6488549709, 10.6870231628, -40.8854980469
1368370067,0.0004882812,-0.9887695312,-0.3842773438,-1.8473281860, 9.2977094650, -37.1450386047
1368380067,0.0156250000,-1.0964355469,-0.4003906250,-3.8778626919, 10.1221370697, -36.8396949768
1368390067,0.0380859375,-0.9326171875,-0.4028320312,-5.3893127441, 10.5190839767, -53.4351158142
1368400067,0.0422363281,-0.9035644531,-0.4062500000,-2.2900762558, 14.8549613953, -42.4274826050
1368410067,0.0415039062,-0.9785156250,-0.3610839844,-2.9923663139, 16.5190830231, -37.8015251160
1368420067,0.0656738281,-0.9892578125,-0.3459472656,-3.2977099419, 14.4885492325, -48.5954208374
1368430067,0.0688476562,-0.9768066406,-0.3510742188,-2.1526718140, 14.3969469070, -51.2671737671
1368440067,0.0690917969,-0.9697265625,-0.3759765625,-3.4656488895, 14.5954198837, -47.6793899536
1368450067,0.0676269531,-0.9904785156,-0.3708496094,-4.4885497093, 14.6106872559, -52.1374053955
1368460067,0.0898437500,-1.0126953125,-0.3842773438,-3.6488549709, 16.4274806976, -53.0687026978
1368470067,0.0793457031,-0.9812011719,-0.3742675781,-4.0763359070, 17.0687026978, -54.8854980469
1368480215,0.0942382812,-0.9694824219,-0.3757324219,-4.4580154419, 16.7633590698, -53.0076332092
1368490067,0.1130371094,-1.0732421875,-0.3818359375,-4.4427480698, 17.0687026978, -55.5877876282
1368500067,0.0922851562,-1.0019531250,-0.3754882812,-4.1221375465, 16.7938938141, -72.1832046509
1368510067,0.1408691406,-0.9228515625,-0.4208984375,-2.2748091221, 19.5725193024, -59.6183204651
1368520067,0.1545410156,-0.9887695312,-0.3876953125,-4.3816795349, 21.6641216278, -60.0000000000
1368530067,0.1557617188,-1.0959472656,-0.3691406250,-3.9541983604, 21.4351139069, -64.3358764648
1368540067,0.1589355469,-0.9707031250,-0.3461914062,-4.8854961395, 21.1297702789, -78.5648880005
1368550067,0.1550292969,-0.9213867188,-0.3901367188,-4.6259541512, 20.9007625580, -65.1603088379
1368560067,0.1916503906,-1.0168457031,-0.3884277344,-5.5877861977, 22.3664131165, -68.3053436279
1368570067,0.2087402344,-1.0012207031,-0.3640136719,-5.9694657326, 20.7938938141, -74.2595443726
1368580067,0.1948242188,-0.9743652344,-0.3566894531,-7.2977099419, 20.1832065582, -73.8625946045
1368590067,0.2236328125,-1.0161132812,-0.3515625000,-8.1374044418, 21.9083976746, -72.7328262329
1368600067,0.2312011719,-1.0068359375,-0.3635253906,-10.3816795349, 21.0381679535, -69.1755752563
1368610067,0.2470703125,-1.0256347656,-0.3439941406,-11.0839691162, 23.9083976746, -74.4732818604
1368620067,0.2431640625,-0.9804687500,-0.3718261719,-11.6335878372, 26.3664131165, -75.4198455811
1368630067,0.2331542969,-0.9509277344,-0.3923339844,-10.0610685349, 27.9694652557, -79.0534362793
1368640067,0.2392578125,-0.9301757812,-0.4152832031,-9.2366409302, 29.7404575348, -80.8396911621
1368650067,0.2543945312,-0.9211425781,-0.4223632812,-7.3587784767, 32.4122123718, -83.2671737671
1368660067,0.2761230469,-0.9492187500,-0.4453125000,-4.8244276047, 36.7633590698, -86.5496215820
1368670067,0.2436523438,-0.9470214844,-0.4072265625,-4.0000000000, 41.0381660461, -90.6106872559
1368680067,0.2407226562,-0.9614257812,-0.3784179688,-2.5648853779, 42.4580154419, -95.0076370239
1368690067,0.2448730469,-0.9521484375,-0.3625488281,-1.6183205843, 38.8702278137, -95.7709960938
1368700067,0.2797851562,-0.9641113281,-0.3662109375,-0.3969465792, 34.8854980469, -99.3893127441
1368710067,0.3178710938,-0.9733886719,-0.3708496094,2.2900762558, 31.5267181396, -100.6412200928
1368720067,0.3769531250,-0.9943847656,-0.3957519531,4.7328243256, 30.0000000000, -103.5419845581
1368730067,0.3881835938,-0.9562988281,-0.4069824219,6.8091602325, 30.9312973022, -108.3664093018
1368740067,0.3898925781,-0.9028320312,-0.4047851562,6.6717557907, 30.9465656281, -110.1679382324
1368750067,0.4104003906,-0.9443359375,-0.3867187500,6.5190839767, 31.2213745117, -109.8625946045
1368760067,0.4248046875,-0.9206542969,-0.3735351562,4.8702292442, 32.4274826050, -114.8702316284
1368770067,0.4328613281,-0.9077148438,-0.3481445312,3.5725190639, 32.5954208374, -113.9694671631
1368780067,0.4345703125,-0.9287109375,-0.3354492188,2.9007632732, 31.6793899536, -113.4198455811
1368790067,0.4792480469,-0.9177246094,-0.3354492188,3.0992367268, 29.4656486511, -114.0000000000
1368800067,0.4836425781,-0.9069824219,-0.3159179688,3.5725190639, 26.8854961395, -115.4656524658
