time,xacc,yacc,zacc,xgyro,ygyro,zgyro
876080067,1.0324707031,0.3984375000,-0.3269042969,-1.3740458488, 1.0534350872, -0.5038167834
876090067,1.0373535156,0.4013671875,-0.3305664062,-1.6488549709, 1.0534350872, -0.7633587718
876100067,1.0395507812,0.4003906250,-0.3364257812,-1.5725190639, 1.2061069012, -0.8702290058
876110067,1.0334472656,0.3977050781,-0.3339843750,-1.8320610523, 1.5877863169, -1.3893129826
876120067,1.0373535156,0.3979492188,-0.3315429688,-1.6946564913, 1.7099236250, -1.2213740349
876130067,1.0339355469,0.3952636719,-0.3337402344,-1.6335878372, 2.2290077209, -1.2824426889
876140067,1.0324707031,0.3906250000,-0.3322753906,-1.7404580116, 1.9541984797, -1.4503816366
876150067,1.0268554688,0.3903808594,-0.3393554688,-1.5419846773, 1.7404580116, -1.3893129826
876160067,1.0395507812,0.3894042969,-0.3203125000,-1.6488549709, 1.4351145029, -1.3740458488
876170067,1.0388183594,0.3962402344,-0.3198242188,-1.5572519302, 1.4198473692, -1.5419846773
876180067,1.0314941406,0.3876953125,-0.3310546875,-1.6641221046, 0.7938931584, -1.4198473692
876190067,1.0375976562,0.3876953125,-0.3347167969,-1.8320610523, 0.9160305262, -1.6183205843
876200067,1.0375976562,0.3876953125,-0.3312988281,-1.7251908779, 0.8396946788, -1.6030534506
876210067,1.0290527344,0.3879394531,-0.3422851562,-1.8931298256, 1.2824426889, -1.4503816366
876220067,1.0349121094,0.3903808594,-0.3359375000,-1.9694656134, 1.1297709942, -1.5419846773
876230067,1.0354003906,0.3886718750,-0.3369140625,-1.9236640930, 1.3435114622, -1.3282443285
876240067,1.0329589844,0.3894042969,-0.3364257812,-1.8473281860, 1.7251908779, -1.2824426889
876250067,1.0351562500,0.3898925781,-0.3403320312,-1.6793893576, 1.7862595320, -1.0687023401
876260067,1.0305175781,0.3979492188,-0.3342285156,-1.6946564913, 1.7862595320, -0.9007633328
876270067,1.0334472656,0.3879394531,-0.3408203125,-1.6641221046, 2.0610687733, -0.6870229244
876280067,1.0334472656,0.3898925781,-0.3264160156,-1.6793893576, 1.9236640930, -0.6106870174
876290067,1.0266113281,0.3876953125,-0.3422851562,-1.5725190639, 1.8778625727, -0.8396946788
876300067,1.0266113281,0.3857421875,-0.3339843750,-1.4503816366, 1.1297709942, -0.8549618125
876310067,1.0415039062,0.3911132812,-0.3208007812,-1.4656488895, 0.1526717544, -0.8702290058
876320067,1.0415039062,0.3886718750,-0.3244628906,-1.3740458488, -0.5648854971, -0.6106870174
876330067,1.0466308594,0.3913574219,-0.3354492188,-1.4656488895, -0.8549618125, -0.6106870174
876340067,1.0317382812,0.3984375000,-0.3300781250,-1.7557251453, -0.5038167834, -1.0076335669
876350067,1.0393066406,0.3874511719,-0.3320312500,-2.0610687733, 0.2595419884, -2.4274809361
876360067,1.0256347656,0.3886718750,-0.3266601562,-2.2290077209, 0.8091602921, -3.2366411686
876370067,1.0314941406,0.3933105469,-0.3286132812,-1.9236640930, 1.1297709942, -2.7786259651
876380067,1.0288085938,0.3984375000,-0.3273925781,-1.5725190639, 0.9007633328, -2.0916030407
876390067,1.0415039062,0.4045410156,-0.3361816406,-1.4809160233, 1.2671755552, -1.3893129826
876400067,1.0310058594,0.3994140625,-0.3432617188,-1.7709923983, 2.4580152035, -1.1450381279
876410067,1.0395507812,0.4050292969,-0.3420410156,-1.9694656134, 3.6030533314, -0.7480915785
876420067,1.0222167969,0.3947753906,-0.3381347656,-1.9541984797, 4.2290077209, -0.3664122224
876430067,1.0307617188,0.3891601562,-0.3354492188,-2.0152671337, 3.6030533314, -0.3511450291
876440067,1.0270996094,0.3874511719,-0.3361816406,-1.7404580116, 2.7633588314, 0.4122137427
876450067,1.0341796875,0.3854980469,-0.3383789062,-1.6030534506, 1.8625954390, 0.7328244448
876460067,1.0368652344,0.3942871094,-0.3337402344,-1.5267175436, 1.2061069012, 0.7022900581
876470067,1.0437011719,0.3842773438,-0.3288574219,-1.4198473692, 0.7633587718, -0.0458015278
876480218,1.0327148438,0.3942871094,-0.3332519531,-1.7251908779, 0.7175572515, -0.5038167834
876490067,1.0407714844,0.3896484375,-0.3334960938,-1.4503816366, 1.0839694738, -1.3740458488
876500067,1.0354003906,0.3991699219,-0.3234863281,-1.5114504099, 1.6488549709, -1.6793893576
876510067,1.0356445312,0.4038085938,-0.3227539062,-1.2977099419, 1.9083969593, -2.0763359070
876520067,1.0351562500,0.3986816406,-0.3176269531,-1.2824426889, 1.7862595320, -2.0763359070
876530067,1.0400390625,0.3994140625,-0.3281250000,-0.9312977195, 1.2519084215, -1.7709923983
876540067,1.0344238281,0.3916015625,-0.3251953125,-1.2213740349, 1.0687023401, -1.4656488895
876550067,1.0363769531,0.3940429688,-0.3288574219,-0.9923664331, 1.1450381279, -1.3893129826
876560067,1.0456542969,0.3942871094,-0.3435058594,-1.2671755552, 1.6946564913, -1.5267175436
876570067,1.0371093750,0.3896484375,-0.3427734375,-1.3740458488, 2.0305342674, -1.8320610523
876580067,1.0393066406,0.3869628906,-0.3422851562,-1.6946564913, 2.1068701744, -1.9847328663
876590067,1.0322265625,0.3896484375,-0.3449707031,-1.9236640930, 1.8778625727, -2.4732823372
876600067,1.0378417969,0.3842773438,-0.3310546875,-2.0916030407, 1.4503816366, -2.2137403488
876610067,1.0383300781,0.3845214844,-0.3352050781,-2.1526718140, 1.0381679535, -2.3358778954
876620067,1.0410156250,0.3857421875,-0.3234863281,-1.8167939186, 0.2900763452, -2.3664121628
876630067,1.0385742188,0.3876953125,-0.3181152344,-1.6641221046, -0.2748091519, -1.8167939186
876640067,1.0407714844,0.3911132812,-0.3254394531,-1.5267175436, -0.4274809062, -1.5572519302
876650067,1.0405273438,0.3881835938,-0.3371582031,-1.7099236250, 0.4274809062, -1.5419846773
876660067,1.0380859375,0.3894042969,-0.3332519531,-1.6183205843, 1.2061069012, -1.5572519302
876670067,1.0356445312,0.3828125000,-0.3422851562,-1.7709923983, 1.8778625727, -1.2061069012
876680067,1.0314941406,0.3911132812,-0.3354492188,-1.5725190639, 1.9236640930, -0.6412213445
876690067,1.0314941406,0.3923339844,-0.3354492188,-1.5114504099, 1.5267175436, -0.4732824564
876700067,1.0449218750,0.3937988281,-0.3403320312,-1.3740458488, 0.8854961991, -0.5648854971
876710067,1.0493164062,0.3955078125,-0.3364257812,-1.5419846773, 0.6106870174, -0.6870229244
876720067,1.0600585938,0.3837890625,-0.3381347656,-1.8778625727, 0.3053435087, -1.8320610523
876730067,1.0578613281,0.3972167969,-0.3349609375,-2.5496182442, 0.8549618125, -3.7557251453
876740067,1.0595703125,0.4008789062,-0.3337402344,-3.0076336861, 1.4961831570, -5.0839695930
876750067,1.0588378906,0.3935546875,-0.3395996094,-3.4045801163, 2.5954198837, -6.1526718140
876760067,1.0537109375,0.3955078125,-0.3388671875,-3.9083969593, 3.8167939186, -6.0458016396
876770067,1.0437011719,0.3989257812,-0.3298339844,-3.7251908779, 5.5419845581, -5.2824425697
876780067,1.0368652344,0.3913574219,-0.3312988281,-3.8473281860, 7.2824425697, -3.1908397675
876790067,1.0251464844,0.3845214844,-0.3452148438,-3.1297709942, 9.1603050232, -1.8473281860
876800067,1.0063476562,0.3933105469,-0.3347167969,-2.8244273663, 10.1679391861, -1.5114504099
876810067,1.0051269531,0.3889160156,-0.3110351562,-2.3816792965, 8.9618320465, -1.6946564913
876820068,0.9956054688,0.3923339844,-0.3051757812,-1.9389313459, 6.3358778954, -2.0152671337
876830067,1.0036621094,0.3879394531,-0.2980957031,-1.4656488895, 2.4122138023, -2.8702290058
876840067,1.0324707031,0.3923339844,-0.2915039062,-1.2977099419, -1.0687023401, -3.3740458488
876850067,1.0585937500,0.4052734375,-0.3266601562,-1.4198473692, -2.9312977791, -3.5877861977
876860067,1.0705566406,0.4050292969,-0.3454589844,-1.5267175436, -1.0076335669, -3.2824428082
876870067,1.0839843750,0.4006347656,-0.3808593750,-2.1832060814, 3.8167939186, -2.3816792965
876880067,1.0595703125,0.3964843750,-0.3942871094,-2.4580152035, 9.6946563721, -1.8015266657
876890067,1.0422363281,0.3928222656,-0.3688964844,-2.9465649128, 14.8702287674, -1.3435114622
876900067,1.0178222656,0.3874511719,-0.3310546875,-3.0381679535, 17.5114498138, -1.1603053808
876910067,0.9873046875,0.3750000000,-0.2927246094,-2.5343511105, 16.1221370697, -2.7633588314
876920067,0.9926757812,0.3774414062,-0.2719726562,-1.3587785959, 11.0992364883, -4.5496182442
876930067,1.0031738281,0.3811035156,-0.2705078125,-0.8091602921, 5.1145038605, -6.2900762558
876940067,1.0268554688,0.3784179688,-0.2834472656,0.0000000000, 1.1297709942, -7.2671756744
876950067,1.0439453125,0.3889160156,-0.3007812500,0.3969465792, 0.1068702266, -6.6870226860
876960067,1.0612792969,0.3986816406,-0.3203125000,0.4732824564, 1.4045801163, -4.1374044418
876970067,1.0473632812,0.4116210938,-0.3303222656,0.6564885378, 4.0000000000, -2.1068701744
876980067,1.0312500000,0.4155273438,-0.3574218750,0.3511450291, 7.7099237442, -0.8244274855
876990067,1.0239257812,0.4074707031,-0.3447265625,-0.4427480996, 11.3740453720, -1.3129770756
877000067,1.0212402344,0.4006347656,-0.3281250000,-1.4961831570, 13.6793889999, -2.9160306454
877010067,1.0148925781,0.3940429688,-0.3103027344,-1.9236640930, 13.5114507675, -4.1679387093
877020067,1.0214843750,0.3969726562,-0.2873535156,-1.8778625727, 11.9389314651, -4.5648856163
877030067,1.0295410156,0.3847656250,-0.2841796875,-0.8702290058, 9.0534353256, -5.0992364883
877040067,1.0314941406,0.3918457031,-0.2792968750,0.0458015278, 7.0076336861, -5.5114502907
877050067,1.0351562500,0.3959960938,-0.2990722656,0.8854961991, 5.8625955582, -5.4656486511
877060067,1.0458984375,0.3977050781,-0.3012695312,1.0076335669, 5.7251906395, -4.4580154419
877070067,1.0429687500,0.4028320312,-0.3054199219,1.1908396482, 6.1221375465, -3.2671756744
877080067,1.0402832031,0.4091796875,-0.3041992188,1.0381679535, 6.4274806976, -2.5801527500
877090067,1.0390625000,0.4130859375,-0.3242187500,0.3816793859, 6.5954198837, -3.1755726337
877100067,1.0451660156,0.4177246094,-0.3068847656,-0.0916030556, 7.5267176628, -3.7251908779
877110067,1.0473632812,0.4235839844,-0.3264160156,-0.8091602921, 8.8244276047, -4.4427480698
877120067,1.0402832031,0.4025878906,-0.3220214844,-1.5419846773, 10.0763359070, -5.1908397675
877130067,1.0344238281,0.4016113281,-0.3012695312,-1.8015266657, 10.6412210464, -6.4732823372
877140067,1.0339355469,0.3920898438,-0.2756347656,-2.1526718140, 10.3511447906, -7.2824425697
877150067,1.0400390625,0.3933105469,-0.2636718750,-1.8625954390, 8.6870231628, -8.2442750931
877160067,1.0441894531,0.3828125000,-0.2446289062,-1.6183205843, 6.3511452675, -9.2366409302
877170067,1.0505371094,0.3764648438,-0.2272949219,-1.2061069012, 3.9541983604, -9.5877866745
877180067,1.0505371094,0.3708496094,-0.2204589844,-1.0992366076, 1.8320610523, -9.3435115814
877190067,1.0478515625,0.3674316406,-0.2258300781,-0.9465649128, -0.3816793859, -9.1755723953
877200067,1.0390625000,0.3747558594,-0.2426757812,-0.9923664331, -2.1221373081, -9.4351148605
877210067,1.0339355469,0.3776855469,-0.2592773438,-1.0534350872, -2.6870229244, -10.5954198837
877220067,1.0336914062,0.3764648438,-0.2646484375,-1.4656488895, -3.2519083023, -12.5648851395
877230067,1.0234375000,0.3825683594,-0.2648925781,-0.6412213445, -4.4732823372, -14.8702287674
877240067,1.0124511719,0.3781738281,-0.2502441406,-0.3816793859, -6.4732823372, -16.4274806976
877250067,1.0068359375,0.3730468750,-0.2609863281,-0.6412213445, -8.1221370697, -16.9007625580
877260067,1.0109863281,0.3581542969,-0.2780761719,-1.1908396482, -8.7175569534, -17.4045810699
877270067,1.0080566406,0.3566894531,-0.2749023438,-1.9694656134, -8.0305347443, -16.9160308838
877280067,1.0187988281,0.3576660156,-0.2734375000,-2.3664121628, -6.5801525116, -16.0916023254
877290067,1.0148925781,0.3515625000,-0.2636718750,-2.4274809361, -5.5572519302, -15.6183204651
877300067,1.0102539062,0.3354492188,-0.2697753906,-3.1297709942, -6.0610685349, -16.0763359070
877310067,1.0246582031,0.3356933594,-0.2656250000,-3.5572519302, -9.4656486511, -17.7404575348
877320067,1.0361328125,0.3413085938,-0.2641601562,-3.7709922791, -13.5725193024, -19.7862586975
877330067,1.0693359375,0.3554687500,-0.2783203125,-3.7404580116, -16.1374053955, -21.6641216278
877340067,1.0651855469,0.3696289062,-0.3039550781,-3.9541983604, -17.0992374420, -23.1450386047
877350067,1.0576171875,0.3623046875,-0.3276367188,-4.2290077209, -15.3740453720, -26.3053436279
877360067,0.9995117188,0.3959960938,-0.3098144531,-6.0916032791, -13.9847326279, -28.0916023254
877370067,0.9880371094,0.3540039062,-0.3386230469,-6.5343513489, -14.9770994186, -27.5419845581
877380067,0.9736328125,0.3554687500,-0.3537597656,-6.8549618721, -12.3969469070, -28.9923667908
877390067,0.9582519531,0.3801269531,-0.3522949219,-6.8244276047, -10.1374044418, -25.5419845581
877400067,0.9758300781,0.3903808594,-0.3439941406,-6.2137403488, -9.2061071396, -24.5038166046
877410067,0.9943847656,0.4121093750,-0.3303222656,-5.1908397675, -9.2061071396, -24.8396949768
877420067,1.0205078125,0.4465332031,-0.3242187500,-4.8244276047, -8.8396949768, -24.7480907440
877430067,1.0393066406,0.4711914062,-0.3068847656,-5.1297707558, -9.4198474884, -25.4961833954
877440067,1.0224609375,0.4777832031,-0.3012695312,-4.0916032791, -11.3282442093, -26.7175579071
877450067,1.0234375000,0.5129394531,-0.2836914062,-3.6335878372, -13.4809160233, -26.9007625580
877460067,1.0102539062,0.5485839844,-0.2663574219,-3.2519083023, -14.9618320465, -25.6488552094
877470067,0.9750976562,0.5607910156,-0.2561035156,-3.2671756744, -18.7633590698, -24.3053436279
877480220,0.9528808594,0.5686035156,-0.2741699219,-3.5267176628, -24.1832065582, -24.8549613953
877490067,0.9636230469,0.5971679688,-0.3342285156,-4.6259541512, -24.7633590698, -24.8549613953
877500067,0.9587402344,0.5917968750,-0.3752441406,-5.0839695930, -21.0381679535, -23.2671756744
877510067,0.9548339844,0.5864257812,-0.3840332031,-4.9465646744, -17.4656486511, -21.0687026978
877520067,0.9421386719,0.5874023438,-0.3862304688,-4.7022900581, -15.6183204651, -17.6793899536
877530067,0.9377441406,0.5634765625,-0.3718261719,-3.4809160233, -15.0839691162, -16.0610694885
877540067,0.9313964844,0.5793457031,-0.3691406250,-3.0992367268, -15.6641225815, -15.6488552094
877550067,0.9453125000,0.5651855469,-0.3764648438,-1.7404580116, -16.6870231628, -16.1068706512
877560067,0.9638671875,0.5871582031,-0.3730468750,-1.1908396482, -17.2213745117, -16.5648860931
877570067,0.9643554688,0.5744628906,-0.3730468750,-1.0076335669, -16.5496177673, -16.6106872559
877580067,0.9472656250,0.5732421875,-0.3762207031,-1.5877863169, -16.1984729767, -16.5190830231
877590067,0.9438476562,0.5705566406,-0.3940429688,-1.0839694738, -15.4045801163, -15.7099237442
877600067,0.9365234375,0.5563964844,-0.4003906250,-0.4885496199, -15.8778629303, -15.5877866745
877610067,0.9575195312,0.5541992188,-0.4033203125,-1.2213740349, -14.1221370697, -16.1526718140
877620067,0.9499511719,0.5651855469,-0.4113769531,-1.8167939186, -13.7862596512, -17.1603050232
877630067,0.9575195312,0.5410156250,-0.3742675781,-1.3587785959, -12.3053436279, -18.9160308838
877640067,0.9326171875,0.5307617188,-0.3598632812,0.1374045759, -14.7633590698, -19.6183204651
877650067,0.9262695312,0.5151367188,-0.3654785156,0.4580152631, -17.2213745117, -20.4732818604
877660067,0.9377441406,0.4963378906,-0.3610839844,-0.5954198241, -17.2213745117, -22.2137413025
877670067,0.9174804688,0.4899902344,-0.3703613281,1.1755725145, -16.7633590698, -23.0687026978
877680067,0.9587402344,0.5449218750,-0.3588867188,-0.4732824564, -13.9083967209, -20.8244266510
877690067,0.9301757812,0.4729003906,-0.3398437500,0.6564885378, -14.0152673721, -18.0000000000
877700067,0.9194335938,0.4875488281,-0.3510742188,1.9694656134, -17.2824420929, -20.9770984650
877710067,0.9284667969,0.4865722656,-0.3742675781,2.8091602325, -20.3511447906, -22.3511447906
877720067,0.9562988281,0.4650878906,-0.3967285156,1.8625954390, -20.8091602325, -26.3053436279
877730067,0.9748535156,0.4729003906,-0.3959960938,-1.9847328663, -18.3816795349, -27.4656486511
877740067,0.9265136719,0.4479980469,-0.4047851562,-1.3435114622, -20.3511447906, -32.9007644653
877750067,0.9211425781,0.5073242188,-0.4072265625,-3.2671756744, -23.5419845581, -31.0076332092
877760067,0.9279785156,0.5112304688,-0.4040527344,-3.1603052616, -24.0610694885, -31.3740463257
877770067,0.9086914062,0.5202636719,-0.4123535156,-6.0763359070, -22.0458011627, -28.0000000000
877780067,0.8757324219,0.4887695312,-0.3967285156,-3.0076336861, -22.8549613953, -30.9770984650
877790067,0.8874511719,0.5498046875,-0.4152832031,-3.3893129826, -24.1374053955, -27.3587779999
877800067,0.9038085938,0.5512695312,-0.3945312500,-5.0992364883, -23.8931293488, -28.5038166046
877810067,0.9279785156,0.4821777344,-0.3752441406,-6.0610685349, -22.7633590698, -30.6717548370
877820067,0.9045410156,0.4946289062,-0.3537597656,-4.2290077209, -25.9694652557, -36.4274826050
877830067,0.9077148438,0.5622558594,-0.3696289062,-2.3206107616, -28.6412220001, -35.8778610229
877840067,0.9089355469,0.5532226562,-0.3647460938,-5.6183204651, -27.3435115814, -30.5496177673
877850067,0.8535156250,0.5563964844,-0.3835449219,-4.6870226860, -29.8320617676, -34.7633590698
877860067,0.8605957031,0.5849609375,-0.4104003906,-5.8320612907, -33.4351158142, -31.6335868835
877870067,0.8835449219,0.5729980469,-0.4401855469,-4.7022900581, -32.6870231628, -30.2442741394
877880067,0.8430175781,0.5852050781,-0.4682617188,-6.5190839767, -30.2290077209, -35.1297721863
877890067,0.8227539062,0.5722656250,-0.4670410156,-6.2137403488, -29.6488552094, -41.4503822327
877900067,0.8342285156,0.5805664062,-0.4738769531,-5.7404580116, -30.7786254883, -39.7251892090
877910067,0.8212890625,0.5510253906,-0.5314941406,-2.1526718140, -33.3893127441, -39.0228996277
877920067,0.8942871094,0.5913085938,-0.5395507812,-5.1755723953, -23.8778629303, -35.0992355347
877930067,0.7807617188,0.5363769531,-0.4824218750,-2.8854961395, -19.8778629303, -41.6793899536
877940067,0.7495117188,0.6401367188,-0.4321289062,-3.2977099419, -22.8244266510, -41.8015251160
877950067,0.8088378906,0.6882324219,-0.3757324219,-9.0229005814, -22.8549613953, -38.7022895813
877960067,0.7824707031,0.6635742188,-0.3527832031,-6.9923663139, -29.6946563721, -41.5572509766
877970067,0.8066406250,0.6975097656,-0.4089355469,-6.1068701744, -35.6030540466, -40.1832046509
877980067,0.8354492188,0.6613769531,-0.4382324219,-9.7251911163, -31.2366409302, -39.5725173950
877990067,0.7548828125,0.6047363281,-0.4541015625,-6.5343513489, -30.8244266510, -48.4274826050
878000067,0.7111816406,0.6755371094,-0.4843750000,-4.6870226860, -30.5038166046, -55.2519073486
878010067,0.7248535156,0.7358398438,-0.5246582031,-6.4732823372, -23.0076332092, -48.4732818604
878020067,0.6655273438,0.7109375000,-0.5187988281,-3.1450381279, -23.4198474884, -52.0763359070
878030067,0.6953125000,0.8041992188,-0.5109863281,-2.3816792965, -26.9160308838, -49.5114517212
878040067,0.7094726562,0.8120117188,-0.5190429688,-1.0381679535, -30.1679382324, -46.4427490234
878050067,0.7553710938,0.7937011719,-0.5275878906,-0.0152671756, -29.2061061859, -45.0687026978
878060067,0.7519531250,0.7790527344,-0.5344238281,-1.1145038605, -27.3587779999, -43.0992355347
878070067,0.7355957031,0.7739257812,-0.5429687500,-1.6030534506, -24.6106872559, -43.2213745117
878080067,0.6816406250,0.7448730469,-0.5341796875,-3.0992367268, -24.0458011627, -44.9618339539
878090067,0.6276855469,0.8029785156,-0.5566406250,-3.9847328663, -27.1145038605, -50.0610694885
878100067,0.6215820312,0.7656250000,-0.5976562500,-4.7633585930, -28.3206100464, -51.4198455811
878110067,0.6293945312,0.7802734375,-0.6398925781,-5.8931298256, -25.1755733490, -53.4503822327
878120067,0.6394042969,0.7302246094,-0.6394042969,-5.6488547325, -20.5038166046, -47.8625946045
878130067,0.6618652344,0.7136230469,-0.6232910156,-4.5648856163, -15.6030530930, -48.4427490234
878140067,0.6354980469,0.7465820312,-0.5808105469,-4.5954198837, -12.5496187210, -46.1679382324
878150067,0.5825195312,0.7297363281,-0.5527343750,-3.6030533314, -13.2671756744, -42.2748107910
878160067,0.5742187500,0.7741699219,-0.5253906250,-4.5343513489, -13.5267171860, -44.1526718140
878170067,0.5595703125,0.7895507812,-0.5273437500,-5.2671756744, -15.0839691162, -42.6870231628
878180067,0.5566406250,0.8188476562,-0.5468750000,-6.4122138023, -14.5954198837, -42.5801544189
878190067,0.5942382812,0.8188476562,-0.5532226562,-10.1374044418, -15.3282442093, -38.7175559998
878200067,0.6054687500,0.7648925781,-0.5593261719,-12.8396949768, -15.2061071396, -40.0610694885
878210067,0.5957031250,0.7658691406,-0.5581054688,-12.5954198837, -13.2977094650, -44.6106872559
878220067,0.5561523438,0.8137207031,-0.5476074219,-11.9389314651, -11.1297712326, -41.3893127441
878230067,0.5209960938,0.8488769531,-0.5334472656,-8.5954198837, -8.7786254883, -37.0687026978
878240067,0.4663085938,0.8339843750,-0.5131835938,-9.0534353256, -10.0458011627, -28.6106872559
878250067,0.4892578125,0.7658691406,-0.5273437500,-10.7022905350, -13.4198474884, -23.9541988373
878260067,0.5690917969,0.7617187500,-0.5561523438,-12.0458011627, -11.2671756744, -24.1221370697
878270067,0.5700683594,0.7600097656,-0.5480957031,-12.3969469070, -10.3816795349, -25.6335868835
878280067,0.5566406250,0.7744140625,-0.5529785156,-11.0381679535, -8.8854961395, -26.0458011627
878290067,0.5739746094,0.7792968750,-0.5590820312,-9.3435115814, -4.2748093605, -23.1908397675
878300067,0.5500488281,0.8325195312,-0.5847167969,-7.9389314651, 1.3893129826, -19.6946563721
878310067,0.5229492188,0.8918457031,-0.5478515625,-5.0687022209, 5.3587784767, -18.5190830231
878320067,0.4372558594,0.8144531250,-0.5495605469,-4.8396945000, 3.2977099419, -9.2824430466
878330067,0.4792480469,0.7678222656,-0.5585937500,-8.1679391861, 4.0000000000, -7.3587784767
878340067,0.5278320312,0.7412109375,-0.5544433594,-9.7251911163, 7.8625955582, -3.7709922791
878350067,0.5209960938,0.7661132812,-0.5034179688,-8.9160308838, 8.0458011627, -1.2213740349
878360067,0.5217285156,0.7863769531,-0.4934082031,-7.8167939186, 6.5343513489, 0.2748091519
878370067,0.5227050781,0.8310546875,-0.5112304688,-6.6259541512, 5.2366414070, 0.2290076315
878380067,0.5095214844,0.8693847656,-0.5405273438,-6.2595419884, 5.9389314651, -1.2977099419
878390067,0.5092773438,0.8811035156,-0.5637207031,-5.7557253838, 9.1145038605, -1.1603053808
878400067,0.5087890625,0.8801269531,-0.5532226562,-6.7328243256, 12.0763359070, -0.2595419884
878410067,0.5097656250,0.8723144531,-0.5388183594,-6.9770994186, 12.5038166046, -0.2900763452
878420067,0.5122070312,0.8745117188,-0.5153808594,-7.4503817558, 11.6488552094, 1.2519084215
878430067,0.5234375000,0.8591308594,-0.4914550781,-6.7328243256, 10.7328243256, 1.6335878372
878440067,0.5185546875,0.8647460938,-0.4814453125,-5.8167939186, 10.1679391861, 1.0534350872
878450067,0.5305175781,0.8691406250,-0.4846191406,-5.0229005814, 9.7709922791, 1.7557251453
878460067,0.5412597656,0.8771972656,-0.4990234375,-4.4885497093, 10.8244276047, 3.4961831570
878470067,0.5661621094,0.8591308594,-0.5036621094,-4.7633585930, 11.9083967209, 4.6106872559
878480218,0.5712890625,0.8310546875,-0.4973144531,-4.6106872559, 11.6183204651, 4.9007635117
878490067,0.5581054688,0.8305664062,-0.4887695312,-4.2595419884, 9.5725193024, 6.7786259651
878500067,0.5590820312,0.8286132812,-0.4877929688,-3.2671756744, 8.6106872559, 8.0916032791
878510067,0.5654296875,0.8349609375,-0.4819335938,-2.9007632732, 9.1297712326, 8.1984729767
878520067,0.5678710938,0.8317871094,-0.4790039062,-2.7022900581, 9.2366409302, 8.3969469070
878530067,0.5676269531,0.8300781250,-0.4809570312,-2.5648853779, 8.3053436279, 7.5725193024
878540072,0.6013183594,0.8068847656,-0.4919433594,-2.8549618721, 7.7099237442, 5.4809160233
878550067,0.6220703125,0.7985839844,-0.4875488281,-2.2595419884, 7.8320612907, 4.2595419884
878560067,0.6330566406,0.7871093750,-0.4943847656,-1.7099236250, 7.9541983604, 4.3511452675
878570067,0.6257324219,0.7744140625,-0.4833984375,-1.3435114622, 8.2900762558, 5.3435115814
878580067,0.6191406250,0.7744140625,-0.4750976562,-1.4809160233, 7.3587784767, 6.5496182442
878590067,0.6076660156,0.7551269531,-0.4560546875,-2.2290077209, 5.5725193024, 5.5114502907
878600067,0.6271972656,0.7497558594,-0.4589843750,-2.1526718140, 4.4274806976, 3.1145038605
878610067,0.6289062500,0.7500000000,-0.4670410156,-2.1221373081, 4.6412215233, 1.1603053808
878620067,0.6115722656,0.7543945312,-0.4589843750,-1.6030534506, 4.0305342674, 0.3206106722
878630067,0.5954589844,0.7685546875,-0.4711914062,-1.2519084215, 2.4732823372, 0.3969465792
878640067,0.5993652344,0.7751464844,-0.4799804688,-1.2061069012, 1.2366411686, 0.7633587718
878650067,0.6154785156,0.7797851562,-0.4963378906,-1.5572519302, 1.2366411686, 1.4961831570
878660067,0.6137695312,0.7700195312,-0.4956054688,-2.0763359070, 1.8320610523, 2.1068701744
878670067,0.6052246094,0.7529296875,-0.5002441406,-2.5801527500, 2.1068701744, 1.4656488895
878680067,0.6113281250,0.7485351562,-0.4797363281,-2.9160306454, 2.2137403488, 0.0000000000
878690067,0.6115722656,0.7424316406,-0.4758300781,-3.1297709942, 1.8167939186, -2.1679389477
878700067,0.6164550781,0.7585449219,-0.4782714844,-3.0229008198, 1.4656488895, -3.1755726337
878710067,0.6125488281,0.7695312500,-0.4880371094,-2.7786259651, 1.6030534506, -3.0992367268
878720067,0.5996093750,0.7734375000,-0.4826660156,-2.0152671337, 1.0687023401, -1.3282443285
878730067,0.5759277344,0.7783203125,-0.4829101562,-1.9541984797, 0.7480915785, -0.6717557311
878740067,0.5793457031,0.7666015625,-0.4880371094,-1.9541984797, 0.4122137427, -1.8473281860
878750067,0.5917968750,0.7744140625,-0.4899902344,-2.7633588314, 1.0381679535, -2.8854961395
878760067,0.5893554688,0.7819824219,-0.4907226562,-2.8549618721, 1.8320610523, -2.8396947384
878770067,0.5893554688,0.7951660156,-0.4924316406,-2.5648853779, 1.5572519302, -2.5648853779
878780067,0.5859375000,0.7946777344,-0.4775390625,-2.3969466686, 0.9923664331, -1.2519084215
878790067,0.5922851562,0.7883300781,-0.4858398438,-2.1526718140, 1.6641221046, -1.1297709942
878800067,0.5917968750,0.7822265625,-0.4904785156,-1.8320610523, 3.0381679535, -2.1374046803
878810067,0.5795898438,0.7893066406,-0.4858398438,-1.6946564913, 3.6183207035, -3.3587787151
878820067,0.5859375000,0.7963867188,-0.4826660156,-1.2366411686, 3.1755726337, -3.8320610523
878830067,0.5820312500,0.8090820312,-0.4985351562,-1.4351145029, 2.3664121628, -2.5190839767
878840067,0.5952148438,0.8083496094,-0.4995117188,-1.3740458488, 2.7786259651, -1.0381679535
878850067,0.5957031250,0.8332519531,-0.4995117188,-1.3129770756, 3.4351146221, 2.0610687733
878860067,0.5842285156,0.8137207031,-0.4980468750,-1.3587785959, 4.4580154419, 3.6488549709
878870067,0.5937500000,0.7961425781,-0.4919433594,-1.2977099419, 5.8167939186, 2.9923663139
878880067,0.5910644531,0.7792968750,-0.4904785156,-0.7633587718, 7.2977099419, 1.1145038605
878890067,0.5793457031,0.7749023438,-0.4860839844,-1.0687023401, 6.4274806976, -1.7251908779
878900067,0.5839843750,0.7917480469,-0.4785156250,-0.5954198241, 5.3282442093, -3.0534350872
878910067,0.5852050781,0.8154296875,-0.4858398438,-0.3206106722, 4.4427480698, -1.2977099419
878920067,0.5891113281,0.8332519531,-0.4951171875,-0.0916030556, 4.2900762558, 0.7175572515
878930067,0.5888671875,0.8374023438,-0.4970703125,-0.9312977195, 4.9160304070, 2.7938930988
878940067,0.5932617188,0.8276367188,-0.4987792969,-1.5877863169, 5.6641221046, 4.2442746162
878950067,0.5961914062,0.8171386719,-0.4982910156,-1.8320610523, 6.3206105232, 4.7328243256
878960067,0.5878906250,0.8137207031,-0.4782714844,-2.1068701744, 7.0076336861, 4.7633585930
878970067,0.5776367188,0.8039550781,-0.4709472656,-1.8167939186, 6.8396945000, 3.5419847965
878980067,0.5666503906,0.8046875000,-0.4653320312,-1.3435114622, 6.0763359070, 2.4580152035
878990067,0.5769042969,0.7949218750,-0.4670410156,-1.1297709942, 5.3282442093, 0.8702290058
879000067,0.5769042969,0.7871093750,-0.4831542969,-1.0076335669, 4.8702292442, 0.8549618125
879010067,0.5939941406,0.7949218750,-0.4807128906,-0.6412213445, 5.1908397675, 3.1145038605
879020067,0.6008300781,0.7883300781,-0.4821777344,-0.3053435087, 5.1755723953, 5.4198474884
879030067,0.6076660156,0.7846679688,-0.4877929688,-0.4427480996, 5.6641221046, 6.4732823372
879040067,0.6120605469,0.7897949219,-0.4960937500,-0.2595419884, 6.7022900581, 7.1603055000
879050067,0.6049804688,0.7951660156,-0.5068359375,-0.4732824564, 7.9847326279, 7.7251906395
879060067,0.5954589844,0.7912597656,-0.5148925781,-0.3816793859, 9.3893127441, 8.0000000000
879070068,0.5935058594,0.7966308594,-0.5036621094,-0.4274809062, 10.4274806976, 8.4122133255
879080067,0.5949707031,0.8000488281,-0.4990234375,-0.1984732896, 10.8702287674, 9.1908397675
879090067,0.6162109375,0.7907714844,-0.4868164062,-0.4274809062, 11.0839691162, 9.2671756744
879100067,0.6289062500,0.7915039062,-0.4946289062,-0.7175572515, 11.4045801163, 8.3053436279
879110067,0.6430664062,0.7917480469,-0.4924316406,-0.8396946788, 11.8320608139, 7.7557253838
879120067,0.6518554688,0.7858886719,-0.4882812500,-1.1297709942, 12.0610685349, 7.2061066628
879130067,0.6586914062,0.7890625000,-0.4863281250,-1.3129770756, 12.4580154419, 7.0839695930
879140067,0.6503906250,0.7883300781,-0.4853515625,-1.4809160233, 12.2137403488, 6.8702292442
879150067,0.6406250000,0.7934570312,-0.4816894531,-1.2977099419, 11.2366409302, 5.7557253838
879160067,0.6289062500,0.8034667969,-0.4907226562,-0.9923664331, 10.4274806976, 4.1679387093
879170067,0.6284179688,0.8156738281,-0.4929199219,-0.5648854971, 10.0610685349, 2.7328243256
879180067,0.6291503906,0.8132324219,-0.4987792969,0.0305343512, 10.6564884186, 0.5648854971
879190067,0.6237792969,0.8098144531,-0.4936523438,0.4274809062, 12.5496187210, -2.6259541512
879200067,0.6047363281,0.8132324219,-0.4858398438,0.5801526904, 15.6183204651, -4.2748093605
879210067,0.6030273438,0.8203125000,-0.4899902344,0.3664122224, 19.1297702789, -4.1984734535
879220067,0.5891113281,0.8068847656,-0.4772949219,-0.6412213445, 22.0763359070, -2.7938930988
879230067,0.6005859375,0.8000488281,-0.4736328125,-1.3893129826, 22.2595424652, -0.9312977195
879240067,0.6196289062,0.7976074219,-0.4619140625,-1.6946564913, 20.3358783722, 1.1908396482
879250067,0.6164550781,0.8051757812,-0.4550781250,-2.2900762558, 17.3893127441, 3.2213740349
879260067,0.6193847656,0.8000488281,-0.4584960938,-2.4122138023, 15.1145038605, 5.2977099419
879270067,0.6088867188,0.7824707031,-0.4804687500,-1.9083969593, 14.3206110001, 6.7786259651
879280067,0.6130371094,0.7829589844,-0.4907226562,-1.8473281860, 15.7251911163, 9.7557249069
879290067,0.6113281250,0.7756347656,-0.4819335938,-1.1603053808, 18.6717548370, 12.6717557907
879300067,0.5991210938,0.7941894531,-0.4611816406,-1.0076335669, 20.7175579071, 13.8625955582
879310067,0.5874023438,0.7712402344,-0.4536132812,-0.7022900581, 20.4885501862, 14.4885492325
879320067,0.6008300781,0.7746582031,-0.4306640625,-2.1068701744, 19.0992374420, 15.5114507675
879330067,0.6352539062,0.7646484375,-0.4389648438,-2.1221373081, 16.8396949768, 15.3740453720
879340067,0.6650390625,0.7592773438,-0.4484863281,-2.5954198837, 16.0916023254, 13.8931293488
879350067,0.6882324219,0.7690429688,-0.4650878906,-2.6564886570, 17.4961833954, 13.2671756744
879360067,0.6850585938,0.7939453125,-0.4672851562,-2.4580152035, 20.1526718140, 12.6412210464
879370067,0.6679687500,0.8085937500,-0.4685058594,-1.5572519302, 22.8549613953, 15.2366409302
879380067,0.6459960938,0.8066406250,-0.4614257812,-0.5038167834, 22.9923667908, 18.7633590698
879390067,0.6445312500,0.8056640625,-0.4707031250,0.6412213445, 23.0534343719, 21.6946563721
879400067,0.6450195312,0.8049316406,-0.4594726562,1.3282443285, 23.0076332092, 22.9923667908
879410067,0.6411132812,0.8076171875,-0.4575195312,2.6106870174, 22.7328243256, 23.7709922791
879420067,0.6479492188,0.8171386719,-0.4467773438,2.3511450291, 21.0534343719, 24.3358783722
879430067,0.6738281250,0.7917480469,-0.4409179688,1.3129770756, 18.6717548370, 23.7709922791
879440067,0.7119140625,0.7749023438,-0.4479980469,-1.2671755552, 16.4580154419, 22.7022895813
879450067,0.7585449219,0.7326660156,-0.4555664062,-0.7022900581, 16.1068706512, 18.7175579071
879460067,0.7651367188,0.7612304688,-0.4628906250,-0.3053435087, 17.8931293488, 15.5419845581
879470067,0.7412109375,0.7441406250,-0.4475097656,0.5038167834, 21.8931293488, 15.3740453720
879480219,0.6882324219,0.7670898438,-0.4360351562,1.1145038605, 23.5877857208, 16.7938938141
879490067,0.6633300781,0.8068847656,-0.4328613281,2.2442748547, 23.5419845581, 20.9923667908
879500140,0.6713867188,0.7595214844,-0.4284667969,3.6335878372, 23.3893127441, 25.5114498138
879510067,0.7045898438,0.7878417969,-0.4404296875,5.1755723953, 26.0610694885, 29.3282451630
879520067,0.7019042969,0.7770996094,-0.4387207031,8.0000000000, 27.2671756744, 30.7786254883
879530067,0.7143554688,0.7829589844,-0.4221191406,7.8015265465, 26.5190830231, 32.4732818604
879540067,0.7246093750,0.7556152344,-0.4162597656,7.1603055000, 25.0687026978, 30.3053436279
879550067,0.7333984375,0.7585449219,-0.4321289062,5.9541983604, 22.0458011627, 27.2061061859
879560067,0.7570800781,0.7336425781,-0.4340820312,5.9847326279, 19.1450386047, 25.6030540466
879570067,0.7592773438,0.7448730469,-0.4628906250,5.4809160233, 15.8473281860, 23.6946563721
879580067,0.7858886719,0.7429199219,-0.5024414062,4.0000000000, 15.3740453720, 23.1297702789
879590067,0.8056640625,0.8000488281,-0.5173339844,1.6488549709, 21.4809169769, 21.6030540466
879600067,0.8007812500,0.7778320312,-0.5173339844,-0.9312977195, 29.3129768372, 25.3435115814
879610067,0.7744140625,0.8168945312,-0.5114746094,-2.1068701744, 33.6641235352, 27.8778629303
879620067,0.7512207031,0.8107910156,-0.4785156250,-1.9083969593, 37.8778610229, 32.7633590698
879630067,0.7121582031,0.7805175781,-0.4169921875,0.0152671756, 35.0687026978, 40.0305328369
879640067,0.7060546875,0.7834472656,-0.3798828125,0.3664122224, 30.8244266510, 44.3206100464
879650067,0.7133789062,0.8176269531,-0.3549804688,3.1603052616, 25.6335868835, 50.7022895813
879660067,0.7309570312,0.7009277344,-0.3312988281,4.3664121628, 19.8320617676, 50.5343513489
879670067,0.7324218750,0.7932128906,-0.3684082031,9.0687026978, 15.1908397675, 51.6793899536
879680067,0.8002929688,0.6499023438,-0.3796386719,8.5648851395, 14.3206110001, 50.9160308838
879690067,0.8652343750,0.7768554688,-0.4162597656,9.6793889999, 18.8702297211, 42.9465637207
879700067,0.8610839844,0.6035156250,-0.4187011719,7.4961833954, 24.7480907440, 43.6183204651
879710067,0.8500976562,0.6784667969,-0.3913574219,6.5038166046, 28.4427490234, 37.5877876282
879720067,0.8803710938,0.6977539062,-0.3520507812,3.4503817558, 30.9923667908, 46.1832046509
879730067,0.8530273438,0.5605468750,-0.3315429688,2.9770991802, 27.5114498138, 44.4122123718
879740067,0.8562011719,0.5871582031,-0.3144531250,3.8931298256, 23.5877857208, 44.1374053955
879750067,0.8693847656,0.7675781250,-0.3359375000,6.6106872559, 22.4274806976, 45.8015251160
879760067,0.8891601562,0.4418945312,-0.3234863281,6.3816795349, 21.4351139069, 55.5114517212
879770067,0.8952636719,0.4807128906,-0.3303222656,9.4961833954, 19.4961833954, 43.7862586975
879780067,0.9196777344,0.5671386719,-0.3405761719,10.4274806976, 21.8473281860, 40.8702278137
879790067,0.9160156250,0.5192871094,-0.3564453125,9.5572519302, 25.7404575348, 39.4503822327
879800067,0.8774414062,0.5520019531,-0.3605957031,7.0381679535, 28.0305347443, 32.9007644653
879810067,0.9194335938,0.5498046875,-0.3510742188,3.8778626919, 30.9923667908, 26.8702297211
879820067,0.9370117188,0.5505371094,-0.3303222656,3.4045801163, 33.2366409302, 26.8854961395
879830067,0.9240722656,0.5949707031,-0.2763671875,2.7633588314, 31.5419845581, 22.3206100464
879840067,0.9360351562,0.5610351562,-0.2521972656,2.5190839767, 25.7404575348, 26.1984729767
879850067,0.9199218750,0.5419921875,-0.2531738281,3.3129770756, 20.1221370697, 33.0687026978
879860067,0.9306640625,0.5275878906,-0.2612304688,5.9541983604, 14.0458011627, 34.1221389771
879870067,0.9609375000,0.4938964844,-0.2922363281,7.4045801163, 12.5343513489, 37.3435096741
879880067,0.9487304688,0.4702148438,-0.3081054688,9.7709922791, 13.4198474884, 41.7251892090
879890067,0.9409179688,0.3969726562,-0.3210449219,7.9694657326, 14.2290077209, 39.2519073486
879900067,0.9748535156,0.4548339844,-0.3127441406,8.6564884186, 14.3969469070, 35.7251892090
879910067,0.9885253906,0.4458007812,-0.3041992188,8.5801525116, 14.7328243256, 33.6488533020
879920067,0.9704589844,0.4243164062,-0.2949218750,6.7938933372, 13.7709922791, 33.6030540466
879930067,0.9809570312,0.3928222656,-0.3066406250,5.4351143837, 11.5725193024, 30.3206100464
879940067,0.9980468750,0.3759765625,-0.3041992188,3.8778626919, 10.1984729767, 27.8931293488
879950067,1.0197753906,0.3503417969,-0.3300781250,2.3358778954, 9.7099237442, 28.4732818604
879960067,1.0119628906,0.3393554688,-0.3161621094,2.4580152035, 9.6641225815, 20.8549613953
879970067,1.0041503906,0.4067382812,-0.3442382812,1.0076335669, 11.2671756744, 20.8702297211
879980067,0.9992675781,0.3850097656,-0.3525390625,0.1068702266, 13.7862596512, 22.0305347443
879990067,0.9895019531,0.3554687500,-0.3278808594,-0.2900763452, 15.2519083023, 19.7862586975
880000067,0.9829101562,0.3540039062,-0.3090820312,0.0305343512, 14.9618320465, 18.2137413025
880010067,0.9809570312,0.3574218750,-0.2927246094,0.4122137427, 12.7786254883, 16.8091602325
880020067,0.9890136719,0.3486328125,-0.2763671875,0.5038167834, 10.4885492325, 14.5648851395
880030067,0.9865722656,0.3542480469,-0.2770996094,0.6717557311, 9.0076332092, 12.4732828140
880040067,1.0031738281,0.3669433594,-0.2724609375,0.5038167834, 7.6946563721, 10.9312973022
880050067,1.0205078125,0.3776855469,-0.2651367188,0.1984732896, 6.3816795349, 10.2595415115
880060067,1.0319824219,0.3796386719,-0.2585449219,0.0305343512, 4.1374044418, 9.7099237442
880070067,1.0502929688,0.3806152344,-0.2624511719,-0.4580152631, 1.5267175436, 8.0610685349
880080067,1.0544433594,0.3742675781,-0.2583007812,-0.7022900581, -0.7938931584, 5.6030535698
