time,xacc,yacc,zacc,xgyro,ygyro,zgyro
1348780067,1.1103515625,-0.1967773438,-0.2617187500,1.1755725145, 6.8854961395, -2.0458016396
1348790067,1.1186523438,-0.2058105469,-0.2377929688,0.6717557311, 7.4656486511, -1.4656488895
1348800067,1.1462402344,-0.2055664062,-0.2438964844,0.6564885378, 10.0152673721, -2.3358778954
1348810067,1.1013183594,-0.1835937500,-0.1901855469,-0.1679389328, 8.1832065582, -1.2671755552
1348820067,1.1362304688,-0.2199707031,-0.1950683594,1.0229008198, 7.0381679535, -4.0000000000
1348830067,1.0942382812,-0.1984863281,-0.1850585938,0.5343511701, 4.5648856163, -10.0000000000
1348840067,1.0983886719,-0.1748046875,-0.1765136719,0.9770992398, 2.1068701744, -7.4351143837
1348850067,1.1003417969,-0.1784667969,-0.1689453125,1.0992366076, -0.4274809062, -5.7709922791
1348860067,1.1242675781,-0.1723632812,-0.1787109375,1.4351145029, -2.1832060814, -6.7328243256
1348870067,1.1181640625,-0.1562500000,-0.1823730469,2.0000000000, -3.3740458488, -9.0687026978
1348880067,1.1264648438,-0.1162109375,-0.1831054688,3.0687022209, -3.1603052616, -9.8625955582
1348890067,1.1245117188,-0.1083984375,-0.1782226562,5.7251906395, -2.3358778954, -9.5419845581
1348900067,1.1181640625,-0.0913085938,-0.1389160156,9.5114507675, -3.5267176628, -11.2977094650
1348910067,1.1425781250,-0.0759277344,-0.1184082031,14.0610685349, -6.7022900581, -16.0763359070
1348920067,1.1401367188,-0.0544433594,-0.1147460938,17.3282451630, -13.1755723953, -22.0458011627
1348930067,1.1252441406,-0.0021972656,-0.1354980469,16.6412220001, -22.4122142792, -24.5801525116
1348940067,1.1235351562,0.0444335938,-0.2021484375,11.4198474884, -30.7786254883, -18.1221370697
1348950067,1.1054687500,0.0556640625,-0.3068847656,3.6183207035, -32.2748107910, -1.9694656134
1348960067,1.1337890625,-0.0153808594,-0.4023437500,-3.6793892384, -23.2977104187, 14.9160308838
1348970067,1.2180175781,-0.1364746094,-0.4948730469,-9.6030530930, -3.7709922791, 20.1679382324
1348980067,1.2817382812,-0.2092285156,-0.5063476562,-13.7862596512, 18.6564884186, 13.9389314651
1348990067,1.2666015625,-0.2392578125,-0.4384765625,-15.2519083023, 33.5419845581, 3.4656488895
1349000067,1.2070312500,-0.2143554688,-0.2929687500,-14.7786254883, 33.9083976746, -6.5038166046
1349010067,1.1599121094,-0.1496582031,-0.1730957031,-12.8091602325, 25.9541988373, -10.5954198837
1349020067,1.1206054688,-0.1115722656,-0.1308593750,-10.4580154419, 15.1603050232, -7.9083967209
1349030067,1.1240234375,-0.1113281250,-0.1279296875,-8.9618320465, 8.2900762558, -4.6870226860
1349040067,1.1333007812,-0.1035156250,-0.1560058594,-7.1450381279, 7.1603055000, -2.3816792965
1349050067,1.1423339844,-0.1433105469,-0.1679687500,-3.9541983604, 9.8778629303, -2.9923663139
1349060067,1.1093750000,-0.1220703125,-0.1586914062,-3.5877861977, 8.8244276047, -1.7404580116
1349070067,1.1491699219,-0.1437988281,-0.1918945312,-1.4198473692, 11.6030530930, -5.4503817558
1349080067,1.0915527344,-0.1254882812,-0.1616210938,-0.1832061112, 8.3969469070, -6.1374044418
1349090067,1.1166992188,-0.1198730469,-0.1657714844,0.1832061112, 6.0000000000, -4.9923663139
1349100067,1.0932617188,-0.1379394531,-0.1789550781,-0.0916030556, 3.7862596512, -1.5114504099
1349110067,1.1044921875,-0.1262207031,-0.1909179688,-2.1068701744, 0.9618320465, 4.0000000000
1349120067,1.0952148438,-0.1586914062,-0.2080078125,-3.6488549709, -1.8625954390, 7.3435115814
1349130067,1.1408691406,-0.1987304688,-0.2431640625,-5.5267176628, -2.0305342674, 5.7099237442
1349140067,1.1250000000,-0.2009277344,-0.2668457031,-6.8244276047, -0.2137404531, 4.4885497093
1349150067,1.1115722656,-0.1999511719,-0.2602539062,-6.5038166046, -0.0763358772, 5.0076336861
1349160067,1.1374511719,-0.2084960938,-0.2429199219,-5.3435115814, 1.9694656134, 3.4045801163
1349170067,1.1367187500,-0.2077636719,-0.2260742188,-2.9923663139, 5.5725193024, 1.4198473692
1349180067,1.1452636719,-0.2065429688,-0.1923828125,-0.0610687025, 9.0229005814, 1.1908396482
1349190067,1.1406250000,-0.1958007812,-0.1657714844,1.2671755552, 11.3129768372, 2.7480916977
1349200067,1.1259765625,-0.2050781250,-0.1481933594,1.8931298256, 10.0152673721, 4.7175574303
1349210067,1.1311035156,-0.2221679688,-0.1652832031,1.1755725145, 5.7862596512, 2.6106870174
1349220067,1.1203613281,-0.2214355469,-0.1770019531,-0.6412213445, 0.2290076315, 1.7251908779
1349230067,1.1271972656,-0.2253417969,-0.2080078125,-2.9770991802, -3.4503817558, 1.4045801163
1349240067,1.1323242188,-0.2321777344,-0.2358398438,-4.8702292442, -3.0229008198, 1.6946564913
1349250067,1.1337890625,-0.2321777344,-0.2373046875,-5.8015265465, 0.1984732896, 3.0687022209
1349260067,1.1330566406,-0.2285156250,-0.2312011719,-5.7862596512, 4.7633585930, 2.9923663139
1349270067,1.1318359375,-0.2089843750,-0.1994628906,-4.9618320465, 7.4351143837, 2.6259541512
1349280067,1.1372070312,-0.2260742188,-0.1831054688,-2.7328243256, 7.8167939186, 0.2442748100
1349290067,1.1303710938,-0.1835937500,-0.1743164062,-1.1450381279, 6.9312977791, -2.8396947384
1349300067,1.1208496094,-0.1608886719,-0.1660156250,0.3358778656, 5.2519083023, -1.3435114622
1349310067,1.1027832031,-0.1611328125,-0.1567382812,1.7099236250, 1.3129770756, 0.7175572515
1349320067,1.1250000000,-0.1643066406,-0.1696777344,2.2137403488, -1.7404580116, -0.5038167834
1349330067,1.1306152344,-0.1594238281,-0.1962890625,1.6641221046, -2.4122138023, -0.1984732896
1349340067,1.1347656250,-0.1604003906,-0.2075195312,0.8091602921, -1.7862595320, 1.1297709942
1349350067,1.1508789062,-0.1657714844,-0.2138671875,-0.1221374050, 0.1984732896, 1.5877863169
1349360067,1.1535644531,-0.1525878906,-0.2155761719,-1.2061069012, 1.7862595320, 1.7251908779
1349370067,1.1291503906,-0.1782226562,-0.1994628906,-1.5572519302, 1.1145038605, -1.0992366076
1349380067,1.1286621094,-0.1572265625,-0.1960449219,-2.1068701744, -0.0763358772, -2.1526718140
1349390067,1.1271972656,-0.1506347656,-0.1965332031,-1.8625954390, -1.0839694738, -0.8854961991
1349400067,1.1384277344,-0.1672363281,-0.1989746094,-1.7099236250, -1.1145038605, -0.9312977195
1349410067,1.1469726562,-0.1496582031,-0.1997070312,-1.7099236250, 0.1984732896, 0.3358778656
1349420067,1.1613769531,-0.1428222656,-0.2038574219,-2.1679389477, 1.3893129826, 2.4732823372
1349430067,1.1491699219,-0.1538085938,-0.1916503906,-2.7938930988, 1.9389313459, 2.3053436279
1349440067,1.1474609375,-0.1569824219,-0.1936035156,-3.2977099419, 1.4656488895, 1.7862595320
1349450067,1.1406250000,-0.1577148438,-0.1877441406,-3.9541983604, -0.3969465792, 1.9389313459
1349460067,1.1428222656,-0.1635742188,-0.1975097656,-4.6870226860, -2.0000000000, 2.5190839767
1349470067,1.1479492188,-0.1645507812,-0.2087402344,-5.3740458488, -2.5954198837, 3.3282442093
1349480216,1.1604003906,-0.1621093750,-0.2089843750,-5.4045801163, -2.1526718140, 3.4961831570
1349490067,1.1665039062,-0.1645507812,-0.2241210938,-5.2213740349, -1.1603053808, 3.0687022209
1349500067,1.1557617188,-0.1604003906,-0.2121582031,-4.9618320465, 0.0458015278, 2.9465649128
1349510067,1.1457519531,-0.1584472656,-0.2121582031,-4.9618320465, 0.7328244448, 3.7099237442
1349520067,1.1455078125,-0.1501464844,-0.2207031250,-5.4351143837, 0.6717557311, 6.4732823372
1349530067,1.1403808594,-0.1530761719,-0.2141113281,-5.9236640930, 0.3358778656, 8.6412210464
1349540115,1.1218261719,-0.1699218750,-0.2036132812,-6.3358778954, -0.6717557311, 9.3435115814
1349550067,1.1154785156,-0.1728515625,-0.2062988281,-6.5343513489, -1.4045801163, 9.4656486511
1349560067,1.1093750000,-0.1657714844,-0.1928710938,-6.5496182442, -2.0610687733, 10.5190839767
1349570067,1.1110839844,-0.1767578125,-0.1911621094,-6.5954198837, -2.1374046803, 11.2061071396
1349580067,1.1108398438,-0.1875000000,-0.1865234375,-6.5801525116, -1.9236640930, 9.9083967209
1349590067,1.1159667969,-0.1877441406,-0.1853027344,-6.3511452675, -2.1984732151, 9.2519083023
1349600067,1.1208496094,-0.2043457031,-0.1667480469,-6.1221375465, -3.2061069012, 9.8931293488
1349610067,1.1291503906,-0.2072753906,-0.1791992188,-6.0763359070, -5.3587784767, 10.6870231628
1349620067,1.1179199219,-0.2253417969,-0.1772460938,-5.9236640930, -7.9541983604, 11.0839691162
1349630067,1.1296386719,-0.2170410156,-0.1845703125,-6.0763359070, -10.4885492325, 11.9236640930
1349640067,1.1372070312,-0.1965332031,-0.1850585938,-6.5496182442, -12.2595415115, 14.6106872559
1349650067,1.1352539062,-0.2004394531,-0.1999511719,-6.8091602325, -12.4274806976, 15.8015270233
1349660067,1.1166992188,-0.1975097656,-0.2004394531,-7.0229005814, -12.5190839767, 16.7786254883
1349670067,1.1281738281,-0.1928710938,-0.1967773438,-7.4198474884, -12.5343513489, 18.5038166046
1349680067,1.1237792969,-0.1940917969,-0.1926269531,-7.6641221046, -12.5038166046, 19.7404575348
1349690067,1.1142578125,-0.2028808594,-0.1960449219,-7.8625955582, -13.6335878372, 21.1603050232
1349700067,1.1110839844,-0.2065429688,-0.1909179688,-8.8702287674, -16.2900772095, 24.7480907440
1349710067,1.1044921875,-0.2036132812,-0.1772460938,-9.3435115814, -19.5877857208, 27.1755733490
1349720067,1.1242675781,-0.1894531250,-0.1835937500,-9.6641225815, -22.7175579071, 30.2748088837
1349730067,1.1328125000,-0.1833496094,-0.1745605469,-10.3969469070, -25.6793899536, 33.2824440002
1349740067,1.1462402344,-0.2077636719,-0.1914062500,-9.9236640930, -28.3664131165, 33.9236640930
1349750067,1.1552734375,-0.1987304688,-0.2089843750,-10.2442750931, -29.9847335815, 34.7328262329
1349760067,1.1625976562,-0.2060546875,-0.2180175781,-10.0763359070, -29.5572509766, 34.2748107910
1349770067,1.1462402344,-0.2114257812,-0.2341308594,-10.1374044418, -28.4274806976, 34.5496177673
1349780067,1.1171875000,-0.2426757812,-0.2285156250,-10.5190839767, -28.5954189301, 36.7175559998
1349790067,1.0805664062,-0.2829589844,-0.2182617188,-11.1450386047, -31.8473281860, 39.1297721863
1349800067,1.0991210938,-0.3059082031,-0.1960449219,-11.6946563721, -34.4427490234, 38.3511466980
1349810067,1.1408691406,-0.3095703125,-0.2165527344,-12.2442750931, -36.9771003723, 38.9465637207
1349820067,1.1682128906,-0.2775878906,-0.2224121094,-14.2442750931, -37.0992355347, 38.1221389771
1349830067,1.1806640625,-0.2521972656,-0.2158203125,-16.3816795349, -37.6793899536, 40.3511466980
1349840067,1.1499023438,-0.2424316406,-0.1931152344,-19.2671756744, -37.4198455811, 41.4503822327
1349850067,1.1472167969,-0.2495117188,-0.1933593750,-20.5801525116, -37.8015251160, 44.7328262329
1349860067,1.1333007812,-0.3054199219,-0.1972656250,-19.8931293488, -42.2900772095, 49.1145019531
1349870067,1.1281738281,-0.3291015625,-0.2341308594,-18.8854961395, -47.0687026978, 46.5038185120
1349880067,1.1250000000,-0.3210449219,-0.2600097656,-15.5877866745, -51.7862586975, 45.4961814880
1349890067,1.1115722656,-0.2766113281,-0.2890625000,-12.2137403488, -56.3969459534, 45.2366409302
1349900067,1.1188964844,-0.2507324219,-0.3430175781,-8.0152673721, -57.7251892090, 49.6793899536
1349910067,1.1352539062,-0.2690429688,-0.3713378906,-5.4961833954, -55.8015251160, 52.1832046509
1349920067,1.1518554688,-0.2988281250,-0.3937988281,-3.9389312267, -50.1221389771, 49.4503822327
1349930067,1.1340332031,-0.2932128906,-0.4016113281,-4.2748093605, -43.5572509766, 46.3206100464
1349940067,1.0827636719,-0.3015136719,-0.3549804688,-6.5038166046, -39.6488533020, 47.1908378601
1349950067,1.0524902344,-0.3051757812,-0.3220214844,-8.0763359070, -37.4351158142, 47.8473281860
1349960067,1.0463867188,-0.3037109375,-0.3002929688,-11.2213745117, -40.0000000000, 48.1526718140
1349970067,0.9914550781,-0.3288574219,-0.2912597656,-12.3816795349, -49.8167953491, 45.2213745117
1349980067,0.9899902344,-0.3146972656,-0.2995605469,-13.1908397675, -61.3587799072, 41.5877876282
1349990067,0.9838867188,-0.3215332031,-0.3422851562,-12.2137403488, -69.4503784180, 40.6259536743
1350000067,0.9838867188,-0.3322753906,-0.3891601562,-11.3435115814, -70.9618301392, 40.4580154419
1350010067,0.9919433594,-0.3303222656,-0.4296875000,-10.2442750931, -68.0610656738, 41.1297721863
1350020067,0.9833984375,-0.3259277344,-0.4575195312,-9.0839691162, -65.2061080933, 42.2900772095
1350030067,0.9685058594,-0.3322753906,-0.4729003906,-9.0229005814, -64.2137374878, 42.6259536743
1350040067,0.9819335938,-0.3518066406,-0.4982910156,-9.1145038605, -64.3053436279, 40.5954208374
1350050067,0.9946289062,-0.3659667969,-0.5195312500,-9.4198474884, -63.5572509766, 38.0000000000
1350060067,0.9887695312,-0.3759765625,-0.5407714844,-9.8931293488, -60.9923667908, 37.8167953491
1350070067,0.9694824219,-0.3935546875,-0.5441894531,-10.4885492325, -57.4198455811, 38.2900772095
1350080165,0.9367675781,-0.4172363281,-0.5371093750,-11.5725193024, -55.1908378601, 40.5038185120
1350090067,0.9353027344,-0.4414062500,-0.5075683594,-12.8702287674, -54.7480926514, 40.2442741394
1350100067,0.9201660156,-0.4689941406,-0.5085449219,-13.5572519302, -56.3511466980, 36.7938919067
1350110067,0.9211425781,-0.4750976562,-0.5122070312,-13.7862596512, -57.5114517212, 34.5038185120
1350120067,0.9089355469,-0.4731445312,-0.5329589844,-14.5801525116, -55.8473281860, 34.7480926514
1350130067,0.8601074219,-0.4709472656,-0.5280761719,-14.5038166046, -55.0839691162, 35.3435096741
1350140067,0.8466796875,-0.4885253906,-0.5629882812,-13.6030530930, -55.4351158142, 36.5954208374
1350150067,0.8535156250,-0.4875488281,-0.5922851562,-12.0916032791, -55.4961814880, 39.0381660461
1350160067,0.8371582031,-0.5258789062,-0.6076660156,-8.5343513489, -55.0381660461, 37.3740463257
1350170067,0.8432617188,-0.5229492188,-0.6374511719,-6.4885497093, -53.6793899536, 33.6641235352
1350180067,0.8688964844,-0.5209960938,-0.6718750000,-5.0534353256, -49.3740463257, 34.0610694885
1350190067,0.8654785156,-0.5227050781,-0.6877441406,-5.0839695930, -43.6030540466, 34.3664131165
1350200067,0.8410644531,-0.5056152344,-0.7038574219,-5.7862596512, -38.1374053955, 33.1755714417
1350210067,0.7951660156,-0.5222167969,-0.6699218750,-6.4732823372, -36.9160308838, 30.5648860931
1350220067,0.7207031250,-0.5625000000,-0.6516113281,-7.5419845581, -38.5954208374, 26.5954189301
1350230067,0.7004394531,-0.5512695312,-0.6354980469,-8.3206110001, -39.9847335815, 25.8473281860
1350240067,0.7138671875,-0.5046386719,-0.6406250000,-7.8778624535, -38.7786254883, 29.8473281860
1350250067,0.7265625000,-0.4816894531,-0.6552734375,-6.5648856163, -38.7480926514, 35.3740463257
1350260067,0.7324218750,-0.4719238281,-0.6596679688,-4.7633585930, -40.9771003723, 38.9618339539
1350270067,0.7382812500,-0.4616699219,-0.6958007812,-3.1755726337, -41.5572509766, 40.0000000000
1350280067,0.7458496094,-0.4404296875,-0.7399902344,-2.1984732151, -38.8702278137, 42.9160308838
1350290067,0.7333984375,-0.4514160156,-0.7646484375,-1.8473281860, -33.5419845581, 45.8931312561
1350300067,0.6838378906,-0.4645996094,-0.7763671875,-2.9007632732, -28.4885501862, 46.3816795349
1350310067,0.6557617188,-0.4584960938,-0.7814941406,-4.2595419884, -28.2900772095, 48.6564903259
1350320067,0.7055664062,-0.4736328125,-0.8044433594,-4.2137403488, -27.9236640930, 52.2290077209
1350330067,0.7028808594,-0.4692382812,-0.8244628906,-3.0992367268, -23.7404575348, 53.8625946045
1350340067,0.6745605469,-0.4421386719,-0.8415527344,-2.2900762558, -20.9770984650, 57.6335868835
1350350067,0.6413574219,-0.4575195312,-0.8632812500,-2.1984732151, -16.1679382324, 58.9618339539
1350360067,0.5429687500,-0.4943847656,-0.8176269531,-3.3129770756, -12.1984729767, 58.2595405579
1350370067,0.5024414062,-0.5019531250,-0.7729492188,-4.4427480698, -11.9083967209, 58.7328262329
1350380067,0.5270996094,-0.5454101562,-0.7595214844,-5.0229005814, -12.5801525116, 60.1526718140
1350390067,0.6367187500,-0.5815429688,-0.7624511719,-5.0381679535, -9.4351148605, 61.1450386047
1350400067,0.7111816406,-0.5849609375,-0.7905273438,-3.5877861977, -5.6488547325, 59.1755714417
1350410067,0.7138671875,-0.5476074219,-0.8479003906,-1.0534350872, -1.6946564913, 58.6717567444
1350420067,0.6582031250,-0.5456542969,-0.8708496094,1.4351145029, 1.9389313459, 61.3740463257
1350430067,0.6140136719,-0.5551757812,-0.9001464844,3.3282442093, 6.1984734535, 59.8778610229
1350440067,0.6406250000,-0.5676269531,-0.9165039062,5.5114502907, 13.1908397675, 58.6564903259
1350450067,0.6228027344,-0.5368652344,-0.9167480469,5.8473281860, 22.0305347443, 59.4198455811
1350460067,0.5795898438,-0.5656738281,-0.8703613281,6.8549618721, 31.1603050232, 62.3358764648
1350470067,0.5722656250,-0.6162109375,-0.7988281250,6.9770994186, 35.4351158142, 58.9618339539
1350480215,0.5317382812,-0.6140136719,-0.7253417969,7.4045801163, 34.6259536743, 59.9541969299
1350490067,0.5158691406,-0.6286621094,-0.6877441406,8.1832065582, 28.6259536743, 54.1984748840
1350500067,0.5307617188,-0.6281738281,-0.6779785156,9.3893127441, 23.2061061859, 55.2519073486
1350510067,0.5510253906,-0.6499023438,-0.7041015625,10.4580154419, 20.8396949768, 60.6717567444
1350520067,0.6005859375,-0.7404785156,-0.7338867188,11.2824430466, 21.9389305115, 57.1755714417
1350530067,0.6298828125,-0.6940917969,-0.7331542969,11.0687026978, 24.4732818604, 50.1374053955
1350540067,0.6318359375,-0.6923828125,-0.7023925781,10.4580154419, 27.4961833954, 45.6793899536
1350550067,0.6005859375,-0.6577148438,-0.6865234375,8.7480916977, 29.7709922791, 47.6488533020
1350560067,0.6064453125,-0.6706542969,-0.6611328125,6.4732823372, 33.0381660461, 47.1908378601
1350570075,0.6293945312,-0.6806640625,-0.6440429688,6.2900762558, 36.0916023254, 47.9236640930
1350580067,0.6230468750,-0.7287597656,-0.6191406250,7.0534353256, 34.9160308838, 50.0305328369
1350590067,0.5866699219,-0.7307128906,-0.6000976562,7.5114502907, 30.6259536743, 47.2213745117
1350600067,0.5256347656,-0.6999511719,-0.5859375000,6.8702292442, 24.9312973022, 46.9771003723
1350610067,0.5158691406,-0.7033691406,-0.6154785156,6.5801525116, 21.6183204651, 50.6564903259
1350620067,0.5480957031,-0.7487792969,-0.6220703125,6.0305342674, 22.5038166046, 54.4580154419
1350630067,0.5895996094,-0.7614746094,-0.6018066406,3.4351146221, 24.5343513489, 54.7175559998
1350640067,0.5507812500,-0.8215332031,-0.5483398438,1.6793893576, 26.8396949768, 50.3511466980
1350650067,0.4975585938,-0.8317871094,-0.5222167969,0.6870229244, 25.9083976746, 43.9389305115
1350660067,0.5090332031,-0.8395996094,-0.5490722656,1.0687023401, 23.6030540466, 41.8778610229
1350670067,0.5485839844,-0.8676757812,-0.5847167969,2.7786259651, 21.1603050232, 39.2213745117
1350680067,0.5915527344,-0.8295898438,-0.6337890625,4.9160304070, 18.3053436279, 37.1603050232
1350690067,0.6091308594,-0.8039550781,-0.6589355469,6.7633585930, 15.9694652557, 38.2290077209
1350700067,0.5786132812,-0.8056640625,-0.6601562500,7.7862596512, 14.9770994186, 41.5419845581
1350710067,0.5576171875,-0.8129882812,-0.6591796875,7.5877861977, 17.2671756744, 43.3435096741
1350720067,0.5273437500,-0.8259277344,-0.6042480469,6.9312977791, 20.5038166046, 43.9389305115
1350730067,0.5234375000,-0.8193359375,-0.5510253906,5.8015265465, 22.2137413025, 45.1297721863
1350740067,0.5109863281,-0.8378906250,-0.4956054688,3.6335878372, 20.6717548370, 43.0992355347
1350750067,0.4895019531,-0.8557128906,-0.4287109375,1.8625954390, 15.6030530930, 39.4503822327
1350760067,0.4675292969,-0.8679199219,-0.4226074219,1.2061069012, 8.5343513489, 35.4809150696
1350770067,0.5104980469,-0.8305664062,-0.4426269531,0.7633587718, 3.1297709942, 34.3511466980
1350780067,0.5446777344,-0.8347167969,-0.4902343750,0.6870229244, 1.3282443285, 34.5801544189
1350790067,0.5661621094,-0.8105468750,-0.5224609375,1.1755725145, 0.8854961991, 31.4656486511
1350800067,0.5725097656,-0.7958984375,-0.5456542969,1.4198473692, 0.7938931584, 31.2824420929
1350810067,0.5727539062,-0.7719726562,-0.5534667969,1.2519084215, 1.0229008198, 30.7175579071
1350820067,0.5742187500,-0.7346191406,-0.5532226562,-0.7786259651, 0.9160305262, 36.9465637207
1350830067,0.5761718750,-0.7714843750,-0.5429687500,-2.8396947384, 4.0000000000, 40.7328262329
1350840067,0.5498046875,-0.7744140625,-0.5222167969,-4.8396945000, 6.8702292442, 40.7938919067
1350850067,0.4980468750,-0.8200683594,-0.4816894531,-4.0152673721, 6.4427480698, 42.0610694885
1350860067,0.4404296875,-0.8195800781,-0.4455566406,-7.8931298256, 1.9083969593, 37.2061080933
1350870067,0.4553222656,-0.8112792969,-0.4501953125,-9.7099237442, -6.9923663139, 33.0076332092
1350880067,0.4809570312,-0.8188476562,-0.4672851562,-8.9312973022, -14.7328243256, 29.5572509766
1350890067,0.4958496094,-0.7814941406,-0.5275878906,-6.9618320465, -19.1755733490, 27.1450386047
1350900067,0.4985351562,-0.7578125000,-0.5751953125,-7.1297707558, -19.5877857208, 28.7938938141
1350910067,0.4943847656,-0.7858886719,-0.6010742188,-5.0381679535, -17.3435115814, 33.7404594421
1350920067,0.5192871094,-0.7597656250,-0.6274414062,-4.6564884186, -15.4809160233, 36.1221389771
1350930067,0.5205078125,-0.7788085938,-0.6274414062,-6.0763359070, -11.5877866745, 37.3893127441
1350940067,0.5078125000,-0.7915039062,-0.6247558594,-6.8091602325, -8.9465646744, 35.5267181396
1350950067,0.4902343750,-0.8063964844,-0.6101074219,-7.8625955582, -6.4427480698, 36.8549613953
1350960067,0.4643554688,-0.8532714844,-0.6003417969,-5.5419845581, -6.0763359070, 37.6183204651
1350970067,0.4301757812,-0.8095703125,-0.5832519531,-8.6412210464, -7.8931298256, 34.5648841858
1350980067,0.4160156250,-0.7995605469,-0.5778808594,-7.8473281860, -10.8396949768, 34.4580154419
1350990067,0.3942871094,-0.8005371094,-0.5961914062,-5.1145038605, -14.7480916977, 37.3435096741
1351000067,0.4118652344,-0.7651367188,-0.6088867188,-4.9770994186, -16.1679382324, 36.4580154419
1351010067,0.4072265625,-0.7751464844,-0.6262207031,-3.6335878372, -15.6335878372, 34.2595405579
1351020067,0.3862304688,-0.7868652344,-0.6289062500,-2.8702290058, -14.2290077209, 35.3435096741
1351030067,0.3620605469,-0.8039550781,-0.6225585938,-1.9083969593, -13.2366409302, 36.2748107910
1351040067,0.3395996094,-0.8244628906,-0.6154785156,-1.4809160233, -13.5114507675, 35.6946563721
1351050067,0.3395996094,-0.8400878906,-0.6054687500,-0.7938931584, -16.7938938141, 36.0305328369
1351060067,0.3583984375,-0.8569335938,-0.6059570312,0.3053435087, -19.8473281860, 37.1297721863
1351070067,0.3530273438,-0.8728027344,-0.6210937500,0.5038167834, -22.3053436279, 35.4961814880
1351080067,0.3210449219,-0.8666992188,-0.6318359375,1.0687023401, -24.3511447906, 32.5038185120
1351090067,0.3034667969,-0.8457031250,-0.6530761719,1.4351145029, -26.0610694885, 31.2977104187
1351100067,0.2946777344,-0.8173828125,-0.6831054688,1.8167939186, -25.2977104187, 33.6030540466
1351110067,0.3317871094,-0.7783203125,-0.6894531250,1.2519084215, -21.4961833954, 38.6412200928
1351120067,0.2988281250,-0.8437500000,-0.7365722656,4.2290077209, -20.1221370697, 36.3358764648
1351130067,0.3481445312,-0.8276367188,-0.7382812500,4.9312977791, -15.1603050232, 34.4580154419
1351140067,0.3522949219,-0.8452148438,-0.7263183594,5.8015265465, -8.8702287674, 31.1755733490
1351150067,0.3374023438,-0.8303222656,-0.6948242188,6.1984734535, -2.7175571918, 25.8320617676
1351160067,0.3139648438,-0.8134765625,-0.6489257812,6.4427480698, -0.0610687025, 26.1832065582
1351170067,0.2856445312,-0.8190917969,-0.6025390625,6.8854961395, 0.1374045759, 31.1450386047
1351180067,0.2924804688,-0.8249511719,-0.5654296875,6.9618320465, -3.0076336861, 36.4732818604
1351190067,0.2697753906,-0.8361816406,-0.5576171875,6.0305342674, -6.9312977791, 36.6412200928
1351200067,0.2543945312,-0.8413085938,-0.5551757812,4.7633585930, -9.1145038605, 34.7633590698
1351210067,0.2453613281,-0.8422851562,-0.5610351562,4.4580154419, -9.7099237442, 32.0763359070
1351220067,0.2333984375,-0.8291015625,-0.5639648438,2.9312977791, -9.5572519302, 32.8244285583
1351230067,0.2219238281,-0.8481445312,-0.5600585938,3.0687022209, -10.2290077209, 30.7633590698
1351240067,0.2387695312,-0.8361816406,-0.5742187500,1.7709923983, -12.0152673721, 31.5114498138
1351250067,0.2294921875,-0.8725585938,-0.5737304688,1.8625954390, -11.8015270233, 33.2366409302
1351260067,0.2224121094,-0.8598632812,-0.5708007812,2.3969466686, -13.1908397675, 35.5572509766
1351270067,0.2243652344,-0.8591308594,-0.5979003906,1.6335878372, -14.6717557907, 36.0305328369
1351280067,0.2546386719,-0.8547363281,-0.6184082031,1.2061069012, -14.5954198837, 34.4427490234
1351290067,0.2668457031,-0.8461914062,-0.6169433594,1.8320610523, -12.0610685349, 31.3740463257
1351300067,0.2470703125,-0.8337402344,-0.6198730469,2.9923663139, -10.1832065582, 30.2900772095
1351310067,0.1801757812,-0.8205566406,-0.6188964844,3.8931298256, -10.4122133255, 31.3740463257
1351320067,0.1635742188,-0.8295898438,-0.6162109375,5.1145038605, -11.4809160233, 34.1526718140
1351330067,0.1679687500,-0.8562011719,-0.6198730469,5.5572519302, -12.2748088837, 36.3358764648
1351340067,0.1845703125,-0.8571777344,-0.6245117188,4.9923663139, -11.6793889999, 36.2748107910
1351350067,0.2055664062,-0.8857421875,-0.6225585938,5.9694657326, -9.5419845581, 33.6335868835
1351360067,0.1794433594,-0.8735351562,-0.6069335938,5.5114502907, -7.5267176628, 31.0839691162
1351370067,0.1689453125,-0.8649902344,-0.5979003906,4.3664121628, -5.8167939186, 30.1221370697
1351380067,0.1545410156,-0.8684082031,-0.5808105469,3.4809160233, -4.0458016396, 29.8931293488
1351390067,0.1276855469,-0.8552246094,-0.5708007812,2.7633588314, -4.6717557907, 30.1984729767
1351400067,0.1235351562,-0.8481445312,-0.5634765625,2.2595419884, -7.0229005814, 30.4274806976
1351410067,0.1057128906,-0.8339843750,-0.5876464844,0.7786259651, -9.5419845581, 30.6412220001
1351420067,0.1335449219,-0.8366699219,-0.6096191406,2.1984732151, -8.5648851395, 31.7099227905
1351430067,0.1445312500,-0.8344726562,-0.6315917969,3.0076336861, -6.6259541512, 33.7251892090
1351440067,0.1440429688,-0.8564453125,-0.6323242188,2.9770991802, -4.5190839767, 32.9312973022
1351450067,0.1340332031,-0.8735351562,-0.6425781250,4.0305342674, -1.2671755552, 31.3435115814
1351460067,0.1225585938,-0.8706054688,-0.6135253906,4.4732823372, 1.5725190639, 31.0534343719
1351470067,0.0969238281,-0.8671875000,-0.5859375000,4.6106872559, 2.1679389477, 30.4580154419
1351480215,0.0742187500,-0.8715820312,-0.5668945312,4.3816795349, 1.7404580116, 29.8931293488
1351490067,0.0651855469,-0.8669433594,-0.5637207031,3.8625953197, 0.2290076315, 29.0839691162
1351500067,0.0556640625,-0.8740234375,-0.5502929688,3.4198472500, -1.8167939186, 29.0381679535
1351510067,0.0473632812,-0.8369140625,-0.5654296875,1.7251908779, -4.5343513489, 30.9160308838
1351520067,0.0708007812,-0.8933105469,-0.5661621094,2.4580152035, -4.5954198837, 29.5877857208
1351530067,0.0737304688,-0.8647460938,-0.5812988281,1.2977099419, -2.5801527500, 27.6030540466
1351540067,0.0839843750,-0.8784179688,-0.5681152344,1.2366411686, 2.1679389477, 25.4656486511
1351550067,0.0285644531,-0.8574218750,-0.5761718750,-0.5496183038, 3.6488549709, 23.2519092560
1351560067,0.0197753906,-0.8674316406,-0.5451660156,-0.7938931584, 3.9083969593, 22.6259536743
1351570067,-0.0065917969,-0.8681640625,-0.5429687500,-2.7938930988, 0.6259542108, 22.7938938141
1351580067,-0.0070800781,-0.8896484375,-0.5495605469,-2.0916030407, -2.0610687733, 21.9389305115
1351590067,0.0349121094,-0.8774414062,-0.5524902344,-1.2061069012, -0.9007633328, 20.7938938141
1351600067,0.0004882812,-0.8598632812,-0.5900878906,-1.8167939186, -1.2366411686, 20.4732818604
1351610067,0.0346679688,-0.8811035156,-0.6013183594,-1.9083969593, 0.7175572515, 18.0763359070
1351620067,0.0263671875,-0.8757324219,-0.6311035156,-1.8473281860, 3.0687022209, 17.4351139069
1351630067,0.0336914062,-0.8728027344,-0.6364746094,-1.6183205843, 6.2290077209, 16.1832065582
1351640067,-0.0043945312,-0.8852539062,-0.6259765625,-1.6183205843, 7.6793894768, 15.7557249069
1351650067,0.0234375000,-0.8801269531,-0.5847167969,-1.1145038605, 7.4351143837, 15.3740453720
1351660067,0.0043945312,-0.9064941406,-0.5722656250,-0.2442748100, 8.9465646744, 11.1908397675
1351670067,-0.0380859375,-0.8798828125,-0.5898437500,-2.1068701744, 4.5038166046, 12.4274806976
1351680067,-0.0014648438,-0.8879394531,-0.5820312500,-1.2824426889, 2.4427480698, 13.7709922791
1351690067,0.0126953125,-0.8972167969,-0.5947265625,-1.8167939186, 0.0152671756, 15.2519083023
1351700067,0.0427246094,-0.9020996094,-0.5988769531,-1.0076335669, -0.0610687025, 13.8931293488
1351710067,0.0424804688,-0.8796386719,-0.6181640625,-1.2061069012, 1.2213740349, 12.2137403488
1351720067,0.0190429688,-0.8833007812,-0.6345214844,-1.8015266657, 0.5343511701, 11.6488552094
1351730067,0.0339355469,-0.8913574219,-0.6171875000,-0.0305343512, 5.8320612907, 9.0381679535
1351740067,-0.0156250000,-0.8503417969,-0.6162109375,-1.9236640930, 4.4427480698, 12.0458011627
1351750067,-0.0056152344,-0.8820800781,-0.5793457031,-1.3740458488, 3.9389312267, 14.0458011627
1351760067,-0.0134277344,-0.9094238281,-0.5524902344,0.2748091519, 3.8931298256, 13.9694652557
1351770067,-0.0500488281,-0.8908691406,-0.5739746094,0.4122137427, 0.6717557311, 14.1526718140
1351780067,-0.0371093750,-0.8908691406,-0.5454101562,1.4656488895, -2.8549618721, 14.8854961395
1351790067,-0.0642089844,-0.8964843750,-0.5610351562,1.9389313459, -3.9389312267, 12.4885492325
1351800067,-0.0617675781,-0.8801269531,-0.5776367188,1.8015266657, -5.2519083023, 10.5801525116
1351810067,-0.0415039062,-0.8786621094,-0.6047363281,1.7099236250, -5.9847326279, 11.0229005814
1351820067,-0.0168457031,-0.9062500000,-0.6140136719,2.6412212849, -2.7328243256, 6.8854961395
1351830067,-0.0375976562,-0.8750000000,-0.6435546875,2.2900762558, -2.7022900581, 4.9160304070
1351840067,-0.0300292969,-0.8859863281,-0.6447753906,2.6870229244, -1.5267175436, 3.0992367268
1351850067,-0.0170898438,-0.8830566406,-0.6276855469,3.4351146221, 1.4351145029, 1.7251908779
1351860067,-0.0175781250,-0.8872070312,-0.6259765625,3.9389312267, 1.9847328663, 1.2519084215
1351870067,-0.0163574219,-0.8781738281,-0.6372070312,4.2748093605, 1.9236640930, 0.5038167834
1351880067,-0.0158691406,-0.8715820312,-0.6416015625,5.7251906395, 4.8091602325, -1.6183205843
1351890067,-0.0229492188,-0.8696289062,-0.6274414062,6.3358778954, 5.9694657326, -1.5572519302
1351900067,-0.0239257812,-0.8559570312,-0.6237792969,6.4885497093, 6.3816795349, -2.4885497093
1351910067,-0.0102539062,-0.8535156250,-0.6049804688,6.9160304070, 7.0229005814, -4.0763359070
1351920067,-0.0043945312,-0.8571777344,-0.5954589844,6.9312977791, 7.8625955582, -3.7557251453
1351930067,0.0014648438,-0.8730468750,-0.5805664062,7.4809160233, 10.3358774185, -6.4427480698
1351940067,0.0000000000,-0.8674316406,-0.5622558594,6.8702292442, 9.5267171860, -5.5572519302
1351950067,-0.0163574219,-0.8840332031,-0.5456542969,5.9694657326, 9.2061071396, -6.0916032791
1351960067,-0.0168457031,-0.8635253906,-0.5317382812,4.8549618721, 8.7480916977, -7.6946563721
1351970067,0.0131835938,-0.8527832031,-0.5117187500,3.4351146221, 7.4656486511, -7.2213740349
1351980067,0.0314941406,-0.8588867188,-0.4860839844,2.1679389477, 5.3282442093, -5.4351143837
1351990067,0.0253906250,-0.8691406250,-0.4812011719,1.7251908779, 3.1755726337, -5.6793894768
1352000067,0.0175781250,-0.8652343750,-0.4924316406,2.2748091221, 1.4656488895, -3.5572519302
1352010067,-0.0024414062,-0.8623046875,-0.5102539062,1.9541984797, -1.7404580116, 1.0992366076
1352020067,-0.0085449219,-0.8803710938,-0.5190429688,1.7251908779, -4.6106872559, 2.0610687733
1352030067,-0.0156250000,-0.8835449219,-0.5466308594,1.4961831570, -5.7709922791, 1.6488549709
1352040067,-0.0104980469,-0.8884277344,-0.5739746094,0.7175572515, -5.2366414070, 3.2671756744
1352050067,0.0083007812,-0.9060058594,-0.5942382812,0.1832061112, -3.0381679535, 4.9770994186
1352060067,0.0197753906,-0.9084472656,-0.5891113281,-0.0305343512, -0.7786259651, 4.3358778954
1352070067,0.0144042969,-0.9020996094,-0.5749511719,0.2137404531, 0.2900763452, 1.8473281860
1352080067,-0.0014648438,-0.8996582031,-0.5666503906,0.3358778656, 0.4580152631, 0.5038167834
1352090067,-0.0078125000,-0.8945312500,-0.5573730469,0.5954198241, -1.2061069012, -0.5343511701
1352100067,-0.0058593750,-0.9011230469,-0.5668945312,0.6717557311, -3.0534350872, -1.5877863169
1352110067,-0.0048828125,-0.8872070312,-0.5756835938,0.9312977195, -3.4961831570, -2.9923663139
1352120067,0.0007324219,-0.8886718750,-0.5898437500,1.2977099419, -2.4427480698, -4.8396945000
1352130067,0.0112304688,-0.8771972656,-0.5937500000,1.7251908779, -1.9847328663, -0.7175572515
1352140067,0.0097656250,-0.8786621094,-0.6081542969,1.8167939186, 0.1374045759, -1.4198473692
1352150067,-0.0012207031,-0.8833007812,-0.5937500000,1.8625954390, 2.5648853779, -2.7022900581
1352160067,-0.0156250000,-0.8862304688,-0.5922851562,2.8549618721, 4.9770994186, -5.0992364883
1352170067,-0.0302734375,-0.8613281250,-0.5778808594,2.7022900581, 4.8702292442, -1.3587785959
1352180067,-0.0319824219,-0.8708496094,-0.5441894531,2.2137403488, 4.6717557907, -0.8549618125
1352190067,-0.0249023438,-0.8952636719,-0.5539550781,2.0305342674, 3.5877861977, -3.8167939186
1352200067,-0.0114746094,-0.8803710938,-0.5556640625,1.4045801163, 1.9083969593, -4.4122138023
1352210067,-0.0117187500,-0.8952636719,-0.5737304688,1.0839694738, 1.5419846773, -4.0763359070
1352220067,-0.0061035156,-0.9096679688,-0.5905761719,1.1908396482, 2.9007632732, -5.5114502907
1352230067,-0.0009765625,-0.9008789062,-0.5810546875,0.9770992398, 4.9007635117, -5.9083967209
1352240067,-0.0014648438,-0.8830566406,-0.5761718750,1.1755725145, 6.5343513489, -5.2519083023
1352250067,-0.0043945312,-0.8825683594,-0.5629882812,1.2824426889, 7.4503817558, -5.7709922791
1352260067,-0.0026855469,-0.8818359375,-0.5568847656,1.3587785959, 7.6488547325, -6.4427480698
1352270067,0.0004882812,-0.8754882812,-0.5432128906,1.3893129826, 7.1145038605, -6.3206105232
1352280067,0.0012207031,-0.8947753906,-0.5405273438,1.9083969593, 6.6412215233, -7.0992364883
1352290067,0.0085449219,-0.8881835938,-0.5375976562,0.8244274855, 4.7480916977, -6.0458016396
1352300067,0.0048828125,-0.8994140625,-0.5427246094,0.9007633328, 3.1755726337, -6.9007635117
1352310067,-0.0026855469,-0.9006347656,-0.5556640625,0.5954198241, 2.0458016396, -9.1755723953
1352320067,0.0014648438,-0.9011230469,-0.5532226562,0.3664122224, 3.0381679535, -12.1068706512
1352330067,-0.0019531250,-0.9375000000,-0.5734863281,0.4274809062, 4.9007635117, -7.4809160233
1352340067,0.0319824219,-0.8637695312,-0.5556640625,-1.7251908779, 4.7938933372, -12.0916032791
1352350067,0.0217285156,-0.9035644531,-0.5541992188,0.6412213445, 7.2366414070, -12.7175569534
1352360067,0.0036621094,-0.8745117188,-0.5485839844,0.5343511701, 6.5496182442, -10.8396949768
1352370067,-0.0036621094,-0.9008789062,-0.5314941406,0.7022900581, 4.4427480698, -10.4885492325
1352380067,0.0004882812,-0.9162597656,-0.5405273438,0.8244274855, 3.7404580116, -14.8244276047
1352390067,0.0100097656,-0.8901367188,-0.5415039062,0.4122137427, 4.5038166046, -19.5725193024
1352400067,0.0134277344,-0.8737792969,-0.5539550781,0.0458015278, 3.9847328663, -16.5801525116
1352410067,-0.0019531250,-0.9357910156,-0.5485839844,-0.3969465792, 4.8702292442, -10.8549613953
1352420067,0.0283203125,-0.8547363281,-0.5659179688,-2.9618320465, 3.0381679535, -25.0992374420
1352430067,0.0329589844,-0.8750000000,-0.5688476562,-0.5801526904, 4.9618320465, -21.0381679535
1352440067,0.0097656250,-0.8781738281,-0.5751953125,-0.0152671756, 6.6412215233, -16.0610694885
1352450067,0.0122070312,-0.9023437500,-0.5742187500,-0.0916030556, 6.6412215233, -16.7175579071
1352460067,0.0280761719,-0.9211425781,-0.5761718750,0.8244274855, 6.8854961395, -19.6793899536
1352470067,0.0268554688,-0.9187011719,-0.5656738281,0.9312977195, 6.8702292442, -19.2977104187
1352480215,0.0219726562,-0.9685058594,-0.5761718750,0.7175572515, 7.0534353256, -15.5267171860
1352490067,0.0405273438,-0.8728027344,-0.5700683594,-1.1603053808, 6.5496182442, -25.4656486511
1352500067,0.0534667969,-0.8867187500,-0.5480957031,0.0000000000, 6.9007635117, -22.4580154419
1352510067,0.0478515625,-0.8884277344,-0.5495605469,0.2290076315, 8.4274806976, -18.2595424652
1352520067,0.0405273438,-0.9206542969,-0.5576171875,0.2595419884, 7.6946563721, -18.2290077209
1352530067,0.0424804688,-0.9387207031,-0.5546875000,0.1221374050, 6.5343513489, -18.5038166046
1352540067,0.0417480469,-0.9047851562,-0.5625000000,-1.1297709942, 5.2366414070, -27.4961833954
1352550067,0.0534667969,-0.9050292969,-0.5546875000,0.2595419884, 6.0000000000, -28.4427490234
1352560067,0.0554199219,-0.8859863281,-0.5793457031,1.2061069012, 8.6259546280, -23.0381679535
1352570067,0.0524902344,-0.9143066406,-0.5654296875,1.2519084215, 10.4885492325, -23.3740463257
1352580067,0.0576171875,-0.9484863281,-0.5456542969,1.3129770756, 10.6870231628, -27.9541988373
1352590067,0.0737304688,-0.9008789062,-0.5578613281,0.2290076315, 9.3893127441, -29.6335868835
1352600067,0.0771484375,-0.9104003906,-0.5400390625,0.7022900581, 8.5954198837, -27.4809169769
1352610067,0.0771484375,-0.9304199219,-0.5698242188,0.7328244448, 9.6946563721, -26.8244266510
1352620067,0.0915527344,-0.8813476562,-0.5698242188,-0.8702290058, 9.4656486511, -33.8473281860
1352630067,0.1003417969,-0.8891601562,-0.5485839844,0.6564885378, 11.6641225815, -33.0076332092
1352640067,0.0922851562,-0.8876953125,-0.5615234375,0.6870229244, 12.1679391861, -27.6641216278
1352650067,0.0910644531,-0.9228515625,-0.5427246094,0.0458015278, 11.1908397675, -28.8549613953
1352660067,0.1123046875,-0.9091796875,-0.5515136719,0.0916030556, 10.2595415115, -34.4885482788
1352670067,0.1123046875,-0.9072265625,-0.5541992188,0.6870229244, 10.6259546280, -34.5954208374
1352680067,0.1027832031,-0.9243164062,-0.5603027344,0.3206106722, 11.7099237442, -31.6335868835
1352690067,0.1181640625,-0.9284667969,-0.5661621094,-0.7480915785, 12.2137403488, -33.9541969299
1352700067,0.1311035156,-0.9287109375,-0.5556640625,-1.0534350872, 12.5496187210, -36.6259536743
1352710067,0.1267089844,-0.9155273438,-0.5490722656,-0.8702290058, 12.4580154419, -37.7404594421
1352720067,0.1411132812,-0.9062500000,-0.5524902344,-0.1374045759, 13.1297712326, -34.2595405579
1352730067,0.1584472656,-0.9230957031,-0.5517578125,0.0305343512, 12.5038166046, -35.8931312561
1352740067,0.1716308594,-0.9160156250,-0.5581054688,0.3358778656, 12.1526718140, -41.1450386047
1352750067,0.1787109375,-0.8955078125,-0.5522460938,1.5572519302, 14.6106872559, -38.7633590698
1352760067,0.1599121094,-0.8957519531,-0.5583496094,1.6183205843, 15.8015270233, -38.3358764648
1352770067,0.1638183594,-0.9172363281,-0.5505371094,1.6335878372, 15.9389314651, -39.2213745117
