time,xacc,yacc,zacc,xgyro,ygyro,zgyro
860050067,1.0541992188,-0.2321777344,-0.4470214844,-1.5725190639, 1.6793893576, -1.7709923983
860060067,1.0607910156,-0.2382812500,-0.4548339844,-1.4503816366, 1.9694656134, -1.7404580116
860070067,1.0529785156,-0.2333984375,-0.4531250000,-1.5114504099, 2.3206107616, -1.4045801163
860080067,1.0498046875,-0.2275390625,-0.4506835938,-1.9541984797, 2.2137403488, -1.2061069012
860090067,1.0515136719,-0.2373046875,-0.4433593750,-1.5877863169, 2.1526718140, -1.2977099419
860100067,1.0515136719,-0.2346191406,-0.4526367188,-2.0152671337, 1.5572519302, -1.4961831570
860110067,1.0576171875,-0.2355957031,-0.4501953125,-1.7862595320, 1.0687023401, -1.6946564913
860120067,1.0549316406,-0.2321777344,-0.4516601562,-1.9083969593, 0.5801526904, -2.0610687733
860130067,1.0632324219,-0.2280273438,-0.4436035156,-1.5572519302, 0.4274809062, -1.8625954390
860140067,1.0646972656,-0.2302246094,-0.4519042969,-1.4809160233, 0.3206106722, -1.4198473692
860150067,1.0568847656,-0.2348632812,-0.4433593750,-1.6030534506, 0.3053435087, -1.3129770756
860160067,1.0612792969,-0.2302246094,-0.4526367188,-1.8778625727, 0.3664122224, -1.6030534506
860170067,1.0639648438,-0.2434082031,-0.4541015625,-1.8320610523, 0.9770992398, -2.3969466686
860180067,1.0625000000,-0.2326660156,-0.4550781250,-1.8625954390, 1.8473281860, -2.2748091221
860190067,1.0632324219,-0.2329101562,-0.4516601562,-1.8625954390, 2.5801527500, -1.4961831570
860200067,1.0546875000,-0.2314453125,-0.4543457031,-1.4809160233, 2.5038168430, -0.2442748100
860210067,1.0502929688,-0.2321777344,-0.4592285156,-1.2519084215, 1.8167939186, 0.2748091519
860220067,1.0517578125,-0.2346191406,-0.4489746094,-1.1755725145, 1.4656488895, -0.1832061112
860230067,1.0441894531,-0.2331542969,-0.4470214844,-1.2519084215, 1.9236640930, -0.5801526904
860240067,1.0534667969,-0.2314453125,-0.4621582031,-1.7404580116, 2.7022900581, -1.7099236250
860250067,1.0490722656,-0.2348632812,-0.4665527344,-1.8167939186, 3.8473281860, -2.7633588314
860260067,1.0517578125,-0.2333984375,-0.4650878906,-1.8625954390, 4.9770994186, -3.3129770756
860270067,1.0483398438,-0.2314453125,-0.4558105469,-1.7862595320, 5.3893127441, -3.3435113430
860280067,1.0495605469,-0.2297363281,-0.4445800781,-1.6183205843, 4.6564884186, -2.8702290058
860290067,1.0544433594,-0.2292480469,-0.4348144531,-1.4351145029, 3.1145038605, -1.9236640930
860300067,1.0605468750,-0.2331542969,-0.4318847656,-1.1908396482, 1.5877863169, -1.8931298256
860310067,1.0571289062,-0.2329101562,-0.4401855469,-1.3587785959, 0.2900763452, -2.0305342674
860320067,1.0603027344,-0.2363281250,-0.4396972656,-1.4351145029, -0.4427480996, -2.0610687733
860330067,1.0678710938,-0.2363281250,-0.4338378906,-1.4809160233, -0.2137404531, -2.2900762558
860340067,1.0610351562,-0.2368164062,-0.4477539062,-1.6793893576, -0.2290076315, -2.3969466686
860350067,1.0634765625,-0.2329101562,-0.4533691406,-1.8473281860, 0.4732824564, -2.5038168430
860360067,1.0573730469,-0.2402343750,-0.4602050781,-1.8473281860, 0.6412213445, -2.2595419884
860370067,1.0634765625,-0.2375488281,-0.4541015625,-1.7709923983, 0.9160305262, -2.2137403488
860380067,1.0532226562,-0.2409667969,-0.4606933594,-1.9389313459, 1.3893129826, -1.7862595320
860390067,1.0676269531,-0.2329101562,-0.4616699219,-1.9847328663, 1.5114504099, -1.4656488895
860400067,1.0661621094,-0.2287597656,-0.4555664062,-1.6946564913, 1.7404580116, -1.1603053808
860410067,1.0600585938,-0.2321777344,-0.4528808594,-1.7251908779, 1.9236640930, -1.0381679535
860420067,1.0512695312,-0.2353515625,-0.4541015625,-1.6335878372, 1.5725190639, -0.8702290058
860430067,1.0471191406,-0.2346191406,-0.4477539062,-1.5267175436, 1.3740458488, -1.0076335669
860440067,1.0527343750,-0.2338867188,-0.4499511719,-1.6030534506, 1.1450381279, -1.1297709942
860450067,1.0517578125,-0.2329101562,-0.4458007812,-1.5419846773, 0.8702290058, -1.0229008198
860460067,1.0537109375,-0.2282714844,-0.4455566406,-1.5267175436, 0.5038167834, -0.8702290058
860470067,1.0583496094,-0.2309570312,-0.4428710938,-1.3740458488, 0.4274809062, -1.2824426889
860480266,1.0546875000,-0.2341308594,-0.4404296875,-1.6030534506, 0.5190839767, -1.2061069012
860490067,1.0637207031,-0.2272949219,-0.4514160156,-1.4809160233, 0.5954198241, -1.4809160233
860500067,1.0595703125,-0.2275390625,-0.4555664062,-1.6946564913, 1.0992366076, -1.6030534506
860510067,1.0551757812,-0.2280273438,-0.4533691406,-1.8473281860, 1.9389313459, -1.8778625727
860520067,1.0568847656,-0.2365722656,-0.4658203125,-1.6793893576, 2.2290077209, -2.0000000000
860530067,1.0539550781,-0.2321777344,-0.4511718750,-1.7404580116, 2.3358778954, -1.8473281860
860540067,1.0561523438,-0.2387695312,-0.4545898438,-2.1221373081, 2.0000000000, -1.9847328663
860550067,1.0600585938,-0.2358398438,-0.4414062500,-1.5725190639, 1.3893129826, -1.8778625727
860560067,1.0600585938,-0.2312011719,-0.4504394531,-1.7709923983, 0.6564885378, -1.9847328663
860570067,1.0646972656,-0.2304687500,-0.4414062500,-1.7251908779, 0.2748091519, -2.1221373081
860580067,1.0485839844,-0.2368164062,-0.4467773438,-1.6641221046, 0.2900763452, -1.8625954390
860590067,1.0590820312,-0.2336425781,-0.4409179688,-1.8320610523, 0.4885496199, -2.0458016396
860600067,1.0517578125,-0.2321777344,-0.4577636719,-1.9083969593, 0.9160305262, -2.0610687733
860610067,1.0559082031,-0.2250976562,-0.4479980469,-1.8167939186, 1.2061069012, -1.8320610523
860620067,1.0546875000,-0.2312011719,-0.4548339844,-1.6793893576, 1.1297709942, -1.7251908779
860630067,1.0559082031,-0.2348632812,-0.4501953125,-1.6793893576, 1.6335878372, -1.4809160233
860640067,1.0610351562,-0.2331542969,-0.4531250000,-1.6335878372, 1.6183205843, -1.6946564913
860650067,1.0551757812,-0.2331542969,-0.4533691406,-1.6946564913, 1.6335878372, -1.8778625727
860660067,1.0541992188,-0.2346191406,-0.4433593750,-1.8320610523, 1.5877863169, -1.9541984797
860670067,1.0551757812,-0.2270507812,-0.4541015625,-1.7862595320, 1.4351145029, -1.9847328663
860680067,1.0502929688,-0.2343750000,-0.4526367188,-1.6946564913, 1.1297709942, -2.0610687733
860690067,1.0566406250,-0.2382812500,-0.4536132812,-1.5267175436, 1.1297709942, -2.0305342674
860700067,1.0554199219,-0.2336425781,-0.4418945312,-1.4809160233, 1.0229008198, -1.6335878372
860710067,1.0539550781,-0.2358398438,-0.4426269531,-1.4809160233, 1.1603053808, -1.5114504099
860720067,1.0605468750,-0.2299804688,-0.4523925781,-1.7709923983, 1.4809160233, -0.9618320465
860730067,1.0541992188,-0.2304687500,-0.4494628906,-1.3435114622, 2.2748091221, -0.7328244448
860740067,1.0585937500,-0.2321777344,-0.4504394531,-1.4961831570, 2.3969466686, -0.5801526904
860750067,1.0512695312,-0.2338867188,-0.4531250000,-1.7557251453, 2.2290077209, -1.0839694738
860760067,1.0598144531,-0.2329101562,-0.4523925781,-2.0458016396, 1.6793893576, -1.5572519302
860770067,1.0554199219,-0.2309570312,-0.4440917969,-2.0305342674, 1.0687023401, -1.8320610523
860780067,1.0588378906,-0.2368164062,-0.4494628906,-2.0763359070, 0.1221374050, -1.9083969593
860790067,1.0639648438,-0.2341308594,-0.4497070312,-1.6030534506, -0.1832061112, -2.1984732151
860800067,1.0578613281,-0.2358398438,-0.4443359375,-1.5725190639, -0.2595419884, -1.7099236250
860810067,1.0629882812,-0.2272949219,-0.4504394531,-1.4503816366, -0.1984732896, -1.2671755552
860820067,1.0556640625,-0.2224121094,-0.4479980469,-1.5419846773, -0.1526717544, -1.2213740349
860830067,1.0646972656,-0.2333984375,-0.4438476562,-1.8015266657, 0.4885496199, -1.8625954390
860840067,1.0612792969,-0.2348632812,-0.4460449219,-1.8625954390, 1.4809160233, -1.8167939186
860850067,1.0573730469,-0.2343750000,-0.4550781250,-1.9389313459, 2.4732823372, -1.4656488895
860860067,1.0576171875,-0.2263183594,-0.4562988281,-1.8473281860, 2.6412212849, -0.4885496199
860870067,1.0502929688,-0.2333984375,-0.4553222656,-1.3587785959, 2.1068701744, 0.1526717544
860880067,1.0510253906,-0.2346191406,-0.4489746094,-1.0534350872, 1.8625954390, 0.2595419884
860890067,1.0510253906,-0.2258300781,-0.4533691406,-1.3129770756, 2.2595419884, -0.2748091519
860900067,1.0476074219,-0.2226562500,-0.4514160156,-1.2977099419, 2.8854961395, -1.5267175436
860910067,1.0478515625,-0.2363281250,-0.4687500000,-1.6183205843, 3.9236640930, -3.0381679535
860920067,1.0490722656,-0.2316894531,-0.4599609375,-1.8625954390, 4.8396945000, -3.7404580116
860930067,1.0485839844,-0.2341308594,-0.4567871094,-2.0000000000, 5.1297707558, -3.7862596512
860940067,1.0532226562,-0.2260742188,-0.4431152344,-1.7862595320, 4.4427480698, -3.2977099419
860950067,1.0534667969,-0.2294921875,-0.4343261719,-1.6946564913, 3.1450381279, -2.4122138023
860960067,1.0588378906,-0.2297363281,-0.4345703125,-1.2824426889, 1.2366411686, -1.7557251453
860970067,1.0588378906,-0.2414550781,-0.4343261719,-1.2366411686, -0.3206106722, -1.5419846773
860980067,1.0734863281,-0.2292480469,-0.4355468750,-1.4809160233, -0.8549618125, -1.6488549709
860990067,1.0705566406,-0.2341308594,-0.4494628906,-1.3129770756, -0.8549618125, -1.6030534506
861000067,1.0722656250,-0.2380371094,-0.4421386719,-1.5267175436, 0.0458015278, -2.1374046803
861010067,1.0639648438,-0.2443847656,-0.4475097656,-1.5725190639, 0.6106870174, -2.2595419884
861020067,1.0686035156,-0.2343750000,-0.4414062500,-1.7862595320, 0.9007633328, -2.4427480698
861030067,1.0654296875,-0.2358398438,-0.4475097656,-2.0152671337, 0.8702290058, -2.1832060814
861040067,1.0593261719,-0.2277832031,-0.4494628906,-1.8015266657, 0.9923664331, -2.1374046803
861050068,1.0522460938,-0.2333984375,-0.4509277344,-1.8625954390, 1.0076335669, -1.6488549709
861060067,1.0588378906,-0.2299804688,-0.4562988281,-1.7099236250, 1.6335878372, -1.2519084215
861070067,1.0605468750,-0.2309570312,-0.4572753906,-1.7099236250, 1.5725190639, -0.9465649128
861080067,1.0573730469,-0.2324218750,-0.4482421875,-1.5419846773, 1.7862595320, -0.9312977195
861090067,1.0437011719,-0.2353515625,-0.4516601562,-1.5419846773, 1.8473281860, -0.9465649128
861100067,1.0529785156,-0.2326660156,-0.4443359375,-1.7251908779, 1.6335878372, -0.9923664331
861110067,1.0500488281,-0.2380371094,-0.4414062500,-1.5267175436, 1.0687023401, -1.0839694738
861120067,1.0510253906,-0.2319335938,-0.4382324219,-1.8167939186, 0.2748091519, -0.8854961991
861130067,1.0471191406,-0.2304687500,-0.4465332031,-1.7099236250, -0.2748091519, -1.4351145029
861140067,1.0646972656,-0.2282714844,-0.4584960938,-1.6183205843, -0.0610687025, -1.2977099419
861150067,1.0590820312,-0.2329101562,-0.4560546875,-1.3587785959, 0.3206106722, -1.3129770756
861160067,1.0598144531,-0.2321777344,-0.4602050781,-1.6030534506, 1.2519084215, -1.7404580116
861170067,1.0615234375,-0.2280273438,-0.4514160156,-1.8931298256, 1.8931298256, -1.6030534506
861180067,1.0502929688,-0.2302246094,-0.4594726562,-1.6488549709, 2.4427480698, -1.8015266657
861190067,1.0551757812,-0.2319335938,-0.4479980469,-1.7251908779, 2.1984732151, -1.8320610523
861200067,1.0537109375,-0.2333984375,-0.4445800781,-1.7862595320, 1.7709923983, -1.8015266657
861210067,1.0651855469,-0.2314453125,-0.4465332031,-1.8320610523, 1.0381679535, -1.8015266657
861220067,1.0676269531,-0.2297363281,-0.4467773438,-1.6641221046, 0.6412213445, -1.7404580116
861230067,1.0817871094,-0.2380371094,-0.4382324219,-1.6335878372, 0.4885496199, -1.8015266657
861240067,1.0944824219,-0.2434082031,-0.4450683594,-1.6946564913, 0.9312977195, -2.2595419884
861250067,1.1225585938,-0.2463378906,-0.4597167969,-1.6946564913, 1.3282443285, -2.6412212849
861260067,1.1496582031,-0.2492675781,-0.4753417969,-1.6793893576, 1.9083969593, -2.2137403488
861270067,1.1511230469,-0.2497558594,-0.4958496094,-0.8244274855, 5.7251906395, 2.2748091221
861280067,1.1135253906,-0.2436523438,-0.5112304688,-0.5954198241, 14.8702287674, 11.6183204651
861290067,1.0541992188,-0.2568359375,-0.5307617188,0.6717557311, 27.8778629303, 22.1221370697
861300067,0.9943847656,-0.2700195312,-0.4797363281,1.4656488895, 39.3740463257, 27.8473281860
861310067,0.9191894531,-0.2761230469,-0.4235839844,2.3206107616, 41.4656486511, 25.0687026978
861320067,0.8903808594,-0.2702636719,-0.3544921875,1.7862595320, 31.8473281860, 16.5343513489
861330067,0.9130859375,-0.2585449219,-0.3322753906,0.4274809062, 13.5114507675, 8.3816795349
861340067,0.9916992188,-0.2424316406,-0.3591308594,-0.5496183038, -4.0152673721, 2.9007632732
861350067,1.0903320312,-0.2500000000,-0.4335937500,-1.2824426889, -12.8549613953, 0.1832061112
861360067,1.1706542969,-0.2453613281,-0.4855957031,-1.7251908779, -9.6183204651, -2.7480916977
861370067,1.1547851562,-0.2202148438,-0.4919433594,-2.9770991802, 0.1221374050, -6.8396945000
861380067,1.0712890625,-0.2375488281,-0.4714355469,-2.7022900581, 10.2137403488, -10.8854961395
861390067,1.0131835938,-0.1982421875,-0.4189453125,-3.7251908779, 17.3129768372, -13.9236640930
861400067,0.9721679688,-0.1811523438,-0.3579101562,-5.0992364883, 20.6259536743, -13.7251911163
861410067,0.9763183594,-0.1479492188,-0.3024902344,-5.7099237442, 17.6946563721, -13.2671756744
861420067,0.9946289062,-0.1892089844,-0.2668457031,-6.6564884186, 8.9465646744, -5.0534353256
861430067,0.9694824219,-0.2404785156,-0.2426757812,-5.9847326279, -4.0305342674, -2.0916030407
861440067,0.9995117188,-0.2231445312,-0.2636718750,-4.9312977791, -17.7709922791, 3.2061069012
861450067,1.0671386719,-0.2302246094,-0.3283691406,-4.2595419884, -26.9923667908, 8.0000000000
861460067,1.0842285156,-0.2646484375,-0.4011230469,-2.5343511105, -30.7786254883, 9.2519083023
861470067,1.1240234375,-0.2673339844,-0.4792480469,-2.3358778954, -27.8625946045, 8.9770994186
861480219,1.1279296875,-0.2663574219,-0.5261230469,-1.7404580116, -20.1068706512, 9.9236640930
861490067,1.0947265625,-0.2695312500,-0.5490722656,0.0458015278, -11.7709922791, 12.1068706512
861500067,1.0336914062,-0.2761230469,-0.5290527344,1.5725190639, -5.3740458488, 12.2595415115
861510067,0.9628906250,-0.2834472656,-0.4802246094,2.8702290058, -3.6183207035, 10.6870231628
861520067,0.9438476562,-0.2568359375,-0.4160156250,1.7557251453, -5.7404580116, 8.8396949768
861530067,0.9335937500,-0.2563476562,-0.3547363281,-0.1832061112, -11.1755723953, 9.8167934418
861540067,0.9680175781,-0.2656250000,-0.3408203125,-2.2595419884, -15.9083967209, 10.0610685349
861550067,1.0275878906,-0.2797851562,-0.3137207031,-3.6335878372, -19.8778629303, 10.2748088837
861560067,1.0837402344,-0.3100585938,-0.3022460938,-3.9389312267, -22.9770984650, 9.3587789536
861570067,1.1044921875,-0.3366699219,-0.3054199219,-2.9312977791, -26.3816795349, 6.8091602325
861580067,1.0773925781,-0.3510742188,-0.3227539062,-1.0992366076, -30.8244266510, 3.0534350872
861590067,1.0251464844,-0.3310546875,-0.3596191406,3.3129770756, -35.0228996277, 1.8167939186
861600067,0.9768066406,-0.3005371094,-0.3977050781,8.1374044418, -38.6412200928, 4.0610685349
861610067,0.9565429688,-0.2871093750,-0.4418945312,10.9770994186, -39.8778610229, 3.3129770756
861620067,0.9802246094,-0.2841796875,-0.4853515625,11.2213745117, -38.8854980469, -2.4580152035
861630067,1.0061035156,-0.2553710938,-0.4875488281,9.9847326279, -36.9160308838, -7.2366414070
861640067,1.0200195312,-0.2343750000,-0.4812011719,8.8702287674, -32.4274826050, -6.2137403488
861650067,1.0380859375,-0.2351074219,-0.4731445312,7.7099237442, -27.4809169769, -2.5343511105
861660067,1.0681152344,-0.2734375000,-0.4670410156,7.3587784767, -24.2442741394, -0.8396946788
861670067,1.0778808594,-0.2785644531,-0.4416503906,7.1145038605, -27.0381679535, -0.0152671756
861680067,1.0534667969,-0.3220214844,-0.4296875000,8.7175569534, -34.5648841858, -2.7175571918
861690067,1.0485839844,-0.3315429688,-0.4694824219,10.3664121628, -39.4961814880, -5.9236640930
861700067,1.0478515625,-0.2907714844,-0.5065917969,12.0000000000, -40.0000000000, -5.6641221046
861710067,1.0292968750,-0.2639160156,-0.5456542969,12.3969469070, -38.8854980469, -1.2061069012
861720067,1.0285644531,-0.2602539062,-0.5681152344,13.0839691162, -36.8702278137, 5.2824425697
861730067,1.0402832031,-0.2709960938,-0.5876464844,13.7099237442, -36.3206100464, 6.6564884186
861740067,1.0788574219,-0.2094726562,-0.6108398438,12.2290077209, -37.2366409302, 9.1603050232
861750067,1.0947265625,-0.2602539062,-0.5974121094,13.1145038605, -39.1145019531, 7.4503817558
861760067,1.1025390625,-0.2014160156,-0.6164550781,13.0229005814, -39.5877876282, 6.7328243256
861770067,1.1083984375,-0.2043457031,-0.6147460938,13.2519083023, -39.3129768372, 7.7709922791
861780067,1.1022949219,-0.2031250000,-0.6340332031,13.4961833954, -38.2137413025, 8.8091602325
861790067,1.0703125000,-0.1909179688,-0.6516113281,10.7022905350, -36.4885482788, 12.0305347443
861800067,1.0424804688,-0.1669921875,-0.6474609375,10.4580154419, -34.1068687439, 14.3664121628
861810067,1.0166015625,-0.1411132812,-0.6276855469,10.0305347443, -34.1068687439, 18.4122142792
861820067,1.0175781250,-0.1569824219,-0.6120605469,11.9236640930, -36.3511466980, 16.5190830231
861830067,1.0168457031,-0.1938476562,-0.6245117188,12.4274806976, -36.9923667908, 21.2824420929
861840067,1.0021972656,-0.1560058594,-0.6486816406,11.2977094650, -36.7786254883, 23.0534343719
861850067,1.0090332031,-0.1408691406,-0.6640625000,11.2977094650, -36.0000000000, 24.3206100464
861860067,1.0273437500,-0.1457519531,-0.6550292969,13.5572519302, -34.2290077209, 23.4656486511
861870067,1.0183105469,-0.1140136719,-0.6447753906,11.5267171860, -31.4198474884, 27.9847335815
861880067,0.9860839844,-0.1604003906,-0.6157226562,10.9770994186, -30.3206100464, 27.6793899536
861890067,0.9272460938,-0.1706542969,-0.5886230469,13.4656486511, -31.8625946045, 21.3893127441
861900067,0.9055175781,-0.1545410156,-0.5869140625,11.5725193024, -33.8625946045, 27.6030540466
861910067,0.8935546875,-0.2207031250,-0.5947265625,14.0305347443, -33.9083976746, 28.6412220001
861920067,0.9162597656,-0.2253417969,-0.5864257812,15.5572519302, -33.3893127441, 26.5801525116
861930067,0.9431152344,-0.2524414062,-0.6000976562,15.9541988373, -32.4274826050, 30.0458011627
861940067,0.9443359375,-0.2954101562,-0.6013183594,17.8015270233, -32.0610694885, 29.7099227905
861950067,0.9067382812,-0.3081054688,-0.6254882812,16.6564884186, -32.2137413025, 32.0152664185
861960067,0.8796386719,-0.3378906250,-0.6457519531,17.3282451630, -31.0839691162, 27.9083976746
861970067,0.8769531250,-0.3171386719,-0.6582031250,16.7633590698, -29.1603050232, 27.2824420929
861980067,0.8945312500,-0.3198242188,-0.6799316406,15.7862596512, -26.8091602325, 27.6641216278
861990067,0.8725585938,-0.3469238281,-0.6708984375,16.6717548370, -26.2900772095, 26.8702297211
862000067,0.8940429688,-0.3422851562,-0.6772460938,15.9389314651, -24.6564884186, 27.1603050232
862010067,0.8930664062,-0.3537597656,-0.6850585938,16.4580154419, -23.7709922791, 24.2900772095
862020067,0.8784179688,-0.3520507812,-0.6574707031,17.5114498138, -24.3664131165, 24.5038166046
862030067,0.8762207031,-0.3642578125,-0.6938476562,16.6717548370, -21.9694652557, 27.0839691162
862040067,0.8808593750,-0.4748535156,-0.6950683594,17.6335868835, -18.5038166046, 31.1908397675
862050067,0.8388671875,-0.5139160156,-0.7065429688,18.4580154419, -18.0152664185, 29.8473281860
862060067,0.8505859375,-0.4929199219,-0.7368164062,17.5419845581, -16.3053436279, 29.9236640930
862070067,0.8457031250,-0.5573730469,-0.7490234375,17.5572509766, -13.2366409302, 32.5648841858
862080067,0.8322753906,-0.5026855469,-0.7629394531,16.9770984650, -6.4427480698, 27.9694652557
862090067,0.7802734375,-0.4812011719,-0.7248535156,16.1374053955, -4.7328243256, 30.7175579071
862100067,0.8249511719,-0.4941406250,-0.7016601562,16.0000000000, -5.3893127441, 42.2595405579
862110067,0.8007812500,-0.5019531250,-0.6740722656,17.3893127441, -6.6564884186, 37.8778610229
862120067,0.8217773438,-0.4174804688,-0.6674804688,17.2519092560, -9.0534353256, 35.5877876282
862130067,0.8703613281,-0.5756835938,-0.6948242188,18.2748088837, -6.4427480698, 44.6564903259
862140067,0.8625488281,-0.5075683594,-0.6752929688,19.6946563721, -2.1679389477, 34.2290077209
862150067,0.8464355469,-0.3925781250,-0.6726074219,20.2748088837, 1.2824426889, 38.3816795349
862160067,0.8342285156,-0.5104980469,-0.6674804688,19.8167934418, 6.4580154419, 34.7938919067
862170067,0.7907714844,-0.4960937500,-0.6420898438,18.4274806976, 8.3206110001, 32.7633590698
862180067,0.7529296875,-0.5576171875,-0.6289062500,17.8778629303, 6.1374044418, 31.9541988373
862190067,0.7233886719,-0.5295410156,-0.6625976562,16.5038166046, 5.1297707558, 35.3893127441
862200067,0.7470703125,-0.5246582031,-0.6743164062,16.0000000000, 5.8473281860, 38.1068687439
862210067,0.7504882812,-0.5427246094,-0.6853027344,17.2061061859, 6.8244276047, 39.0076332092
862220067,0.7600097656,-0.5217285156,-0.6933593750,17.7404575348, 7.5725193024, 42.5190849304
862230067,0.7951660156,-0.5717773438,-0.6701660156,19.7099227905, 8.4122133255, 40.9007644653
862240067,0.8012695312,-0.6140136719,-0.6682128906,20.8854961395, 8.7175569534, 41.1297721863
862250067,0.8264160156,-0.5732421875,-0.6672363281,20.0000000000, 9.4351148605, 41.5725173950
862260067,0.8261718750,-0.5268554688,-0.6437988281,21.3587779999, 9.5725193024, 45.2366409302
862270069,0.8144531250,-0.5520019531,-0.6357421875,21.2519092560, 8.5343513489, 48.0305328369
862280067,0.7944335938,-0.5749511719,-0.6276855469,23.4198474884, 9.0229005814, 45.9236640930
862290067,0.7463378906,-0.5776367188,-0.6169433594,23.2213745117, 8.5496187210, 44.5190849304
862300067,0.7531738281,-0.5642089844,-0.6008300781,25.4503822327, 8.2900762558, 40.8549613953
862310067,0.7407226562,-0.6047363281,-0.6367187500,24.0305347443, 7.0839695930, 43.0839691162
862320067,0.7724609375,-0.5822753906,-0.6420898438,24.4427490234, 9.9236640930, 41.9694671631
862330067,0.7531738281,-0.5788574219,-0.6252441406,24.3969459534, 11.0076332092, 40.9007644653
862340067,0.7595214844,-0.5705566406,-0.6247558594,23.6641216278, 11.8015270233, 42.8244285583
862350067,0.7565917969,-0.6240234375,-0.6267089844,23.7099227905, 12.0000000000, 41.7404594421
862360067,0.7487792969,-0.6638183594,-0.6074218750,24.5038166046, 12.3358774185, 36.4580154419
862370067,0.7385253906,-0.6274414062,-0.6015625000,24.5954189301, 13.7099237442, 36.6259536743
862380067,0.7099609375,-0.6413574219,-0.5786132812,25.8778629303, 12.2595415115, 38.2290077209
862390067,0.7360839844,-0.6374511719,-0.5578613281,25.0381679535, 12.1374044418, 38.9465637207
862400067,0.7163085938,-0.6545410156,-0.5266113281,27.0992374420, 13.8625955582, 34.6564903259
862410067,0.7202148438,-0.6401367188,-0.5122070312,27.1297702789, 15.8473281860, 32.6717567444
862420067,0.6599121094,-0.6618652344,-0.4836425781,25.0076332092, 13.9236640930, 40.5801544189
862430067,0.6911621094,-0.6704101562,-0.4750976562,23.2977104187, 11.1450386047, 38.1679382324
862440067,0.6694335938,-0.7124023438,-0.4731445312,23.5114498138, 6.4885497093, 32.5648841858
862450067,0.6811523438,-0.7429199219,-0.4895019531,22.7786254883, 3.6793892384, 30.0916023254
862460067,0.6809082031,-0.7683105469,-0.4882812500,23.2824420929, 1.4961831570, 26.6412220001
862470067,0.6650390625,-0.7656250000,-0.4914550781,23.6030540466, -1.7557251453, 26.9312973022
862480219,0.6655273438,-0.7641601562,-0.4780273438,23.8015270233, -6.4732823372, 27.4198474884
862490067,0.6589355469,-0.7534179688,-0.4858398438,24.7938938141, -9.8320608139, 28.0305347443
862500067,0.6784667969,-0.7324218750,-0.4907226562,25.1755733490, -11.4351148605, 32.6717567444
862510067,0.6818847656,-0.7409667969,-0.4929199219,24.4732818604, -11.2824430466, 37.4656486511
862520067,0.6972656250,-0.7165527344,-0.5107421875,23.9541988373, -10.0152673721, 35.8015251160
862530067,0.6809082031,-0.7124023438,-0.5021972656,22.4122142792, -7.7709922791, 36.0763359070
862540067,0.6560058594,-0.7385253906,-0.4902343750,20.4580154419, -7.8320612907, 36.1068687439
862550067,0.6181640625,-0.7800292969,-0.5000000000,19.9847335815, -9.0992364883, 33.0534362793
862560067,0.6132812500,-0.7976074219,-0.5122070312,20.1984729767, -9.6641225815, 29.3893127441
862570067,0.6142578125,-0.7905273438,-0.5175781250,20.8396949768, -9.0839691162, 27.5725193024
862580067,0.5886230469,-0.8073730469,-0.5114746094,22.2137413025, -9.7557249069, 25.8625946045
862590067,0.6252441406,-0.7561035156,-0.5058593750,20.7328243256, -8.2900762558, 25.4351139069
862600067,0.6118164062,-0.7863769531,-0.5051269531,19.8625946045, -6.4122138023, 26.0610694885
862610067,0.6025390625,-0.8156738281,-0.4987792969,17.6030540466, -5.5419845581, 26.0610694885
862620067,0.5932617188,-0.8378906250,-0.4929199219,17.2671756744, -5.3893127441, 21.1450386047
862630067,0.5781250000,-0.8447265625,-0.4931640625,16.7022895813, -5.2977099419, 19.6946563721
862640067,0.5874023438,-0.8276367188,-0.4826660156,16.4122142792, -6.0152673721, 19.7404575348
862650067,0.5642089844,-0.8647460938,-0.4790039062,18.3206100464, -9.0381679535, 18.0916023254
862660067,0.6003417969,-0.8059082031,-0.4631347656,17.5572509766, -10.1374044418, 16.9160308838
862670067,0.5893554688,-0.8347167969,-0.4553222656,16.2290077209, -10.9160308838, 18.1679382324
862680067,0.5788574219,-0.8303222656,-0.4589843750,14.8396949768, -12.6717557907, 17.4351139069
862690067,0.5791015625,-0.8403320312,-0.4675292969,12.9618320465, -13.3435115814, 16.0458011627
862700067,0.5891113281,-0.7941894531,-0.4763183594,10.7328243256, -12.3816795349, 17.3893127441
862710067,0.5881347656,-0.8498535156,-0.5070800781,10.9007635117, -12.0458011627, 13.5877866745
862720067,0.5852050781,-0.8142089844,-0.5002441406,9.8015270233, -9.0687026978, 16.9312973022
862730067,0.5822753906,-0.8386230469,-0.5029296875,9.2824430466, -6.4580154419, 16.0458011627
862740067,0.5744628906,-0.8479003906,-0.5102539062,8.3664121628, -3.9541983604, 15.2824430466
862750067,0.5668945312,-0.8623046875,-0.4941406250,8.0763359070, -2.3664121628, 13.4045801163
862760067,0.5617675781,-0.8457031250,-0.4753417969,7.0381679535, -1.2977099419, 11.4351148605
862770067,0.5461425781,-0.8557128906,-0.4709472656,6.1679387093, -1.5877863169, 11.6335878372
862780067,0.5615234375,-0.8466796875,-0.4606933594,6.9007635117, -4.2748093605, 7.5419845581
862790067,0.5688476562,-0.8220214844,-0.4770507812,6.1221375465, -5.6183204651, 8.3358774185
862800067,0.5632324219,-0.8640136719,-0.4877929688,6.4274806976, -5.0992364883, 9.0076332092
862810067,0.5842285156,-0.8400878906,-0.4951171875,5.9389314651, -2.9312977791, 6.9770994186
862820067,0.5681152344,-0.8530273438,-0.4973144531,4.6259541512, -0.3511450291, 7.5725193024
862830067,0.5456542969,-0.8735351562,-0.4853515625,4.3969464302, 0.3664122224, 6.7175574303
862840067,0.5368652344,-0.8979492188,-0.4797363281,5.0534353256, -0.8854961991, 4.4885497093
862850067,0.5527343750,-0.8400878906,-0.4948730469,4.8244276047, -1.6335878372, 3.3893129826
862860067,0.5498046875,-0.8327636719,-0.4729003906,4.7938933372, -2.1832060814, 4.7480916977
862870067,0.5590820312,-0.8349609375,-0.4746093750,4.4885497093, -2.4427480698, 4.0763359070
862880067,0.5656738281,-0.8415527344,-0.4775390625,3.8015267849, -1.3740458488, 3.9847328663
862890067,0.5727539062,-0.7785644531,-0.4758300781,1.3587785959, 0.7786259651, 6.2595419884
862900067,0.5651855469,-0.8452148438,-0.4870605469,2.1374046803, 1.7404580116, 1.4351145029
862910067,0.5561523438,-0.8461914062,-0.4919433594,2.1679389477, 3.0687022209, 0.2748091519
862920067,0.5515136719,-0.8247070312,-0.4838867188,1.4809160233, 3.7862596512, 0.9923664331
862930067,0.5498046875,-0.8430175781,-0.4753417969,2.6412212849, 2.8091602325, -4.3358778954
862940067,0.5551757812,-0.8146972656,-0.4758300781,1.8167939186, 2.9618320465, -3.5419847965
862950067,0.5761718750,-0.8320312500,-0.4750976562,1.8015266657, 3.3435113430, -2.4885497093
862960067,0.5769042969,-0.8430175781,-0.4775390625,1.9694656134, 3.2366411686, -2.8702290058
862970067,0.5576171875,-0.8635253906,-0.4733886719,2.0763359070, 3.1603052616, 0.4122137427
862980067,0.5803222656,-0.8371582031,-0.4841308594,2.2137403488, 3.1755726337, -3.3893129826
862990067,0.5654296875,-0.8378906250,-0.4880371094,1.8320610523, 5.3893127441, 0.4122137427
863000067,0.5756835938,-0.8125000000,-0.4899902344,1.8778625727, 6.9770994186, -3.2977099419
863030067,0.5170898438,-0.8840332031,-0.4741210938,-1.2671755552, 16.5496177673, -10.0610685349
863040067,0.5131835938,-0.8762207031,-0.4499511719,-1.9541984797, 16.2595424652, -12.5496187210
863050067,0.5268554688,-0.8659667969,-0.4345703125,-3.0992367268, 14.5954198837, -12.7175569534
863060067,0.5590820312,-0.8559570312,-0.4289550781,-4.4885497093, 13.5725193024, -12.8396949768
863070067,0.5795898438,-0.8618164062,-0.4187011719,-6.3358778954, 12.1374044418, -13.0992364883
863080067,0.5871582031,-0.8557128906,-0.4157714844,-7.0229005814, 9.5267171860, -12.3969469070
863090067,0.5854492188,-0.8579101562,-0.4260253906,-7.4961833954, 6.5343513489, -10.9923667908
863100070,0.5747070312,-0.8620605469,-0.4572753906,-7.8778624535, 4.8091602325, -10.3816795349
863110067,0.5798339844,-0.8601074219,-0.4794921875,-8.5496187210, 5.5877861977, -10.4122133255
863120067,0.5686035156,-0.8623046875,-0.4875488281,-9.1145038605, 7.7251906395, -11.7251911163
863130067,0.5842285156,-0.8403320312,-0.4714355469,-10.4122133255, 8.8549613953, -13.2977094650
863140067,0.5708007812,-0.8515625000,-0.4770507812,-10.7480916977, 9.6183204651, -14.7786254883
863150067,0.5749511719,-0.8510742188,-0.4506835938,-10.9618320465, 9.1450386047, -15.9694652557
863160067,0.5871582031,-0.8378906250,-0.4599609375,-11.4656486511, 8.3358774185, -16.2595424652
863170067,0.5861816406,-0.8251953125,-0.4602050781,-11.6793889999, 7.9694657326, -16.0458011627
863180067,0.6042480469,-0.8095703125,-0.4589843750,-12.0610685349, 6.9312977791, -15.0839691162
863190067,0.6047363281,-0.8234863281,-0.4665527344,-11.6946563721, 6.4885497093, -15.8931293488
863200067,0.6210937500,-0.8007812500,-0.4760742188,-11.5572519302, 6.5496182442, -17.0687026978
863210067,0.6218261719,-0.7949218750,-0.4765625000,-11.1908397675, 6.7328243256, -16.7633590698
863220067,0.6013183594,-0.7504882812,-0.4667968750,-11.3587789536, 6.9312977791, -17.6183204651
863230067,0.6176757812,-0.8095703125,-0.4851074219,-11.3435115814, 6.9160304070, -17.3129768372
863240067,0.6062011719,-0.7966308594,-0.4882812500,-11.2519083023, 8.9312973022, -19.0229015350
863250067,0.6062011719,-0.8051757812,-0.5058593750,-11.6946563721, 10.2290077209, -21.2671756744
863260067,0.5920410156,-0.8239746094,-0.5117187500,-12.2137403488, 11.5725193024, -22.7480907440
863270067,0.5891113281,-0.8151855469,-0.5183105469,-14.2595415115, 11.7862596512, -21.5267181396
863280067,0.6174316406,-0.8654785156,-0.5129394531,-13.7099237442, 15.0076332092, -21.2671756744
863290067,0.6347656250,-0.8271484375,-0.5214843750,-13.7099237442, 19.0076332092, -22.1984729767
863300067,0.6276855469,-0.8015136719,-0.5036621094,-14.3053436279, 19.2977104187, -19.9389305115
863310067,0.6591796875,-0.8100585938,-0.4875488281,-12.1832065582, 18.6259536743, -17.6641216278
863320067,0.6723632812,-0.7907714844,-0.4699707031,-10.8549613953, 17.2061061859, -17.0229015350
863330067,0.6596679688,-0.7797851562,-0.4631347656,-10.7633590698, 13.0381679535, -16.5648860931
863340067,0.6806640625,-0.7761230469,-0.4575195312,-9.0534353256, 11.8320608139, -18.8702297211
863350067,0.6691894531,-0.7617187500,-0.4753417969,-8.8854961395, 10.9770994186, -21.0381679535
863360067,0.6555175781,-0.7609863281,-0.4836425781,-9.0992364883, 11.0534353256, -22.0000000000
863370067,0.6489257812,-0.7563476562,-0.5048828125,-9.7862596512, 11.7251911163, -22.2137413025
863380067,0.6423339844,-0.7460937500,-0.4948730469,-11.0839691162, 12.4732828140, -21.8320617676
863390067,0.6403808594,-0.7670898438,-0.5124511719,-13.0076332092, 10.9007635117, -20.4732818604
863400067,0.6635742188,-0.7753906250,-0.5100097656,-11.9389314651, 13.5267171860, -21.9541988373
863410067,0.6687011719,-0.7705078125,-0.5085449219,-12.2290077209, 15.2061071396, -21.7709922791
863420067,0.6777343750,-0.7707519531,-0.5092773438,-11.8320608139, 16.3053436279, -21.8473281860
863430067,0.6960449219,-0.7746582031,-0.5102539062,-11.2061071396, 17.7862586975, -22.9160308838
863440067,0.6945800781,-0.7539062500,-0.4973144531,-11.8473281860, 17.7709922791, -22.6717548370
863450067,0.7106933594,-0.7368164062,-0.4831542969,-11.7099237442, 18.3816795349, -22.9312973022
863460067,0.7062988281,-0.7304687500,-0.4816894531,-12.5038166046, 17.4198474884, -22.8244266510
863470067,0.7250976562,-0.7067871094,-0.4726562500,-12.2290077209, 17.9389305115, -24.2137413025
863480219,0.7023925781,-0.7368164062,-0.4650878906,-12.5190839767, 14.4274806976, -24.2748088837
863490067,0.6896972656,-0.7331542969,-0.4602050781,-13.2824430466, 11.6946563721, -25.1450386047
863500067,0.6931152344,-0.7180175781,-0.4477539062,-13.4045801163, 9.7404584885, -24.2290077209
863510067,0.6950683594,-0.7416992188,-0.4665527344,-13.0992364883, 7.7251906395, -26.0305347443
863520067,0.6992187500,-0.7578125000,-0.4699707031,-14.0305347443, 6.8091602325, -25.4809169769
863530067,0.7231445312,-0.7424316406,-0.4719238281,-13.4351148605, 7.7557253838, -27.6335868835
863540067,0.6933593750,-0.7197265625,-0.4921875000,-15.6335878372, 6.7175574303, -27.0839691162
863550067,0.7297363281,-0.7497558594,-0.4968261719,-14.4580154419, 8.1984729767, -26.7633590698
863560067,0.7399902344,-0.7019042969,-0.5024414062,-14.6106872559, 10.3053436279, -27.6488552094
863570067,0.7465820312,-0.7241210938,-0.4956054688,-14.9160308838, 11.9389314651, -24.4885501862
863580067,0.7258300781,-0.7075195312,-0.4858398438,-15.4961833954, 10.5801525116, -26.2442741394
863590067,0.7465820312,-0.7370605469,-0.4907226562,-14.7328243256, 9.6488552094, -24.5343513489
863600067,0.7500000000,-0.7099609375,-0.4711914062,-13.6793889999, 9.5572519302, -27.8473281860
863610067,0.7561035156,-0.7009277344,-0.4809570312,-15.2824430466, 7.4503817558, -27.0534343719
863620067,0.7473144531,-0.6960449219,-0.4851074219,-16.5496177673, 7.2671756744, -27.2213745117
863630067,0.7595214844,-0.7211914062,-0.4929199219,-15.3587789536, 7.3282442093, -29.5267181396
863640067,0.7536621094,-0.6958007812,-0.4860839844,-14.2290077209, 8.9007635117, -31.0229015350
863650067,0.7487792969,-0.6455078125,-0.4936523438,-16.6106872559, 9.3893127441, -28.6106872559
863660067,0.7712402344,-0.6774902344,-0.4787597656,-16.6870231628, 8.7175569534, -27.0687026978
863670067,0.7526855469,-0.6684570312,-0.4926757812,-16.9618320465, 8.2900762558, -27.7862586975
863680067,0.7419433594,-0.7019042969,-0.4753417969,-17.4198474884, 7.2061066628, -28.7938938141
863690182,0.7641601562,-0.6816406250,-0.4582519531,-16.7328243256, 5.1908397675, -33.2671737671
863700067,0.7629394531,-0.6718750000,-0.4709472656,-18.4427490234, 4.6259541512, -30.0152664185
863710067,0.7548828125,-0.7155761719,-0.4731445312,-17.5114498138, 2.2748091221, -32.8702278137
863720067,0.7739257812,-0.6601562500,-0.4897460938,-18.1221370697, 3.4198472500, -31.6183204651
863730067,0.7795410156,-0.6853027344,-0.4985351562,-18.7786254883, 2.6564886570, -31.5114498138
863740067,0.7929687500,-0.6667480469,-0.5173339844,-16.6412220001, 4.8854961395, -36.1068687439
863750067,0.7687988281,-0.6496582031,-0.5173339844,-19.3893127441, 5.5877861977, -32.1984748840
863760067,0.7805175781,-0.6579589844,-0.5144042969,-18.2137413025, 5.3740458488, -33.7709922791
863770067,0.7917480469,-0.5834960938,-0.5244140625,-18.7175579071, 6.5190839767, -35.3435096741
863780067,0.8071289062,-0.6481933594,-0.5114746094,-18.7633590698, 6.3664121628, -33.9541969299
863790067,0.7983398438,-0.6269531250,-0.5178222656,-20.6870231628, 5.5114502907, -36.2290077209
863800067,0.8186035156,-0.6455078125,-0.5083007812,-15.9847326279, 6.0458016396, -42.1832046509
863810067,0.8051757812,-0.5622558594,-0.5122070312,-20.1526718140, 5.9083967209, -35.2977104187
863820067,0.8154296875,-0.6691894531,-0.4924316406,-16.1374053955, 4.9770994186, -39.0839691162
863830067,0.8103027344,-0.5874023438,-0.5039062500,-20.6259536743, 4.0305342674, -36.0305328369
863840067,0.8215332031,-0.6777343750,-0.4924316406,-17.6488552094, 2.5190839767, -39.0992355347
863850067,0.8041992188,-0.5715332031,-0.5351562500,-20.8396949768, 1.2977099419, -39.4961814880
863860067,0.8320312500,-0.6872558594,-0.5253906250,-17.6335868835, 1.5725190639, -42.6717567444
863870067,0.8283691406,-0.6193847656,-0.5471191406,-19.6335868835, 3.2213740349, -44.3511466980
863880067,0.8474121094,-0.6608886719,-0.5432128906,-15.7709922791, 4.6717557907, -46.2748107910
863890067,0.8454589844,-0.5625000000,-0.5483398438,-19.6793899536, 5.6641221046, -41.1755714417
863900067,0.8576660156,-0.5820312500,-0.5532226562,-16.9312973022, 6.9312977791, -41.7251892090
863910067,0.8540039062,-0.5466308594,-0.5610351562,-20.4427490234, 7.1755723953, -36.3969459534
863920070,0.8576660156,-0.6240234375,-0.5549316406,-17.3435115814, 8.6717557907, -42.6106872559
863930067,0.8737792969,-0.5275878906,-0.5773925781,-21.6335868835, 9.3435115814, -31.6641216278
863940067,0.8649902344,-0.6062011719,-0.5678710938,-17.9236640930, 10.8396949768, -38.8854980469
863950067,0.8847656250,-0.4812011719,-0.5705566406,-21.9083976746, 11.2671756744, -33.4351158142
863960067,0.9179687500,-0.6208496094,-0.5563964844,-18.7175579071, 11.8931293488, -35.3435096741
863970067,0.8784179688,-0.4516601562,-0.5510253906,-21.8625946045, 11.1145038605, -34.0305328369
863980067,0.9038085938,-0.5000000000,-0.5495605469,-21.6488552094, 11.6793889999, -33.5877876282
863990067,0.8957519531,-0.4963378906,-0.5571289062,-22.3206100464, 12.3053436279, -34.9771003723
864000067,0.8796386719,-0.4899902344,-0.5515136719,-20.0610694885, 13.2213745117, -37.8625946045
864010067,0.8691406250,-0.4885253906,-0.5598144531,-19.3893127441, 13.5877866745, -34.0763359070
864020067,0.8776855469,-0.5063476562,-0.5578613281,-18.2748088837, 13.7557249069, -30.5801525116
864030067,0.8808593750,-0.4941406250,-0.5488281250,-17.5267181396, 14.4274806976, -35.6030540466
864040067,0.8664550781,-0.4575195312,-0.5268554688,-17.8778629303, 12.8396949768, -34.1984748840
864050067,0.8737792969,-0.5898437500,-0.5395507812,-20.7175579071, 9.5877866745, -30.6717548370
