xacc,yacc,zacc,xgyro,ygyro,zgyro
1.038574,0.226074,0.0,-1.648855,-6.480916,-0.152672
1.017334,0.189697,0.005859,0.343511,-9.076336,-6.29771
0.98999,0.187988,-0.058105,-1.938931,-12.259542,-5.267176
1.005615,0.344482,-0.142334,-4.40458,-7.496183,-2.824427
1.0271,0.185059,-0.123291,-5.648855,-1.458015,-2.854962
1.070312,0.151855,-0.0896,-3.465649,-1.099237,-8.893129
0.988281,0.239502,-0.016357,-0.824427,3.236641,-3.740458
0.982422,0.276855,0.019043,0.030534,2.969466,-3.763359
1.013428,0.347168,0.01416,1.442748,1.061069,2.274809
1.013916,0.179443,0.013916,2.358779,-0.687023,5.320611
1.044922,0.125244,-0.027588,1.725191,-8.78626,-6.885496
0.894775,0.525391,0.006592,4.175572,-5.358778,-0.824427
1.22998,0.06543,-0.144043,-10.351145,-4.458015,19.641222
1.215332,-0.09375,-0.040527,-7.824428,-11.580153,-9.236641
0.943359,0.056885,0.000244,-2.694656,-11.923664,-4.641222
0.987305,0.233887,-0.05542,1.824427,1.78626,-4.732824
1.030518,0.286621,-0.037842,3.801527,9.129771,0.633588
1.022949,0.256592,0.021973,5.175572,5.053435,1.114504
0.991455,0.205566,-0.019287,0.679389,-5.251908,4.458015
0.992432,0.148682,-0.049072,-1.801527,-9.198473,0.687023
0.979248,0.216797,-0.080566,-4.419847,-9.625955,0.816794
1.008789,0.238281,-0.094971,-6.839694,-8.343512,2.656489
1.026855,0.220459,-0.083496,-7.580153,-5.557252,1.29771
1.029785,0.209473,-0.069824,-7.778626,-4.343512,1.877863
1.03418,0.170166,-0.048096,-6.862596,-4.465649,-0.587786
1.038574,0.158447,-0.024902,-5.267176,-4.717557,-2.572519
1.025146,0.193604,-0.020996,-3.320611,-3.641221,-2.374046
1.018066,0.192139,-0.020752,-2.076336,-3.824427,-4.442748
1.023193,0.225342,-0.047852,-2.19084,-5.320611,-2.526718
1.004395,0.221191,-0.063232,-2.083969,-4.465649,-4.687023
1.022949,0.224854,-0.055908,-2.419847,-4.51145,-3.610687
1.027588,0.193115,-0.048584,-2.801527,-5.816794,-4.351145
1.026611,0.191895,-0.053711,-3.267176,-7.274809,-4.770992
1.025879,0.162842,-0.068115,-4.870229,-8.290076,-5.847328
1.035156,0.181152,-0.072266,-5.259542,-8.290076,-6.08397
1.032227,0.181152,-0.053955,-4.625954,-6.572519,-6.038168
1.005371,0.215576,-0.05835,-3.625954,-6.236641,-8.145039
1.007812,0.24292,-0.04126,-2.534351,-5.740458,-7.900764
1.015869,0.239502,-0.03418,-1.312977,-5.10687,-7.114504
1.001465,0.211914,-0.032959,-1.328244,-5.732824,-5.961832
1.040527,0.2146,-0.060059,-2.099237,-7.08397,-4.801527
1.046143,0.183838,-0.07959,-3.061069,-7.206107,-4.541985
1.048096,0.192139,-0.106445,-3.801527,-5.450382,-5.122138
1.01709,0.222168,-0.08667,-4.167939,-3.480916,-4.183206
1.004639,0.254395,-0.074951,-3.343511,-3.091603,-5.564886
1.016113,0.252686,-0.042236,-2.969466,-3.839695,-4.473282
1.027832,0.22583,-0.032959,-3.244275,-6.908397,-4.854962
1.027588,0.203857,-0.052734,-3.267176,-8.549619,-4.465649
1.033936,0.215576,-0.093994,-2.946565,-6.755725,-4.007634
1.026123,0.228271,-0.108887,-2.977099,-3.648855,-3.419847
1.016357,0.229736,-0.111328,-3.59542,-1.152672,-2.091603
1.02124,0.22876,-0.088379,-3.549618,0.114504,-2.145038
1.026611,0.200684,-0.051025,-2.961832,-0.427481,-3.625954
1.020996,0.205322,-0.032471,-2.870229,-2.091603,-1.587786
1.036865,0.22168,-0.046631,-2.931298,-3.068702,0.198473
1.026367,0.230225,-0.073975,-3.10687,-3.320611,1.870229
0.999023,0.218262,-0.086182,-4.480916,-4.824428,1.389313
0.9729,0.198486,-0.104492,-4.870229,-3.770992,-0.847328
1.029785,0.227783,-0.106201,-5.282443,-1.061069,2.007634
1.040771,0.231689,-0.093994,-4.732824,1.251908,1.755725
0.997803,0.227539,-0.078857,-4.175572,1.335878,2.732824
0.995117,0.239258,-0.063721,-3.763359,1.885496,4.664122
0.989258,0.232178,-0.064697,-3.854962,0.603053,5.099236
1.000732,0.238037,-0.065674,-3.641221,-0.335878,4.908397
1.006348,0.245361,-0.077148,-3.580153,-0.633588,4.221374
1.01001,0.230469,-0.068115,-2.70229,-0.282443,2.679389
1.008057,0.225342,-0.064453,-2.549618,-0.351145,2.030534
1.006836,0.235596,-0.0625,-2.305344,-0.755725,2.633588
1.018555,0.227051,-0.070068,-2.259542,-1.022901,3.625954
1.033447,0.223633,-0.08252,-2.40458,-0.977099,3.641221
1.039795,0.217529,-0.095703,-2.290076,0.061069,2.152672
1.017822,0.211426,-0.086914,-2.51145,1.526718,2.503817
1.012939,0.204346,-0.077393,-2.89313,1.717557,2.450382
1.013672,0.202881,-0.058594,-2.954198,0.534351,1.916031
1.022461,0.202881,-0.065918,-3.305344,-0.664122,2.312977
1.015381,0.20874,-0.061768,-3.625954,-0.984733,2.312977
1.023682,0.207764,-0.064697,-3.541985,0.473282,2.0
1.009033,0.19873,-0.054932,-3.442748,0.48855,2.320611
1.019043,0.180908,-0.058594,-3.229008,-0.877863,0.0
1.02417,0.182129,-0.057373,-3.923664,-2.992366,-1.961832
1.02832,0.197266,-0.055176,-4.335878,-4.366412,-2.908397
1.024414,0.207031,-0.068604,-4.770992,-4.206107,-1.671756
1.032959,0.202148,-0.064697,-4.274809,-2.679389,-1.160305
1.042725,0.184814,-0.049561,-3.068702,-1.870229,-2.305344
1.028564,0.19043,-0.054688,-2.534351,-2.931298,-3.763359
1.030518,0.178223,-0.072998,-2.465649,-4.068702,-6.648855
1.054932,0.170166,-0.082031,-3.099237,-4.473282,-8.480916
1.048096,0.194092,-0.101807,-3.442748,-2.679389,-8.229008
1.044434,0.192627,-0.096924,-3.870229,0.198473,-7.816794
1.0271,0.204834,-0.088379,-3.664122,1.648855,-13.045801
1.034668,0.215332,-0.060791,-2.29771,3.122137,-10.396947
1.048096,0.19165,-0.039307,-0.832061,2.030534,-11.038168
1.049561,0.208008,-0.037842,-0.091603,0.755725,-14.198473
1.026855,0.190186,-0.042725,0.083969,0.198473,-12.61832
0.999023,0.185547,-0.047852,0.122137,0.061069,-16.419847
1.004883,0.216797,-0.061768,-0.793893,0.89313,-14.587787
1.022949,0.199463,-0.056885,-0.221374,1.0,-12.725191
1.010254,0.212891,-0.060059,0.274809,1.068702,-13.19084
0.994385,0.22168,-0.066406,0.045802,1.114504,-11.885496
1.015137,0.182861,-0.041016,0.633588,1.145038,-9.709924
1.019287,0.202393,-0.044922,0.603053,0.969466,-11.473283
0.993164,0.249756,-0.036377,1.030534,0.030534,-8.541985
1.016602,0.265381,-0.038086,0.931298,-1.206107,-10.862596
1.02002,0.260254,-0.05542,1.137405,-2.320611,-7.89313
1.026611,0.237793,-0.072266,1.167939,-2.068702,-9.412213
1.024414,0.216797,-0.089111,1.083969,-1.221374,-9.839695
1.049561,0.165771,-0.087891,1.748092,-0.229008,-11.923664
1.031494,0.196533,-0.056152,3.122137,1.274809,-14.832061
1.007324,0.233154,-0.032471,3.137405,-0.641221,-11.488549
1.002197,0.248047,-0.021484,3.328244,-2.465649,-12.557252
0.986084,0.26416,-0.035645,2.961832,-2.908397,-13.893129
0.998291,0.240967,-0.05957,2.816794,-4.824428,-14.38168
1.009033,0.206787,-0.071533,3.778626,-5.198473,-14.099236
1.016357,0.211182,-0.097412,2.221374,-4.206107,-14.847328
1.04126,0.20166,-0.101318,2.694656,-2.229008,-14.824428
1.028564,0.228516,-0.096191,3.694656,0.137405,-18.19084
1.012451,0.260742,-0.071289,3.267176,1.847328,-14.778625
0.965576,0.252197,-0.045898,3.961832,1.312977,-14.335877
1.000732,0.241455,-0.032227,1.816794,-1.908397,-14.053435
1.028809,0.220459,-0.050781,0.114504,-4.175572,-12.435115
1.025879,0.22168,-0.069824,0.633588,-4.770992,-14.458015
0.995117,0.26709,-0.094727,0.381679,-4.908397,-14.038168
0.990723,0.251953,-0.101074,-0.564885,-4.061069,-15.679389
0.999023,0.219971,-0.088379,0.572519,-2.59542,-17.587786
1.001465,0.222656,-0.077637,0.969466,-1.312977,-20.167938
1.008301,0.241455,-0.044434,1.274809,-0.290076,-22.366413
0.982666,0.197998,-0.032715,1.610687,-3.343511,-20.793894
1.003174,0.235596,-0.047119,2.21374,-3.709924,-22.61832
1.016357,0.242432,-0.083252,1.007634,-5.824428,-21.229008
1.02124,0.268066,-0.115479,0.236641,-4.89313,-22.862595
1.023926,0.281982,-0.11792,0.916031,-0.954198,-23.862595
0.975586,0.26123,-0.068604,2.450382,0.320611,-21.137405
1.000732,0.22168,-0.065186,3.221374,-1.969466,-24.030535
0.999268,0.27124,-0.073242,4.061069,0.625954,-25.053434
0.955566,0.313232,-0.041992,3.282443,0.870229,-24.534351
0.938232,0.297119,-0.03418,2.534351,-4.656488,-25.236641
0.947021,0.348633,-0.037842,2.816794,-7.740458,-26.221375
1.003662,0.304199,-0.095703,2.671756,-9.083969,-21.900763
1.030029,0.287598,-0.102539,4.175572,-5.793893,-24.374046
0.99292,0.325439,-0.085205,4.427481,-3.641221,-23.908398
0.9646,0.300293,-0.066162,3.954198,-4.732824,-24.015266
1.006836,0.29834,-0.068848,4.557252,-3.496183,-28.022902
0.979004,0.354004,-0.084473,4.068702,-3.045802,-27.343512
0.945068,0.392578,-0.08374,3.671756,-3.80916,-26.167938
0.928223,0.376953,-0.080811,4.137404,-4.030534,-25.404581
0.925293,0.381348,-0.09082,4.358778,-5.70229,-25.183207
0.972412,0.377686,-0.09668,6.053435,-5.763359,-29.183207
0.949219,0.383545,-0.099121,5.923664,-5.412214,-24.954199
0.997314,0.256592,-0.11792,5.450382,-6.122138,-28.12977
0.981689,0.318848,-0.102539,7.633588,-0.725191,-33.183205
0.957764,0.382568,-0.073486,8.305344,-3.183206,-31.717558
0.998291,0.403564,-0.074463,8.320611,-3.793893,-29.12977
1.001465,0.378418,-0.086182,8.374045,-3.610687,-26.786259
0.988525,0.34375,-0.082275,9.267176,-2.610687,-29.244274
0.929443,0.31958,-0.093262,7.900764,-3.824427,-28.763359
0.972656,0.305908,-0.106445,8.656488,-4.717557,-33.198475
0.950684,0.34082,-0.077393,9.282443,-2.854962,-31.244274
0.92627,0.413086,-0.022461,11.824428,-5.412214,-30.832062
0.957031,0.440674,-0.006592,13.709924,-9.78626,-28.061069
0.963623,0.443359,0.0,13.946565,-12.641221,-23.770992
0.957275,0.358398,-0.028076,13.114504,-17.290077,-22.717558
0.994141,0.281982,-0.125977,11.106871,-20.519083,-23.832062
0.978516,0.298584,-0.175049,10.007633,-17.091602,-28.770992
0.990234,0.334229,-0.167725,9.015267,-14.59542,-29.076336
0.969238,0.371094,-0.129395,10.732824,-12.694656,-30.038168
0.941406,0.40332,-0.076416,10.908397,-12.114504,-28.977098
0.95459,0.390625,-0.049561,11.061069,-15.366412,-27.885496
0.937256,0.372559,-0.068115,10.061069,-19.389313,-27.358778
0.976318,0.352783,-0.134766,6.312977,-24.38168,-25.343512
1.017578,0.343994,-0.170166,6.641222,-21.335878,-31.748091
0.954834,0.415283,-0.205322,6.78626,-18.19084,-31.038168
0.965332,0.418457,-0.167725,7.259542,-15.335877,-32.29771
0.95166,0.492676,-0.154053,7.984733,-13.358779,-31.48855
0.947754,0.432373,-0.120117,6.969466,-17.198473,-32.152672
0.965576,0.424072,-0.111572,7.198473,-16.839695,-38.160305
0.930908,0.428223,-0.142578,5.076336,-18.19084,-34.106869
0.950928,0.395508,-0.122559,7.244275,-18.061069,-39.244274
0.880127,0.472656,-0.150146,6.08397,-21.70229,-35.961834
0.928467,0.473877,-0.140381,7.603054,-21.893129,-35.67939
0.877197,0.514648,-0.141602,8.977099,-18.954199,-39.419846
0.800537,0.484375,-0.132568,6.290076,-25.282442,-36.755726
0.94751,0.373291,-0.141113,6.870229,-30.839695,-40.984734
0.9375,0.515137,-0.197266,7.320611,-27.267176,-38.763359
0.878174,0.479248,-0.208984,6.656488,-26.641222,-39.427483
0.912598,0.495117,-0.211914,8.870229,-24.526718,-37.893131
0.825928,0.525879,-0.185303,10.015267,-20.816793,-40.740459
0.754883,0.543701,-0.152588,11.022901,-22.786259,-42.244274
0.736572,0.544189,-0.130615,11.297709,-28.67939,-38.732826
0.766113,0.512695,-0.180908,6.59542,-41.068703,-38.259541
0.965088,0.412109,-0.259033,6.51145,-44.305344,-36.908398
1.000488,0.525146,-0.337402,5.938931,-33.488548,-38.961834
0.895752,0.56958,-0.366699,5.603054,-22.160305,-40.580154
0.868652,0.612793,-0.312988,7.274809,-15.267176,-41.274811
0.744385,0.654297,-0.236816,9.099236,-12.755725,-41.70229
0.633545,0.664307,-0.173828,9.923664,-19.206106,-38.610687
0.656494,0.590576,-0.185791,7.122138,-33.053436,-36.167938
0.836426,0.401611,-0.244873,5.183206,-41.809162,-38.503819
0.940674,0.454834,-0.301758,6.412214,-30.854961,-44.068703
0.835205,0.602051,-0.349854,6.557252,-22.312977,-43.045803
0.788086,0.603271,-0.295898,8.297709,-16.625954,-46.70229
0.71875,0.652832,-0.253174,9.167939,-17.419847,-43.503819
0.763916,0.530029,-0.216797,7.335878,-26.389313,-44.045803
0.816162,0.581299,-0.237061,8.145039,-27.763359,-45.725189
0.767822,0.636719,-0.308105,5.610687,-28.977098,-40.389313
0.753174,0.591064,-0.363037,5.19084,-25.709923,-44.9771
0.724854,0.588867,-0.361572,5.282443,-20.32061,-50.908398
0.697998,0.650391,-0.303223,5.709924,-17.786259,-47.145039
0.741699,0.648193,-0.244629,7.412214,-19.358778,-48.687023
0.769287,0.66626,-0.233398,6.755725,-26.938931,-47.412212
0.816406,0.639648,-0.262939,7.221374,-29.709923,-42.335876
0.802246,0.622803,-0.321045,7.030534,-27.564886,-43.809162
0.734131,0.649414,-0.348633,7.122138,-21.274809,-40.908398
0.67041,0.587646,-0.369873,6.175572,-18.625954,-46.190838
0.638916,0.65918,-0.388672,6.541985,-18.816793,-45.137405
0.761719,0.657959,-0.359375,6.198473,-17.19084,-47.938931
0.775146,0.706543,-0.31543,6.236641,-13.297709,-49.755726
0.716064,0.724365,-0.270996,7.603054,-12.931297,-44.572517
0.638672,0.686523,-0.246338,9.160305,-14.847328,-44.053436
0.510254,0.747314,-0.274658,10.221375,-19.396946,-38.648853
0.526367,0.723633,-0.300781,12.358779,-26.183207,-35.992367
0.592041,0.707764,-0.327637,13.160305,-29.664122,-40.778625
0.640625,0.717041,-0.379639,10.755725,-33.076336,-38.274811
0.782959,0.660645,-0.412354,10.175572,-33.396946,-41.427483
0.804932,0.677734,-0.445557,7.816794,-27.442749,-41.908398
0.747314,0.660889,-0.456299,6.236641,-20.38168,-41.389313
0.688721,0.634521,-0.418701,7.221374,-15.938931,-44.450382
0.569092,0.717529,-0.378662,8.732824,-13.969465,-45.572517
0.542725,0.729736,-0.29834,10.007633,-15.022901,-44.709923
0.498291,0.793457,-0.273682,11.458015,-20.572519,-41.877861
0.532227,0.796387,-0.30542,11.519084,-29.389313,-36.801525
0.591309,0.711426,-0.383789,9.549619,-36.305344,-35.740459
0.647705,0.656982,-0.455078,7.610687,-33.32061,-34.0229
0.669922,0.622314,-0.516357,7.923664,-24.328245,-37.603054
0.618652,0.713135,-0.497803,7.465649,-16.717558,-40.35878
0.604492,0.710205,-0.45166,6.076336,-15.038168,-41.442749
0.636719,0.731689,-0.377441,7.419847,-12.992367,-43.007633
0.575684,0.79541,-0.349121,7.427481,-15.442748,-41.389313
0.545898,0.791748,-0.357422,7.801527,-20.48855,-39.007633
0.526367,0.74585,-0.392822,7.175572,-25.70229,-39.29771
0.575928,0.707031,-0.446777,5.549618,-27.877863,-38.931297
0.644287,0.682373,-0.49707,4.870229,-23.145039,-41.931297
0.585693,0.717529,-0.504639,3.923664,-17.152672,-43.38168
0.556885,0.763916,-0.455078,4.725191,-12.374045,-45.114502
0.470703,0.820312,-0.411133,4.755725,-12.21374,-43.954197
0.443115,0.829346,-0.364502,6.076336,-16.442749,-41.442749
0.437744,0.816406,-0.376221,7.152672,-20.755726,-40.267174
0.473877,0.763916,-0.411865,6.198473,-26.335878,-38.717556
0.575928,0.717041,-0.470215,5.10687,-24.732824,-38.992367
0.568604,0.703125,-0.506592,5.122138,-17.259542,-38.534351
0.472412,0.756348,-0.500977,4.580153,-12.687023,-37.610687
0.428223,0.778564,-0.476318,3.923664,-11.030535,-36.534351
0.435791,0.803955,-0.442139,4.519084,-10.984733,-35.129772
0.436768,0.830078,-0.432129,4.793893,-12.847328,-33.045803
0.437988,0.81665,-0.433594,5.427481,-13.961832,-32.137405
0.463379,0.763916,-0.445801,5.076336,-14.893129,-31.32061
0.473389,0.750488,-0.475586,5.450382,-12.755725,-32.65649
0.427734,0.799805,-0.476807,5.580153,-8.80916,-31.053434
0.373535,0.827637,-0.476807,5.755725,-7.877862,-27.312977
0.330322,0.848145,-0.470215,6.099236,-8.183207,-24.633587
0.309814,0.875488,-0.474121,5.748092,-9.290076,-20.0
0.385986,0.754639,-0.51416,2.931298,-14.076336,-20.290077
0.523438,0.747803,-0.528809,3.328244,-9.114504,-26.053434
0.473389,0.779785,-0.512207,2.648855,-3.725191,-26.801527
0.409424,0.798096,-0.458008,3.618321,-0.908397,-27.282442
0.334473,0.843262,-0.424805,4.458015,-1.381679,-23.946566
0.300781,0.86377,-0.433594,5.0,-4.984733,-19.923664
0.330811,0.865723,-0.457764,6.007634,-7.137404,-19.374046
0.34668,0.87207,-0.496582,5.679389,-7.580153,-15.709924
0.381592,0.8396,-0.53125,3.587786,-6.137404,-14.274809
0.452637,0.793945,-0.534424,2.763359,-4.480916,-15.671756
0.454102,0.795898,-0.527588,1.091603,-2.267176,-15.977099
0.406738,0.81958,-0.513916,0.458015,-0.229008,-14.725191
0.322266,0.829102,-0.507324,-0.725191,-1.206107,-14.763359
0.354248,0.865723,-0.509033,-1.900763,-1.305344,-10.488549
0.365479,0.832275,-0.496826,-2.312977,-1.526718,-9.641221
0.367676,0.833984,-0.505859,-2.267176,-0.305344,-7.961832
0.341309,0.835205,-0.501953,-3.122137,0.458015,-5.732824
0.349365,0.820068,-0.499756,-3.419847,-0.167939,-4.946565
0.380371,0.81665,-0.479736,-3.076336,0.755725,-5.068702
0.366943,0.830322,-0.484375,-4.465649,-0.916031,-3.633588
0.384033,0.804688,-0.495117,-5.465649,-1.770992,-4.541985
0.406006,0.816895,-0.499756,-6.351145,-1.053435,-3.10687
0.380371,0.827637,-0.490479,-6.534351,0.152672,-2.984733
0.376953,0.815918,-0.486816,-6.763359,-0.251908,-3.870229
0.401367,0.805664,-0.477295,-6.648855,-0.183206,-3.580153
0.386719,0.797363,-0.470947,-6.59542,0.480916,-3.740458
0.370361,0.817383,-0.476074,-6.328244,2.083969,-1.572519
0.338379,0.804199,-0.47583,-5.29771,2.564885,1.007634
0.331299,0.847412,-0.459473,-4.923664,4.198473,1.358779
0.364014,0.821045,-0.442871,-4.541985,1.725191,1.137405
0.403564,0.823242,-0.444336,-4.076336,0.076336,1.648855
0.431396,0.82251,-0.46167,-3.770992,-0.152672,0.198473
0.404785,0.823486,-0.472656,-3.694656,0.290076,-0.664122
0.387207,0.818604,-0.457764,-3.221374,0.854962,-1.229008
0.376953,0.821777,-0.45874,-2.984733,0.610687,-0.641221
0.395752,0.803955,-0.465332,-3.160305,0.603053,0.961832
0.407715,0.785889,-0.471191,-2.732824,2.068702,1.885496
0.41748,0.756592,-0.424805,-2.091603,3.541985,1.587786
0.404053,0.772461,-0.430908,-0.778626,3.267176,1.541985
0.444824,0.796631,-0.460938,1.0,3.832061,3.015267
0.408691,0.804199,-0.46582,1.251908,4.923664,2.145038
0.368652,0.814697,-0.459229,1.320611,4.717557,2.832061
0.375,0.816162,-0.462158,0.977099,2.770992,2.358779
0.424072,0.829346,-0.474121,0.694656,3.534351,4.091603
0.447266,0.822021,-0.487061,0.496183,4.534351,6.19084
0.445312,0.815918,-0.474854,1.045802,5.984733,5.496183
0.398193,0.826416,-0.461426,1.564885,7.076336,7.267176
0.355225,0.820068,-0.456299,1.931298,5.473282,6.061069
0.399902,0.808105,-0.463623,1.900763,3.603053,5.59542
0.445801,0.770752,-0.48999,0.328244,1.755725,4.358778
0.496094,0.77002,-0.504639,-0.038168,4.717557,2.221374
0.408203,0.80249,-0.45752,-0.083969,5.992366,2.633588
0.366211,0.816895,-0.438721,-0.412214,2.152672,3.366412
0.416504,0.794434,-0.452881,0.671756,2.053435,3.480916
0.39917,0.842773,-0.455078,0.946565,3.938931,5.40458
0.407715,0.803223,-0.453125,2.145038,3.625954,4.755725
0.419434,0.799316,-0.44458,2.694656,2.900763,5.175572
0.414551,0.813721,-0.459717,2.839695,1.80916,6.931298
0.422363,0.79126,-0.474854,2.290076,0.656489,6.412214
0.439453,0.7771,-0.493652,1.732824,-0.412214,4.167939
0.453125,0.789307,-0.494629,1.061069,1.083969,4.40458
0.440186,0.818359,-0.489014,0.29771,1.427481,3.435115
0.439209,0.787842,-0.460449,0.152672,1.114504,1.748092
0.422852,0.809814,-0.476562,-0.847328,-1.496183,3.282443
0.455322,0.790283,-0.487549,-1.442748,-1.900763,2.389313
0.467041,0.790039,-0.503662,-2.083969,-0.824427,1.396947
0.462891,0.770264,-0.486328,-2.038168,0.832061,-0.251908
0.429688,0.78833,-0.465576,-2.320611,0.374046,0.641221
0.429199,0.78418,-0.458984,-2.580153,-1.244275,0.78626
0.452148,0.787354,-0.473145,-2.70229,-1.801527,0.694656
0.436035,0.799561,-0.47583,-2.992366,-1.732824,0.679389
0.440186,0.81665,-0.476074,-2.931298,-2.129771,-0.114504
0.428467,0.814209,-0.459961,-3.259542,-4.160306,-0.274809
0.456543,0.796143,-0.445068,-3.274809,-5.526718,-1.129771
0.460205,0.786865,-0.45459,-2.977099,-5.778626,-0.305344
0.460205,0.775635,-0.452393,-1.458015,-3.526718,1.259542
0.399658,0.781006,-0.42749,0.29771,-2.053435,4.045802
0.346436,0.783936,-0.426025,1.473282,-3.541985,5.129771
0.381592,0.771973,-0.445312,2.793893,-3.70229,7.625954
0.42041,0.773682,-0.479248,3.015267,-2.664122,9.030535
0.442871,0.774902,-0.481689,2.969466,-2.580153,8.725191
0.486572,0.753418,-0.497559,2.503817,-1.877863,8.282443
0.47876,0.77832,-0.498535,1.572519,-1.366412,7.900764
0.476318,0.785645,-0.491455,1.503817,0.709924,8.770992
0.452148,0.767822,-0.491943,1.175573,-1.519084,5.419847
0.442139,0.791016,-0.488037,0.022901,-1.854962,7.328244
0.4729,0.772705,-0.476074,0.099237,-2.328244,5.274809
0.46875,0.777588,-0.493896,-0.473282,-1.061069,5.229008
0.458496,0.789307,-0.499268,0.603053,0.282443,2.435115
0.457275,0.705322,-0.471191,-0.725191,0.572519,1.038168
0.465088,0.839844,-0.481934,-1.847328,-0.618321,4.366412
0.465088,0.739014,-0.475342,-1.80916,-1.923664,2.221374
0.468994,0.770508,-0.495605,-1.465649,0.167939,1.167939
0.456055,0.766846,-0.473145,-1.145038,0.832061,2.083969
0.432617,0.79541,-0.477295,-1.022901,-0.061069,1.419847
0.455078,0.769287,-0.477539,-1.427481,-1.603053,0.938931
0.367676,0.923096,-0.558594,-5.755725,-5.564886,-0.717557
0.564941,0.685547,-0.566162,-2.679389,2.740458,-1.748092
0.457031,0.712891,-0.439941,-2.473282,6.572519,-6.679389
0.368652,0.881104,-0.396484,-4.10687,0.137405,2.183206
0.452148,0.757568,-0.436768,-2.557252,-6.38168,-3.206107
0.458496,0.796875,-0.526367,-2.839695,-1.091603,0.068702
0.4646,0.765381,-0.517578,-2.671756,2.099237,-3.381679
0.429443,0.781738,-0.468994,-2.396947,1.381679,-4.389313
0.454102,0.787598,-0.451416,-3.061069,-1.145038,-3.0
0.474365,0.770996,-0.483643,-3.21374,-2.603053,-2.70229
0.478271,0.779785,-0.5,-3.816794,-2.053435,-3.687023
0.46582,0.772461,-0.504639,-4.458015,-1.068702,-3.59542
0.466064,0.765137,-0.496826,-4.969466,-0.427481,-4.328244
0.470215,0.781494,-0.483154,-5.419847,-0.839695,-4.21374
0.45459,0.787109,-0.477051,-5.91603,-1.40458,-4.801527
0.458008,0.77417,-0.470947,-6.29771,-2.610687,-5.793893
0.471436,0.771973,-0.479248,-6.38168,-2.832061,-6.29771
0.465332,0.766357,-0.480957,-6.725191,-2.862595,-6.717557
0.470703,0.767334,-0.484131,-7.137404,-2.854962,-7.312977
0.469971,0.767822,-0.477051,-7.167939,-1.78626,-7.839694
0.452148,0.779297,-0.480713,-7.412214,-2.198473,-7.122138
0.457031,0.774658,-0.462158,-7.129771,-2.335878,-7.70229
0.450195,0.781006,-0.471436,-7.007634,-2.396947,-8.167939
0.445801,0.776123,-0.471436,-6.89313,-2.503817,-8.366412
0.450928,0.775146,-0.471191,-6.694656,-2.435115,-8.419847
0.454102,0.779297,-0.466309,-6.709924,-2.671756,-8.854961
0.439697,0.788574,-0.454834,-6.89313,-3.053435,-8.442748
0.452637,0.776123,-0.46875,-6.931298,-3.671756,-7.877862
0.450195,0.787354,-0.468018,-6.51145,-2.694656,-7.862596
0.444092,0.794189,-0.462891,-5.587786,-1.625954,-7.374046
0.42627,0.79541,-0.441406,-5.374046,-2.740458,-6.78626
0.437988,0.792236,-0.451416,-4.900764,-3.725191,-6.496183
0.417236,0.810791,-0.478027,-4.267176,-2.870229,-5.061069
0.448486,0.752441,-0.468506,-4.610687,-5.08397,-8.763359
0.463867,0.806396,-0.487061,-5.061069,-3.0,-5.961832
0.462646,0.772461,-0.477051,-5.091603,-3.229008,-7.40458
0.431152,0.805176,-0.469238,-5.114504,-1.053435,-6.053435
0.413086,0.793457,-0.447998,-4.450382,-2.473282,-6.328244
0.395508,0.812256,-0.447998,-3.832061,-1.0,-4.435114
0.384521,0.97583,-0.42627,0.618321,2.351145,-6.167939
0.472656,0.601807,-0.426514,-1.633588,-7.541985,-6.198473
0.537354,0.828857,-0.48877,-2.664122,-1.29771,-6.80916
0.455322,0.811523,-0.476807,-3.679389,-2.061069,-3.282443
0.387695,0.802002,-0.470459,-3.335878,-0.580153,-6.458015
015
