time,xacc,yacc,zacc,xgyro,ygyro,zgyro
844000067,1.0502929688,-0.2661132812,-0.4416503906,-1.8320610523, 0.8244274855, -1.9847328663
844010067,1.0463867188,-0.2680664062,-0.4421386719,-1.6641221046, 1.4045801163, -2.0458016396
844020067,1.0534667969,-0.2690429688,-0.4421386719,-1.6030534506, 1.3435114622, -1.9389313459
844030067,1.0490722656,-0.2644042969,-0.4399414062,-1.4351145029, 1.5419846773, -1.7862595320
844040067,1.0510253906,-0.2717285156,-0.4423828125,-1.5725190639, 1.4656488895, -1.7251908779
844050067,1.0505371094,-0.2690429688,-0.4455566406,-1.8473281860, 1.5267175436, -1.8320610523
844060067,1.0512695312,-0.2670898438,-0.4431152344,-1.7251908779, 1.2213740349, -1.6488549709
844070067,1.0532226562,-0.2690429688,-0.4348144531,-1.8167939186, 1.2366411686, -1.3740458488
844080067,1.0522460938,-0.2673339844,-0.4340820312,-1.7099236250, 1.2519084215, -1.4351145029
844090067,1.0532226562,-0.2666015625,-0.4472656250,-1.4656488895, 1.0992366076, -1.4198473692
844100067,1.0541992188,-0.2668457031,-0.4367675781,-1.5725190639, 1.5419846773, -1.5267175436
844110067,1.0493164062,-0.2661132812,-0.4299316406,-1.4809160233, 1.3129770756, -1.4503816366
844120067,1.0434570312,-0.2631835938,-0.4440917969,-1.4961831570, 1.4809160233, -1.5877863169
844130067,1.0546875000,-0.2685546875,-0.4467773438,-1.5572519302, 1.7251908779, -1.8625954390
844140067,1.0490722656,-0.2687988281,-0.4445800781,-1.8320610523, 1.9389313459, -1.6030534506
844150067,1.0476074219,-0.2641601562,-0.4443359375,-1.9847328663, 1.8167939186, -1.6335878372
844160067,1.0483398438,-0.2685546875,-0.4345703125,-1.7557251453, 1.7099236250, -1.9847328663
844170067,1.0478515625,-0.2709960938,-0.4406738281,-1.7251908779, 1.1755725145, -2.2748091221
844180067,1.0444335938,-0.2651367188,-0.4343261719,-1.9541984797, 0.5190839767, -2.4580152035
844190067,1.0468750000,-0.2653808594,-0.4318847656,-1.8473281860, -0.1832061112, -2.5190839767
844200067,1.0527343750,-0.2744140625,-0.4399414062,-1.6030534506, -0.8244274855, -2.4122138023
844210067,1.0505371094,-0.2697753906,-0.4396972656,-1.7251908779, -0.3358778656, -2.4274809361
844240067,1.0588378906,-0.2661132812,-0.4384765625,-1.8625954390, 0.4885496199, -1.5419846773
844250067,1.0554199219,-0.2709960938,-0.4431152344,-1.9847328663, 1.0534350872, -1.9083969593
844260067,1.0505371094,-0.2639160156,-0.4526367188,-2.0458016396, 1.5877863169, -1.6946564913
844270067,1.0471191406,-0.2619628906,-0.4448242188,-1.8931298256, 2.2137403488, -0.6106870174
844280067,1.0490722656,-0.2646484375,-0.4516601562,-1.5877863169, 1.8931298256, 0.0305343512
844290067,1.0397949219,-0.2639160156,-0.4499511719,-1.5114504099, 1.3129770756, 0.2442748100
844300067,1.0458984375,-0.2700195312,-0.4504394531,-1.4351145029, 1.0687023401, -0.5496183038
844310067,1.0490722656,-0.2692871094,-0.4514160156,-1.8167939186, 1.9541984797, -1.8320610523
844320067,1.0461425781,-0.2683105469,-0.4448242188,-1.6335878372, 3.1145038605, -3.1908397675
844330067,1.0437011719,-0.2692871094,-0.4584960938,-2.1679389477, 4.5038166046, -4.0458016396
844340067,1.0351562500,-0.2722167969,-0.4443359375,-2.3664121628, 5.3893127441, -4.5190839767
844350067,1.0375976562,-0.2590332031,-0.4394531250,-2.4274809361, 5.0839695930, -4.1526718140
844360067,1.0434570312,-0.2536621094,-0.4318847656,-1.9389313459, 4.0458016396, -3.2061069012
844370067,1.0446777344,-0.2653808594,-0.4184570312,-1.9236640930, 2.1526718140, -2.5496182442
844380067,1.0559082031,-0.2636718750,-0.4196777344,-1.6335878372, 0.2595419884, -2.1068701744
844390067,1.0578613281,-0.2685546875,-0.4062500000,-1.5572519302, -0.7175572515, -1.9389313459
844400067,1.0673828125,-0.2712402344,-0.4218750000,-1.6488549709, -0.8244274855, -1.6488549709
844410067,1.0683593750,-0.2670898438,-0.4375000000,-1.3893129826, -0.1832061112, -1.4503816366
844420067,1.0656738281,-0.2734375000,-0.4423828125,-1.7099236250, 0.1374045759, -1.3587785959
844430067,1.0576171875,-0.2697753906,-0.4455566406,-1.6488549709, 0.4885496199, -1.3893129826
844440067,1.0622558594,-0.2666015625,-0.4433593750,-1.5877863169, 0.4427480996, -1.2366411686
844450067,1.0527343750,-0.2629394531,-0.4467773438,-1.6335878372, 0.3969465792, -0.9923664331
844460067,1.0615234375,-0.2636718750,-0.4462890625,-1.4961831570, 0.3969465792, -0.5343511701
844470067,1.0556640625,-0.2612304688,-0.4465332031,-1.6335878372, 0.5343511701, -0.5343511701
844480215,1.0588378906,-0.2631835938,-0.4458007812,-1.2977099419, 0.9618320465, -0.7480915785
844490067,1.0588378906,-0.2644042969,-0.4506835938,-1.3740458488, 1.5725190639, -1.2824426889
844500067,1.0505371094,-0.2683105469,-0.4438476562,-1.3893129826, 2.0763359070, -1.9847328663
844510072,1.0463867188,-0.2678222656,-0.4360351562,-1.5572519302, 2.4732823372, -2.2900762558
844520067,1.0437011719,-0.2661132812,-0.4365234375,-1.6183205843, 2.3969466686, -2.3511450291
844530067,1.0417480469,-0.2749023438,-0.4382324219,-1.7099236250, 1.8778625727, -2.1068701744
844540067,1.0441894531,-0.2719726562,-0.4291992188,-1.6946564913, 1.3129770756, -1.9236640930
844550067,1.0473632812,-0.2631835938,-0.4245605469,-1.5877863169, 0.4580152631, -1.4045801163
844560067,1.0468750000,-0.2585449219,-0.4343261719,-1.4809160233, -0.1068702266, -1.0229008198
844570067,1.0507812500,-0.2648925781,-0.4343261719,-1.2824426889, -0.1832061112, -1.1755725145
844580067,1.0524902344,-0.2651367188,-0.4357910156,-1.3129770756, 0.4427480996, -1.3740458488
844590067,1.0546875000,-0.2685546875,-0.4477539062,-1.4961831570, 1.4198473692, -1.6793893576
844600067,1.0434570312,-0.2736816406,-0.4511718750,-1.3435114622, 2.2900762558, -1.9236640930
844610067,1.0517578125,-0.2714843750,-0.4511718750,-1.2213740349, 2.9465649128, -1.9847328663
844640067,1.0756835938,-0.2678222656,-0.4299316406,-1.9389313459, 1.2977099419, -2.3816792965
844650067,1.0793457031,-0.2670898438,-0.4401855469,-1.8625954390, 0.8091602921, -1.4961831570
844660067,1.0805664062,-0.2683105469,-0.4472656250,-1.6793893576, 1.7251908779, -0.3664122224
844670067,1.0686035156,-0.2656250000,-0.4497070312,-1.6030534506, 3.6183207035, 0.8702290058
844680067,1.0747070312,-0.2661132812,-0.4389648438,-1.4045801163, 5.6335878372, 2.1832060814
844690067,1.0532226562,-0.2727050781,-0.4313964844,-1.2824426889, 6.8244276047, 3.3282442093
844700067,1.0422363281,-0.2709960938,-0.4370117188,-0.7480915785, 7.6946563721, 3.6793892384
844710067,1.0268554688,-0.2790527344,-0.4301757812,-0.9007633328, 7.4503817558, 3.4198472500
844740067,1.0231933594,-0.2717285156,-0.4123535156,-1.0992366076, 2.8091602325, -1.4045801163
844750067,1.0324707031,-0.2668457031,-0.4267578125,-1.7709923983, 0.5648854971, -2.9312977791
844760067,1.0390625000,-0.2656250000,-0.4360351562,-2.0458016396, -0.5038167834, -3.2824428082
844770067,1.0495605469,-0.2614746094,-0.4426269531,-2.3816792965, -1.1450381279, -2.9160306454
844780067,1.0622558594,-0.2607421875,-0.4414062500,-2.2290077209, -0.5038167834, -2.3816792965
844790067,1.0737304688,-0.2585449219,-0.4453125000,-2.1374046803, 0.4732824564, -1.7251908779
844800067,1.0847167969,-0.2626953125,-0.4348144531,-2.0916030407, 1.8167939186, -0.4885496199
844810067,1.0869140625,-0.2592773438,-0.4338378906,-2.2442748547, 2.2137403488, 0.9770992398
844820067,1.0930175781,-0.2626953125,-0.4304199219,-2.5343511105, 2.2290077209, 3.0076336861
844830067,1.1071777344,-0.2587890625,-0.4255371094,-2.7786259651, 1.7862595320, 4.2748093605
844840067,1.1079101562,-0.2656250000,-0.4262695312,-3.2366411686, 1.0992366076, 5.2671756744
844850067,1.1137695312,-0.2631835938,-0.4272460938,-3.6641221046, 0.6564885378, 6.1832060814
844860067,1.1232910156,-0.2714843750,-0.4421386719,-3.8778626919, 1.8625954390, 5.2519083023
844870067,1.1113281250,-0.2744140625,-0.4484863281,-4.6106872559, 4.8854961395, 2.1526718140
844880067,1.0537109375,-0.2744140625,-0.4621582031,-4.6870226860, 10.0610685349, -0.4427480996
844890067,0.9914550781,-0.2736816406,-0.4670410156,-3.8473281860, 17.8931293488, -0.7022900581
844900067,0.9260253906,-0.2839355469,-0.4619140625,-1.7251908779, 25.6335868835, 2.1526718140
844910067,0.8703613281,-0.2871093750,-0.4162597656,-0.0152671756, 28.0916023254, 5.5267176628
844920067,0.8527832031,-0.2937011719,-0.3901367188,1.5114504099, 23.1450386047, 7.2671756744
844930067,0.8923339844,-0.3022460938,-0.3798828125,1.1297709942, 12.7328243256, 6.8244276047
844940067,0.9775390625,-0.2866210938,-0.3933105469,-0.1832061112, 2.9160306454, 6.3358778954
844950067,1.0708007812,-0.2792968750,-0.4184570312,-1.8625954390, -3.5419847965, 8.8091602325
844960067,1.1450195312,-0.2849121094,-0.4399414062,-3.2977099419, -5.5419845581, 13.4656486511
844970067,1.1584472656,-0.3063964844,-0.4606933594,-3.8473281860, -3.8931298256, 16.7480907440
844980067,1.1567382812,-0.3332519531,-0.4616699219,-3.7862596512, -0.3053435087, 15.9541988373
844990067,1.1250000000,-0.3244628906,-0.4436035156,-2.9618320465, 2.6412212849, 12.4885492325
845000067,1.0969238281,-0.3063964844,-0.3850097656,-0.9007633328, 2.7175571918, 8.7175569534
845010067,1.0703125000,-0.2790527344,-0.3444824219,1.0687023401, -0.9007633328, 5.0534353256
845020067,1.0275878906,-0.2456054688,-0.3061523438,2.3358778954, -8.0000000000, 2.2900762558
845030067,1.0021972656,-0.2255859375,-0.2915039062,2.9770991802, -15.9083967209, 0.0152671756
845040067,0.9882812500,-0.2202148438,-0.3039550781,3.8778626919, -20.8854961395, -0.9312977195
845050067,0.9738769531,-0.2229003906,-0.3337402344,4.6412215233, -21.4809169769, 0.7328244448
845060067,0.9572753906,-0.2556152344,-0.3596191406,4.9465646744, -18.7175579071, 3.3435113430
845070067,0.9509277344,-0.3007812500,-0.3813476562,4.6564884186, -15.5267171860, 5.4198474884
845080067,0.9550781250,-0.3410644531,-0.3852539062,3.9389312267, -14.4885492325, 9.3740453720
845090067,0.9624023438,-0.4055175781,-0.4050292969,3.4656488895, -15.7709922791, 10.4122133255
845100067,0.9606933594,-0.4523925781,-0.4069824219,1.7557251453, -16.7786254883, 6.4580154419
845110067,0.9655761719,-0.4658203125,-0.4123535156,0.7022900581, -17.5419845581, 0.1374045759
845120067,0.9743652344,-0.4479980469,-0.3806152344,-0.4580152631, -18.8396949768, -5.3740458488
845130067,0.9963378906,-0.4226074219,-0.3652343750,-0.9007633328, -20.6259536743, -8.7786254883
845140067,1.0131835938,-0.3959960938,-0.3569335938,0.1832061112, -23.5572509766, -11.1755723953
845150067,1.0109863281,-0.3718261719,-0.3710937500,1.8625954390, -26.0458011627, -11.4656486511
845160067,1.0197753906,-0.3369140625,-0.3806152344,3.9847328663, -27.2977104187, -10.8091602325
845170067,1.0417480469,-0.3186035156,-0.3972167969,4.9465646744, -28.2290077209, -11.3129768372
845180067,1.0334472656,-0.3334960938,-0.3972167969,5.7099237442, -30.1221370697, -11.4198474884
845190067,1.0336914062,-0.3212890625,-0.4223632812,5.8167939186, -32.1832046509, -10.5343513489
845200067,1.0390625000,-0.3186035156,-0.4245605469,5.0381679535, -33.6488533020, -8.6717557907
845210067,1.0419921875,-0.3376464844,-0.4506835938,5.4503817558, -32.1984748840, -7.4198474884
845220067,1.0544433594,-0.3273925781,-0.4775390625,6.3053436279, -30.9160308838, -8.2137403488
845230067,1.0727539062,-0.3417968750,-0.5087890625,5.9389314651, -31.2977104187, -9.7709922791
845240067,1.0805664062,-0.3073730469,-0.5393066406,7.4656486511, -32.1526718140, -8.9618320465
845250067,1.1074218750,-0.3032226562,-0.5666503906,9.5725193024, -30.8091602325, -6.7175574303
845260067,1.0922851562,-0.2934570312,-0.5859375000,9.3587789536, -30.0000000000, -2.8854961395
845270067,1.0837402344,-0.2880859375,-0.5837402344,9.4198474884, -30.4427490234, -3.6030533314
845280067,1.0744628906,-0.2377929688,-0.5820312500,9.9389314651, -31.8625946045, -8.2595415115
845290067,1.0546875000,-0.1977539062,-0.5759277344,8.3358774185, -31.8778629303, -6.3358778954
845300067,1.0629882812,-0.1660156250,-0.5646972656,4.2900762558, -30.5801525116, -1.9541984797
845310067,1.0676269531,-0.2192382812,-0.5493164062,7.2061066628, -31.0839691162, -5.6335878372
845320067,1.0617675781,-0.1936035156,-0.5607910156,6.5343513489, -30.5954189301, -0.0458015278
845330067,1.0529785156,-0.1743164062,-0.5739746094,8.5496187210, -29.4503822327, -0.1068702266
845340067,1.0595703125,-0.1818847656,-0.5869140625,8.9923667908, -27.8320617676, 2.1374046803
845350067,1.0217285156,-0.2026367188,-0.5939941406,10.1221370697, -27.7099227905, 3.2671756744
845360067,0.9992675781,-0.2192382812,-0.5524902344,11.8167934418, -28.6412220001, 1.8625954390
845370067,0.9897460938,-0.1940917969,-0.5302734375,9.1908397675, -29.3587779999, 7.1755723953
845380067,0.9958496094,-0.1948242188,-0.5178222656,8.3664121628, -33.0534362793, 5.8015265465
845390067,1.0065917969,-0.2170410156,-0.5065917969,9.1603050232, -37.4198455811, 4.8702292442
845400067,1.0178222656,-0.1740722656,-0.5170898438,11.2977094650, -41.4809150696, 9.0229005814
845410067,1.0122070312,-0.2160644531,-0.5646972656,10.7633590698, -40.6259536743, 16.2137413025
845420067,1.0415039062,-0.1728515625,-0.5820312500,13.5725193024, -36.8244285583, 13.8167934418
845430067,1.0170898438,-0.1545410156,-0.5983886719,14.5648851395, -30.9923667908, 17.7251911163
845440067,0.9660644531,-0.1767578125,-0.5942382812,16.6564884186, -27.7099227905, 14.9312973022
845450067,0.8999023438,-0.1684570312,-0.5949707031,15.2977094650, -27.4503822327, 16.1221370697
845460067,0.8762207031,-0.1882324219,-0.6125488281,11.2213745117, -29.1755733490, 22.3969459534
845470067,0.9020996094,-0.2368164062,-0.6083984375,12.5648851395, -31.7404575348, 17.8625946045
845480278,0.9433593750,-0.2255859375,-0.6240234375,13.8015270233, -32.4274826050, 18.4885501862
845490067,0.9726562500,-0.1889648438,-0.6469726562,8.7175569534, -30.6412220001, 32.3053436279
845500067,0.9865722656,-0.3371582031,-0.6520996094,12.2900762558, -29.6183204651, 26.3664131165
845510067,0.9831542969,-0.3010253906,-0.6491699219,12.4580154419, -28.7328243256, 24.0458011627
845520067,0.9624023438,-0.2849121094,-0.6813964844,8.8549613953, -26.4580154419, 27.6793899536
845530067,0.9389648438,-0.3027343750,-0.6584472656,8.7022905350, -24.1068706512, 20.6717548370
845540067,0.9174804688,-0.2944335938,-0.6496582031,8.8702287674, -22.3969459534, 17.6641216278
845550067,0.9067382812,-0.3063964844,-0.6281738281,9.6946563721, -21.5114498138, 19.9083976746
845560067,0.9174804688,-0.3007812500,-0.6325683594,9.9694652557, -22.8549613953, 24.8396949768
845570067,0.9094238281,-0.3576660156,-0.6457519531,10.1374044418, -24.9923667908, 30.3816795349
845580446,0.8969726562,-0.3994140625,-0.6689453125,10.7633590698, -27.0687026978, 28.7175579071
845590067,0.9099121094,-0.4125976562,-0.6918945312,11.9694652557, -25.3435115814, 23.5725193024
845600067,0.8964843750,-0.3923339844,-0.6999511719,12.2748088837, -22.1984729767, 20.7480907440
845610067,0.9016113281,-0.3742675781,-0.6765136719,10.2748088837, -19.8778629303, 22.2442741394
845640067,0.9050292969,-0.3759765625,-0.6484375000,13.0381679535, -21.5572509766, 25.3129768372
845650067,0.8894042969,-0.3564453125,-0.6401367188,11.6793889999, -25.1450386047, 26.9923667908
845660067,0.8681640625,-0.3671875000,-0.6374511719,13.8473281860, -29.9083976746, 27.2977104187
845670067,0.8784179688,-0.4270019531,-0.6530761719,14.0305347443, -31.0381679535, 23.8015270233
845680067,0.8813476562,-0.4216308594,-0.6914062500,14.5343513489, -30.5648860931, 26.5190830231
845690067,0.8923339844,-0.4462890625,-0.7216796875,16.0763359070, -27.0229015350, 32.5954208374
845700067,0.8383789062,-0.4960937500,-0.7150878906,20.4885501862, -20.9618320465, 24.8396949768
845710067,0.7807617188,-0.4143066406,-0.7050781250,20.0916023254, -17.2366409302, 29.5877857208
845720067,0.8176269531,-0.4807128906,-0.6806640625,20.4122142792, -14.0763359070, 33.4809150696
845730067,0.8476562500,-0.4291992188,-0.6591796875,19.8625946045, -14.3053436279, 37.1450386047
845740067,0.8247070312,-0.3969726562,-0.6398925781,19.8167934418, -16.7328243256, 36.8854980469
845750067,0.8540039062,-0.5529785156,-0.6403808594,19.8473281860, -16.7938938141, 29.5877857208
845760067,0.8293457031,-0.4384765625,-0.5952148438,20.2900772095, -17.5572509766, 21.9694652557
845770067,0.8403320312,-0.4873046875,-0.6025390625,16.8396949768, -20.6870231628, 22.7633590698
845780067,0.8322753906,-0.5034179688,-0.6162109375,20.4885501862, -23.6641216278, 20.7633590698
845790067,0.8378906250,-0.5073242188,-0.6630859375,21.6488552094, -22.7480907440, 25.8015270233
845800067,0.8129882812,-0.5261230469,-0.6862792969,22.8396949768, -20.7786254883, 30.8244266510
845810067,0.7849121094,-0.5788574219,-0.7275390625,22.6564884186, -15.6488552094, 30.5801525116
845820067,0.7609863281,-0.5424804688,-0.7233886719,21.0992374420, -10.9618320465, 36.3664131165
845830067,0.7199707031,-0.5153808594,-0.6933593750,21.1755733490, -7.8778624535, 35.1603050232
845840067,0.7177734375,-0.4812011719,-0.6923828125,20.6564884186, -6.1832060814, 43.7251892090
845850067,0.7578125000,-0.4853515625,-0.6877441406,20.9465656281, -3.7862596512, 41.2061080933
845860067,0.7707519531,-0.4697265625,-0.6625976562,20.1832065582, -0.9923664331, 42.5801544189
845870067,0.7436523438,-0.5100097656,-0.6523437500,20.9465656281, 0.3053435087, 38.0305328369
845880067,0.7658691406,-0.5073242188,-0.6269531250,24.1679382324, -0.4427480996, 35.1450386047
845890067,0.7802734375,-0.5161132812,-0.6433105469,24.6106872559, -0.9160305262, 32.7938919067
845900067,0.7729492188,-0.4934082031,-0.6472167969,24.9465656281, 0.6564885378, 30.7328243256
845910067,0.7783203125,-0.5751953125,-0.6601562500,26.7175579071, 1.7099236250, 31.4351139069
845920067,0.7802734375,-0.5449218750,-0.6518554688,27.1908397675, 0.1832061112, 31.3282451630
845930067,0.7766113281,-0.5888671875,-0.6584472656,26.7938938141, -0.2290076315, 33.7557258606
845940067,0.7407226562,-0.6152343750,-0.6625976562,27.0229015350, 0.0610687025, 31.8625946045
845950067,0.7119140625,-0.5917968750,-0.6547851562,26.9312973022, 0.6717557311, 35.3893127441
845960067,0.6879882812,-0.6552734375,-0.6320800781,27.1908397675, -0.6259542108, 36.1068687439
845970067,0.6298828125,-0.5947265625,-0.5876464844,28.3816795349, -1.4656488895, 31.5877857208
845980067,0.7004394531,-0.7385253906,-0.6472167969,26.0763359070, -2.3969466686, 39.0381660461
845990067,0.7111816406,-0.6887207031,-0.6452636719,26.3358783722, 0.4732824564, 33.4045791626
846000067,0.7065429688,-0.6528320312,-0.6462402344,26.3511447906, 3.2824428082, 31.0687026978
846010067,0.7241210938,-0.6501464844,-0.6347656250,26.6106872559, 6.2442746162, 29.3129768372
846020067,0.7055664062,-0.6289062500,-0.6333007812,23.5725193024, 8.6412210464, 32.7022895813
846030067,0.6967773438,-0.6774902344,-0.6059570312,22.6870231628, 9.6488552094, 30.4580154419
846040067,0.6384277344,-0.7268066406,-0.5837402344,23.3587779999, 6.3969464302, 28.9160308838
846050067,0.6833496094,-0.6774902344,-0.6064453125,23.7709922791, 6.2290077209, 27.8778629303
846060067,0.7316894531,-0.6347656250,-0.5793457031,24.9312973022, 9.2977094650, 32.5038185120
846070067,0.6965332031,-0.6574707031,-0.5747070312,23.4351139069, 10.4427480698, 33.7862586975
846080067,0.6667480469,-0.6855468750,-0.5710449219,21.3129768372, 11.2977094650, 30.9923667908
846090067,0.6704101562,-0.7753906250,-0.5527343750,20.7786254883, 11.0839691162, 25.1755733490
846100067,0.6440429688,-0.7343750000,-0.5498046875,19.3435115814, 12.1984729767, 25.0839691162
846110067,0.6081542969,-0.7536621094,-0.5302734375,17.6641216278, 7.0381679535, 27.5725193024
846120067,0.6450195312,-0.7690429688,-0.5668945312,19.6488552094, 7.3435115814, 21.4961833954
846130067,0.6618652344,-0.7219238281,-0.5827636719,20.1374053955, 6.7786259651, 24.8854961395
846140067,0.6796875000,-0.7573242188,-0.5661621094,20.9312973022, 6.5801525116, 24.2748088837
846150067,0.6550292969,-0.7526855469,-0.5488281250,21.5725193024, 3.5877861977, 25.9541988373
846160067,0.6889648438,-0.6809082031,-0.5266113281,24.0000000000, 0.7328244448, 24.6106872559
846170067,0.6933593750,-0.6611328125,-0.5275878906,23.4503822327, 0.6259542108, 28.9007625580
846180067,0.6694335938,-0.6687011719,-0.5075683594,22.6870231628, 1.0381679535, 29.8015270233
846190067,0.6459960938,-0.7077636719,-0.5161132812,18.9007625580, -1.9847328663, 32.7175559998
846200067,0.6633300781,-0.7465820312,-0.5275878906,17.4809169769, -0.1679389328, 29.4503822327
846210067,0.6245117188,-0.7646484375,-0.5415039062,17.7862586975, -1.2213740349, 22.7786254883
846220067,0.6225585938,-0.7727050781,-0.5524902344,17.5114498138, -1.7251908779, 23.2061061859
846230067,0.6513671875,-0.7465820312,-0.5788574219,18.0916023254, -0.3816793859, 24.2748088837
846240067,0.6613769531,-0.7297363281,-0.5610351562,20.0152664185, 0.1221374050, 26.7328243256
846250067,0.6848144531,-0.7102050781,-0.5512695312,20.1832065582, 1.7404580116, 29.0687026978
846260067,0.6728515625,-0.7231445312,-0.5253906250,20.0458011627, 2.6106870174, 30.1068706512
846270067,0.6618652344,-0.7399902344,-0.4948730469,20.0763359070, 1.3740458488, 30.1221370697
846280067,0.6613769531,-0.7580566406,-0.4868164062,20.5038166046, -1.1297709942, 29.7404575348
846290067,0.6281738281,-0.7761230469,-0.4804687500,20.2137413025, -2.8854961395, 28.9007625580
846300067,0.6093750000,-0.7907714844,-0.4987792969,19.9083976746, -3.5572519302, 26.5038166046
846310067,0.6010742188,-0.8061523438,-0.5068359375,19.5877857208, -2.4885497093, 23.5725193024
846320067,0.5913085938,-0.8110351562,-0.5078125000,18.5343513489, -2.3969466686, 21.5114498138
846330067,0.5537109375,-0.8505859375,-0.5131835938,18.2900772095, -3.6335878372, 23.1908397675
846340067,0.5727539062,-0.8210449219,-0.4904785156,17.9389305115, -3.8778626919, 18.7938938141
846350067,0.6025390625,-0.8056640625,-0.4885253906,17.8473281860, -3.5572519302, 22.4274806976
846360067,0.5854492188,-0.8151855469,-0.4733886719,17.9236640930, -5.6488547325, 24.3816795349
846370067,0.5834960938,-0.8471679688,-0.4716796875,17.3282451630, -7.1755723953, 22.9770984650
846380067,0.5656738281,-0.8320312500,-0.4604492188,15.9847326279, -8.3511447906, 23.2519092560
846390067,0.5578613281,-0.8339843750,-0.4768066406,14.2442750931, -8.9770994186, 24.4732818604
846400067,0.5576171875,-0.8574218750,-0.4921875000,13.4351148605, -8.6564884186, 22.8702297211
846410067,0.5483398438,-0.8674316406,-0.5063476562,12.4885492325, -7.7862596512, 16.5496177673
846420067,0.5480957031,-0.8466796875,-0.4948730469,10.8549613953, -5.3740458488, 16.9923667908
846430067,0.5278320312,-0.9050292969,-0.5029296875,11.9694652557, -5.3587784767, 15.2519083023
846440067,0.5283203125,-0.8610839844,-0.4921875000,9.8625955582, -5.6030535698, 11.2671756744
846450067,0.5217285156,-0.8979492188,-0.4948730469,9.1755723953, -5.3435115814, 11.2977094650
846460067,0.5219726562,-0.8735351562,-0.5087890625,8.6870231628, -5.3435115814, 7.5114502907
846470067,0.5273437500,-0.8750000000,-0.4951171875,8.1832065582, -4.3358778954, 6.8702292442
846480219,0.5622558594,-0.8027343750,-0.4980468750,7.7557253838, -2.7938930988, 8.3511447906
846490067,0.5495605469,-0.8378906250,-0.4975585938,9.6183204651, -1.3740458488, 9.1145038605
846500067,0.5690917969,-0.7844238281,-0.4934082031,9.5267171860, -1.1603053808, 9.8778629303
846510067,0.5505371094,-0.7924804688,-0.4743652344,9.4809160233, -2.0305342674, 12.2137403488
846520067,0.5446777344,-0.8305664062,-0.4812011719,10.1526718140, -2.1984732151, 11.4961833954
846530067,0.5334472656,-0.8347167969,-0.4575195312,9.1603050232, -2.5496182442, 8.6106872559
846540067,0.5358886719,-0.8605957031,-0.4707031250,8.1374044418, -2.1832060814, 7.6335878372
846550067,0.5515136719,-0.8601074219,-0.4729003906,7.2366414070, -1.0992366076, 7.3587784767
846560067,0.5498046875,-0.8481445312,-0.4824218750,6.6259541512, -0.4580152631, 9.4961833954
846570067,0.5524902344,-0.8532714844,-0.4807128906,6.1984734535, -0.4122137427, 12.5038166046
846580067,0.5456542969,-0.8369140625,-0.4897460938,4.3206105232, -0.1221374050, 15.8015270233
846590067,0.5410156250,-0.8835449219,-0.4907226562,6.8854961395, 1.1145038605, 11.4961833954
846600067,0.5412597656,-0.8493652344,-0.4887695312,6.5648856163, 2.2290077209, 10.8549613953
846610067,0.5407714844,-0.8562011719,-0.4868164062,6.2595419884, 3.1297709942, 10.1984729767
846620067,0.5273437500,-0.8662109375,-0.4829101562,6.2900762558, 4.3816795349, 9.2519083023
846630067,0.5166015625,-0.8825683594,-0.4685058594,5.7862596512, 4.5648856163, 8.1221370697
846640067,0.4951171875,-0.8825683594,-0.4587402344,5.2061066628, 4.0916032791, 7.2366414070
846650067,0.5100097656,-0.8691406250,-0.4523925781,4.6259541512, 3.0687022209, 7.2977099419
846660067,0.5212402344,-0.8645019531,-0.4555664062,4.6717557907, 2.8091602325, 6.5954198837
846670067,0.5385742188,-0.8598632812,-0.4624023438,4.3358778954, 2.8854961395, 7.6030535698
846680067,0.5388183594,-0.8549804688,-0.4575195312,4.2442746162, 2.9465649128, 9.4045801163
846690067,0.5305175781,-0.8657226562,-0.4714355469,4.2900762558, 3.1145038605, 10.3969469070
846700067,0.5390625000,-0.8649902344,-0.4643554688,4.1984734535, 3.5419847965, 12.2290077209
846710067,0.5195312500,-0.8679199219,-0.4680175781,4.6870226860, 3.9389312267, 6.9618320465
846720067,0.5085449219,-0.8793945312,-0.4477539062,3.5419847965, 3.9694657326, 4.8854961395
846730067,0.5065917969,-0.8818359375,-0.4558105469,3.0229008198, 3.9389312267, 2.6106870174
846740067,0.5019531250,-0.8818359375,-0.4453125000,2.2290077209, 4.2290077209, 1.9083969593
846750067,0.4941406250,-0.8864746094,-0.4436035156,1.5267175436, 4.3969464302, 1.8167939186
846760067,0.4916992188,-0.8884277344,-0.4411621094,0.8702290058, 3.8473281860, 2.6106870174
846770067,0.4880371094,-0.8859863281,-0.4372558594,0.7938931584, 2.4274809361, 3.9083969593
846780067,0.4995117188,-0.8901367188,-0.4475097656,0.1679389328, 0.9465649128, 4.2595419884
846790067,0.5000000000,-0.8789062500,-0.4428710938,0.2595419884, 0.3206106722, 3.1603052616
846800067,0.5058593750,-0.8776855469,-0.4384765625,-0.3053435087, 0.8396946788, 1.4045801163
846810067,0.4907226562,-0.8686523438,-0.4399414062,-1.0381679535, 1.6183205843, -0.3664122224
846820067,0.4807128906,-0.8669433594,-0.4289550781,-1.9236640930, 1.6946564913, -2.0610687733
846830067,0.4750976562,-0.8681640625,-0.4301757812,-2.3816792965, 0.8854961991, -2.7786259651
846840067,0.4812011719,-0.8635253906,-0.4404296875,-2.6564886570, -0.3053435087, -2.7633588314
846850067,0.4941406250,-0.8698730469,-0.4580078125,-2.5038168430, -1.0381679535, -1.9541984797
846860067,0.4973144531,-0.8762207031,-0.4519042969,-2.6870229244, -0.8091602921, -2.5648853779
846870067,0.4926757812,-0.8789062500,-0.4497070312,-2.4274809361, -1.3282443285, -4.4580154419
846880067,0.4990234375,-0.8684082031,-0.4533691406,-2.5954198837, -1.0381679535, -6.1221375465
846890067,0.5019531250,-0.8706054688,-0.4582519531,-3.5114502907, 0.0610687025, -8.0305347443
846900067,0.5000000000,-0.8769531250,-0.4548339844,-4.0916032791, 1.0229008198, -9.3893127441
846910067,0.4929199219,-0.8710937500,-0.4396972656,-4.9923663139, 0.9007633328, -9.9847326279
846920067,0.5065917969,-0.8642578125,-0.4460449219,-4.9160304070, -0.0152671756, -8.5954198837
846930067,0.5170898438,-0.8730468750,-0.4685058594,-4.6259541512, -0.4274809062, -6.8244276047
846940067,0.5339355469,-0.8757324219,-0.4707031250,-4.8854961395, 0.3664122224, -5.7709922791
846950067,0.5361328125,-0.8808593750,-0.4938964844,-4.2748093605, 1.7251908779, -6.3206105232
846960067,0.5351562500,-0.8701171875,-0.4809570312,-4.2442746162, 2.6106870174, -7.5877861977
846970067,0.5263671875,-0.8605957031,-0.4802246094,-3.9694657326, 3.0534350872, -8.8854961395
846980067,0.5305175781,-0.8598632812,-0.4785156250,-4.1832060814, 3.8015267849, -8.8396949768
846990067,0.5322265625,-0.8581542969,-0.4704589844,-4.9618320465, 4.3511452675, -9.6946563721
847000067,0.5273437500,-0.8615722656,-0.4685058594,-5.4961833954, 5.1603055000, -10.0152673721
847010067,0.5256347656,-0.8625488281,-0.4516601562,-5.8473281860, 4.6717557907, -10.0305347443
847020067,0.5256347656,-0.8608398438,-0.4641113281,-6.2137403488, 4.2900762558, -9.4656486511
847030067,0.5378417969,-0.8591308594,-0.4663085938,-6.1679387093, 4.7175574303, -8.7938928604
847040067,0.5400390625,-0.8615722656,-0.4714355469,-6.3511452675, 5.1908397675, -8.3206110001
847050067,0.5285644531,-0.8547363281,-0.4707031250,-7.0534353256, 5.1755723953, -8.3511447906
847060067,0.5310058594,-0.8571777344,-0.4641113281,-6.7786259651, 5.1450381279, -9.0076332092
847070067,0.5327148438,-0.8430175781,-0.4660644531,-6.6412215233, 5.0229005814, -9.0381679535
847080067,0.5402832031,-0.8400878906,-0.4628906250,-6.6870226860, 5.0534353256, -8.9312973022
847090067,0.5493164062,-0.8342285156,-0.4680175781,-6.9007635117, 4.7938933372, -8.4580154419
847100067,0.5417480469,-0.8300781250,-0.4587402344,-6.8702292442, 4.1221375465, -8.0000000000
847110067,0.5578613281,-0.8293457031,-0.4631347656,-6.4427480698, 3.1297709942, -7.3740458488
847120067,0.5578613281,-0.8317871094,-0.4677734375,-6.5801525116, 3.0381679535, -6.8854961395
847130067,0.5544433594,-0.8259277344,-0.4829101562,-6.5648856163, 3.6335878372, -6.9007635117
847140067,0.5517578125,-0.8293457031,-0.4809570312,-6.7480916977, 4.4122138023, -7.3740458488
847150067,0.5402832031,-0.8339843750,-0.4819335938,-6.8396945000, 4.5190839767, -8.9312973022
847160067,0.5354003906,-0.8359375000,-0.4882812500,-7.1603055000, 5.6641221046, -10.9618320465
847170067,0.5263671875,-0.8522949219,-0.4899902344,-7.9694657326, 7.0076336861, -12.7022905350
847180067,0.5314941406,-0.8449707031,-0.4899902344,-8.7175569534, 7.7557253838, -14.3816795349
847190067,0.5390625000,-0.8635253906,-0.4741210938,-9.2366409302, 7.7862596512, -14.3969469070
847200067,0.5314941406,-0.8596191406,-0.4697265625,-9.0229005814, 7.5267176628, -13.8167934418
847210067,0.5473632812,-0.8627929688,-0.4763183594,-9.2519083023, 6.9465646744, -13.7404584885
847220067,0.5517578125,-0.8537597656,-0.4741210938,-8.8702287674, 6.0763359070, -12.8396949768
847230067,0.5715332031,-0.8535156250,-0.4821777344,-9.2366409302, 6.3206105232, -12.1984729767
847240067,0.5639648438,-0.8200683594,-0.4724121094,-9.1145038605, 6.5954198837, -11.4809160233
847250067,0.5742187500,-0.8469238281,-0.4838867188,-8.6717557907, 7.0534353256, -10.5954198837
847260067,0.5686035156,-0.8293457031,-0.4929199219,-8.0305347443, 7.9389314651, -10.6717557907
847270067,0.5639648438,-0.8352050781,-0.4882812500,-8.2442750931, 8.2900762558, -11.7251911163
847280067,0.5703125000,-0.8200683594,-0.4833984375,-8.1526718140, 8.6412210464, -12.1221370697
847290067,0.5678710938,-0.8259277344,-0.4787597656,-8.6717557907, 7.7557253838, -10.4732828140
847300067,0.5844726562,-0.8269042969,-0.4763183594,-8.1068706512, 8.1374044418, -10.9465646744
847310067,0.5764160156,-0.8227539062,-0.4858398438,-7.9389314651, 8.6564884186, -11.1297712326
847320067,0.5803222656,-0.8090820312,-0.4824218750,-8.3664121628, 8.8702287674, -11.6641225815
847330067,0.5708007812,-0.8139648438,-0.4831542969,-9.0687026978, 8.9160308838, -11.7099237442
847340067,0.5727539062,-0.8273925781,-0.4772949219,-8.9465646744, 8.4580154419, -12.4427480698
847350067,0.5791015625,-0.8244628906,-0.4741210938,-9.0534353256, 9.0687026978, -13.4809160233
847360067,0.5761718750,-0.8215332031,-0.4721679688,-9.6641225815, 9.0076332092, -14.0152673721
847370067,0.5622558594,-0.8208007812,-0.4555664062,-10.1526718140, 7.0534353256, -13.6641225815
847380067,0.5893554688,-0.8378906250,-0.4743652344,-10.1984729767, 6.9007635117, -13.5877866745
847390067,0.6098632812,-0.8208007812,-0.4924316406,-10.1832065582, 8.4122133255, -13.5267171860
847400067,0.5917968750,-0.8154296875,-0.4833984375,-10.4427480698, 8.5801525116, -11.9694652557
847410067,0.5932617188,-0.7951660156,-0.4836425781,-11.0839691162, 7.5267176628, -11.7709922791
847420067,0.6044921875,-0.8237304688,-0.4897460938,-11.1145038605, 5.7099237442, -11.8778629303
847430067,0.6098632812,-0.8164062500,-0.4916992188,-10.4122133255, 6.1679387093, -12.7328243256
847440067,0.6079101562,-0.8051757812,-0.4802246094,-10.8854961395, 6.5496182442, -12.7938928604
847450067,0.6003417969,-0.8015136719,-0.4821777344,-11.4045801163, 6.5343513489, -12.3664121628
847460067,0.6040039062,-0.8037109375,-0.4819335938,-12.9923667908, 5.9236640930, -10.8091602325
847470067,0.6052246094,-0.8027343750,-0.4746093750,-13.8167934418, 5.3740458488, -10.1984729767
847480219,0.6076660156,-0.7973632812,-0.4853515625,-15.5114507675, 3.9083969593, -8.5954198837
847490067,0.6391601562,-0.8132324219,-0.5039062500,-16.1374053955, 4.9007635117, -5.3893127441
847500067,0.6362304688,-0.8186035156,-0.5239257812,-17.1145038605, 9.0992364883, -1.5572519302
847510067,0.6381835938,-0.8325195312,-0.5305175781,-17.5267181396, 13.7251911163, 1.7709923983
847520067,0.6176757812,-0.8481445312,-0.5412597656,-17.5725193024, 18.0152664185, 4.4427480698
847530067,0.5778808594,-0.8603515625,-0.5134277344,-17.4198474884, 19.3587779999, 4.7328243256
847540067,0.5461425781,-0.8715820312,-0.5026855469,-16.4122142792, 18.0152664185, 0.7175572515
847550067,0.5424804688,-0.8671875000,-0.5043945312,-16.0152664185, 13.5419845581, -5.9236640930
847560067,0.5678710938,-0.8510742188,-0.5192871094,-14.5801525116, 13.2671756744, -13.3893127441
847570067,0.5693359375,-0.8041992188,-0.5437011719,-15.5267171860, 13.4809160233, -18.4885501862
847580067,0.6042480469,-0.8176269531,-0.5480957031,-14.7633590698, 16.5648860931, -21.8625946045
847590067,0.6159667969,-0.7602539062,-0.5478515625,-15.6183204651, 20.8854961395, -23.2671756744
847600067,0.6157226562,-0.7502441406,-0.5361328125,-16.0458011627, 22.7022895813, -24.2137413025
847610067,0.6184082031,-0.7441406250,-0.5146484375,-17.1145038605, 22.6106872559, -22.9160308838
847620067,0.6445312500,-0.7668457031,-0.4975585938,-17.3282451630, 21.6641216278, -23.7862586975
847630067,0.6560058594,-0.7475585938,-0.4838867188,-16.6412220001, 21.8931293488, -26.1068706512
847640067,0.6499023438,-0.7568359375,-0.4689941406,-16.9312973022, 19.6335868835, -23.7862586975
847650067,0.6345214844,-0.7636718750,-0.4575195312,-16.4274806976, 17.3587779999, -25.7557258606
847660067,0.6201171875,-0.7551269531,-0.4597167969,-17.1450386047, 14.4732828140, -25.6793899536
847670067,0.6457519531,-0.7385253906,-0.4638671875,-17.8015270233, 12.8396949768, -27.4656486511
847680067,0.6303710938,-0.7768554688,-0.4892578125,-18.0763359070, 11.4961833954, -28.8549613953
847690067,0.6474609375,-0.7385253906,-0.5009765625,-18.2290077209, 11.9694652557, -29.8015270233
847700067,0.6591796875,-0.7524414062,-0.5212402344,-17.7251911163, 13.3587789536, -29.6335868835
847710067,0.6381835938,-0.7517089844,-0.5346679688,-18.6870231628, 14.1679391861, -29.8015270233
847720067,0.6706542969,-0.7329101562,-0.5117187500,-17.1603050232, 16.4580154419, -31.3893127441
847730067,0.6513671875,-0.7292480469,-0.5175781250,-18.1068706512, 15.8473281860, -30.5954189301
847740067,0.6748046875,-0.7358398438,-0.5004882812,-17.4503822327, 15.2824430466, -30.1832065582
847750067,0.6630859375,-0.7419433594,-0.5031738281,-18.1832065582, 12.1221370697, -29.1908397675
847760067,0.7094726562,-0.7219238281,-0.4897460938,-17.7251911163, 11.9694652557, -32.0610694885
847770067,0.7038574219,-0.7192382812,-0.4963378906,-18.2900772095, 11.8473281860, -32.3358764648
847780067,0.6999511719,-0.7521972656,-0.5019531250,-18.1984729767, 10.0152673721, -34.4885482788
847790067,0.7041015625,-0.7580566406,-0.5173339844,-18.7022895813, 12.6564884186, -37.4656486511
847800067,0.7070312500,-0.7282714844,-0.5126953125,-19.0687026978, 12.7022905350, -36.3358764648
847810067,0.7268066406,-0.7087402344,-0.5297851562,-18.0152664185, 13.7862596512, -36.3664131165
847820067,0.7265625000,-0.7050781250,-0.5200195312,-18.1526718140, 12.4732828140, -32.5190849304
847830067,0.7363281250,-0.6945800781,-0.5275878906,-17.7099227905, 13.4961833954, -28.9770984650
847840067,0.7475585938,-0.6962890625,-0.5334472656,-17.3740463257, 12.5496187210, -29.4351139069
847850067,0.7155761719,-0.6809082031,-0.5339355469,-17.0076332092, 12.5954198837, -31.5114498138
847860067,0.7438964844,-0.6784667969,-0.5275878906,-18.2137413025, 13.3893127441, -28.9923667908
847870067,0.7358398438,-0.7182617188,-0.5407714844,-16.3511447906, 13.2061071396, -34.2900772095
847880067,0.7609863281,-0.6538085938,-0.5454101562,-17.2977104187, 15.2977094650, -34.8244285583
847890067,0.7644042969,-0.6623535156,-0.5354003906,-17.8473281860, 15.6030530930, -32.0916023254
847900067,0.7634277344,-0.6728515625,-0.5236816406,-16.6870231628, 14.7022905350, -38.3358764648
847910067,0.7573242188,-0.6606445312,-0.5136718750,-17.5419845581, 13.9541988373, -35.0076332092
847920067,0.7675781250,-0.6726074219,-0.5109863281,-18.6717548370, 12.0916032791, -33.9389305115
847930137,0.7875976562,-0.6398925781,-0.5361328125,-17.5419845581, 10.9465646744, -36.7175559998
847940067,0.7888183594,-0.6557617188,-0.5351562500,-16.9923667908, 10.8702287674, -34.2290077209
847950067,0.8129882812,-0.6323242188,-0.5607910156,-17.3435115814, 12.0916032791, -31.3129768372
847960067,0.8056640625,-0.6606445312,-0.5588378906,-15.0534353256, 13.4503812790, -32.4427490234
847970067,0.7851562500,-0.6601562500,-0.5686035156,-18.7480907440, 14.7786254883, -27.4503822327
847980067,0.7797851562,-0.6987304688,-0.5485839844,-15.6793889999, 15.0229005814, -34.1374053955
847990067,0.7993164062,-0.6259765625,-0.5493164062,-20.0763359070, 15.5725193024, -31.0839691162
848000067,0.7941894531,-0.6904296875,-0.5515136719,-18.5954189301, 16.2748088837, -34.9465637207
848010067,0.8151855469,-0.5388183594,-0.5554199219,-20.1526718140, 17.3740463257, -35.0839691162
