time,xacc,yacc,zacc,xgyro,ygyro,zgyro
1388870067,1.1274414062,0.2365722656,-0.1040039062,-2.3358778954, 3.0839693546, -1.4809160233
1388880067,1.1186523438,0.2382812500,-0.1030273438,-2.2290077209, 2.7328243256, -0.9923664331
1388890067,1.1269531250,0.2343750000,-0.0910644531,-1.9389313459, 2.3664121628, -0.8549618125
1388900067,1.1232910156,0.2326660156,-0.0986328125,-1.9541984797, 1.8625954390, -0.9160305262
1388910067,1.1284179688,0.2294921875,-0.0847167969,-2.2290077209, 1.4809160233, -1.6335878372
1388920067,1.1235351562,0.2321777344,-0.0935058594,-2.5038168430, 0.8549618125, -1.8320610523
1388930067,1.1306152344,0.2341308594,-0.0937500000,-2.6717557907, 1.1297709942, -1.7709923983
1388940067,1.1257324219,0.2377929688,-0.0996093750,-2.5801527500, 1.7862595320, -1.5725190639
1388950067,1.1230468750,0.2358398438,-0.0925292969,-2.5648853779, 1.5419846773, -0.8549618125
1388960067,1.1201171875,0.2380371094,-0.0895996094,-2.2595419884, 1.4656488895, -0.4427480996
1388970067,1.1159667969,0.2299804688,-0.0910644531,-1.8625954390, 1.6335878372, -0.5954198241
1388980067,1.1232910156,0.2304687500,-0.0849609375,-1.8778625727, 1.4809160233, -0.5648854971
1388990067,1.1232910156,0.2287597656,-0.0832519531,-1.3282443285, 1.2824426889, -1.0992366076
1389000067,1.1264648438,0.2285156250,-0.0822753906,-1.7251908779, 1.0687023401, -1.5267175436
1389010125,1.1250000000,0.2265625000,-0.0981445312,-1.5725190639, 1.0687023401, -2.6106870174
1389020067,1.1271972656,0.2319335938,-0.0881347656,-1.5877863169, 1.4961831570, -3.4961831570
1389030067,1.1191406250,0.2387695312,-0.0993652344,-1.6946564913, 1.3587785959, -3.2213740349
1389040067,1.1232910156,0.2377929688,-0.0961914062,-1.9847328663, 1.7404580116, -2.5648853779
1389050067,1.1191406250,0.2324218750,-0.1005859375,-1.8320610523, 1.7251908779, -1.6641221046
1389060067,1.1323242188,0.2348632812,-0.0964355469,-1.7709923983, 1.6183205843, -1.3587785959
1389070067,1.1115722656,0.2243652344,-0.1081542969,-0.9007633328, 1.1603053808, -2.9312977791
1389080067,1.1372070312,0.2414550781,-0.1003417969,-0.7328244448, 1.9847328663, -3.7251908779
1389090067,1.1118164062,0.2377929688,-0.0979003906,-0.5038167834, 2.1221373081, -2.9618320465
1389100067,1.1230468750,0.2414550781,-0.0898437500,-0.5038167834, 3.1908397675, -1.5725190639
1389110067,1.1337890625,0.2382812500,-0.0861816406,-0.7938931584, 2.4427480698, 0.8549618125
1389120067,1.1198730469,0.2233886719,-0.0856933594,-1.6030534506, 2.0610687733, -1.7404580116
1389130067,1.1235351562,0.2456054688,-0.0852050781,-1.4351145029, 2.5801527500, 0.2442748100
1389140067,1.1186523438,0.2285156250,-0.0932617188,-1.3893129826, 2.3664121628, -1.2824426889
1389150067,1.1198730469,0.2126464844,-0.0871582031,-1.4656488895, 2.0152671337, -4.3969464302
1389160067,1.1225585938,0.2299804688,-0.0917968750,-1.4961831570, 2.1374046803, -5.0839695930
1389170067,1.1276855469,0.2326660156,-0.0910644531,-1.4809160233, 3.1450381279, -3.7709922791
1389180067,1.1335449219,0.2341308594,-0.0842285156,-1.0381679535, 4.2137403488, -2.2595419884
1389190067,1.1328125000,0.2326660156,-0.0969238281,-0.9465649128, 3.6183207035, -1.9389313459
1389200067,1.1406250000,0.2343750000,-0.0981445312,-0.5343511701, 2.5496182442, -2.3053436279
1389210067,1.1340332031,0.2409667969,-0.1105957031,-0.3969465792, 2.3969466686, -2.3664121628
1389220067,1.1279296875,0.2438964844,-0.1083984375,-0.4427480996, 2.4580152035, -2.0458016396
1389230067,1.1191406250,0.2490234375,-0.1025390625,-0.8396946788, 2.4274809361, -1.3282443285
1389240067,1.1223144531,0.2329101562,-0.0959472656,-1.0076335669, 2.5190839767, -1.2061069012
1389250067,1.1215820312,0.2426757812,-0.1015625000,-1.1908396482, 3.0076336861, -1.2977099419
1389260067,1.1191406250,0.2443847656,-0.0861816406,-1.2671755552, 3.1145038605, -0.8091602921
1389270067,1.1188964844,0.2333984375,-0.0820312500,-1.2061069012, 3.0229008198, -0.9465649128
1389280067,1.1271972656,0.2314453125,-0.0852050781,-0.9618320465, 2.8091602325, -0.9160305262
1389290067,1.1303710938,0.2326660156,-0.0810546875,-0.6106870174, 2.5496182442, -0.8244274855
1389300067,1.1296386719,0.2287597656,-0.0905761719,-0.5801526904, 2.5801527500, -0.7633587718
1389310067,1.1228027344,0.2382812500,-0.0910644531,-1.0381679535, 2.3816792965, -0.5801526904
1389320067,1.1269531250,0.2280273438,-0.0847167969,-1.3893129826, 2.0610687733, -0.6412213445
1389330067,1.1406250000,0.2299804688,-0.0822753906,-1.8167939186, 1.9236640930, 0.0763358772
1389340067,1.1386718750,0.2360839844,-0.0849609375,-1.9541984797, 1.4656488895, 0.9618320465
1389350067,1.1330566406,0.2272949219,-0.0947265625,-1.9694656134, 0.7022900581, 0.3969465792
1389360067,1.1184082031,0.2324218750,-0.0876464844,-2.0000000000, 0.2442748100, 0.2595419884
1389370067,1.1230468750,0.2319335938,-0.0878906250,-2.1374046803, 0.6412213445, 0.7786259651
1389380067,1.1276855469,0.2316894531,-0.0947265625,-1.8625954390, 0.8244274855, 0.6412213445
1389390067,1.1286621094,0.2294921875,-0.0854492188,-1.5877863169, 0.8549618125, -0.7938931584
1389400067,1.1259765625,0.2409667969,-0.0881347656,-1.3740458488, 0.8854961991, -2.0763359070
1389410067,1.1225585938,0.2419433594,-0.0930175781,-1.0381679535, 0.8854961991, -3.3740458488
1389420067,1.1330566406,0.2375488281,-0.1020507812,-0.4885496199, 1.2213740349, -4.2748093605
1389430067,1.1296386719,0.2397460938,-0.0925292969,-0.0763358772, 1.7557251453, -4.7175574303
1389440067,1.1420898438,0.2451171875,-0.0895996094,0.0610687025, 1.9389313459, -3.6335878372
1389450067,1.1293945312,0.2341308594,-0.0883789062,0.1221374050, 2.6564886570, -2.8702290058
1389460067,1.1296386719,0.2370605469,-0.0778808594,-0.3206106722, 3.0229008198, -2.4427480698
1389470067,1.1250000000,0.2163085938,-0.0722656250,-0.8396946788, 2.4732823372, -3.0076336861
1389480215,1.1230468750,0.2216796875,-0.0693359375,-1.2519084215, 1.6030534506, -4.9007635117
1389490067,1.1147460938,0.2260742188,-0.0764160156,-1.9694656134, 0.4122137427, -6.0152673721
1389500067,1.1101074219,0.2368164062,-0.0791015625,-2.3511450291, -0.2442748100, -6.0305342674
1389510067,1.1035156250,0.2529296875,-0.0827636719,-2.5343511105, 0.0000000000, -4.4427480698
1389520067,1.1101074219,0.2460937500,-0.0932617188,-2.2595419884, 0.2748091519, -2.5954198837
1389530067,1.1154785156,0.2385253906,-0.0869140625,-2.2442748547, 0.3969465792, -1.3435114622
1389540067,1.1188964844,0.2336425781,-0.0952148438,-2.2290077209, 0.4885496199, -0.5954198241
1389550067,1.1274414062,0.2277832031,-0.0954589844,-1.7557251453, 0.6870229244, -0.8396946788
1389560067,1.1359863281,0.2304687500,-0.0969238281,-1.1908396482, 0.5648854971, -1.4351145029
1389570067,1.1311035156,0.2287597656,-0.0913085938,-0.7175572515, 0.7022900581, -2.7328243256
1389580067,1.1376953125,0.2333984375,-0.0871582031,0.2290076315, 1.3129770756, -5.0076336861
1389590067,1.1401367188,0.2404785156,-0.0705566406,0.9007633328, 1.1145038605, -8.3206110001
1389600067,1.1411132812,0.2407226562,-0.0666503906,1.8625954390, -0.5190839767, -10.4732828140
1389610067,1.1464843750,0.2321777344,-0.0771484375,1.9236640930, -1.2519084215, -10.3511447906
1389620067,1.1379394531,0.2133789062,-0.0642089844,0.9923664331, -1.6641221046, -10.1374044418
1389630067,1.1281738281,0.2163085938,-0.0727539062,0.2595419884, -2.7175571918, -10.7786254883
1389640067,1.0852050781,0.2087402344,-0.0778808594,0.2748091519, -3.1755726337, -12.0000000000
1389650067,1.0847167969,0.2365722656,-0.0671386719,0.0458015278, -2.5038168430, -12.4732828140
1389660067,1.0534667969,0.2565917969,-0.0654296875,-0.2442748100, -1.9236640930, -9.9847326279
1389670067,1.0607910156,0.2539062500,-0.0524902344,-0.0610687025, -2.1526718140, -8.5496187210
1389680067,1.0917968750,0.2392578125,-0.0500488281,0.0152671756, -4.5648856163, -5.6488547325
1389690067,1.1030273438,0.2343750000,-0.0759277344,0.0152671756, -7.2671756744, -8.1526718140
1389700067,1.1210937500,0.2287597656,-0.0905761719,0.6717557311, -8.6106872559, -9.6641225815
1389710067,1.1357421875,0.2363281250,-0.0930175781,1.4656488895, -8.7328243256, -11.1908397675
1389720067,1.1379394531,0.2338867188,-0.1030273438,2.8854961395, -8.8396949768, -14.8396949768
1389730067,1.1147460938,0.2375488281,-0.0954589844,3.9541983604, -9.0229005814, -16.9312973022
1389740067,1.1083984375,0.2561035156,-0.0900878906,4.6870226860, -8.4427480698, -15.2519083023
1389750067,1.0852050781,0.2478027344,-0.0922851562,5.6793894768, -7.0076336861, -12.5954198837
1389760067,1.0412597656,0.2255859375,-0.0498046875,7.1755723953, -7.1145038605, -11.3587789536
1389770067,1.0173339844,0.2250976562,-0.0241699219,8.0763359070, -10.4122133255, -11.5267171860
1389780067,1.0346679688,0.2165527344,-0.0041503906,8.7633590698, -15.4961833954, -14.1832065582
1389790067,1.0688476562,0.2028808594,-0.0073242188,8.5954198837, -20.7480907440, -16.4580154419
1389800067,1.0954589844,0.2055664062,-0.0395507812,7.5419845581, -25.5267181396, -20.1832065582
1389810067,1.1281738281,0.1965332031,-0.0849609375,6.3664121628, -26.5801525116, -23.7709922791
1389820067,1.1416015625,0.2136230469,-0.1364746094,5.2061066628, -24.7175579071, -27.7251911163
1389830067,1.1630859375,0.2241210938,-0.1518554688,5.5267176628, -21.4809169769, -28.7938938141
1389840067,1.1457519531,0.2016601562,-0.1660156250,6.3511452675, -18.6564884186, -29.2671756744
1389850067,1.1511230469,0.2185058594,-0.1638183594,7.8320612907, -17.9236640930, -33.1603050232
1389860067,1.1408691406,0.2199707031,-0.1457519531,9.3129768372, -18.4580154419, -35.8320617676
1389870067,1.1323242188,0.2307128906,-0.1350097656,10.5801525116, -20.4122142792, -38.4427490234
1389880067,1.1291503906,0.2182617188,-0.1394042969,10.7328243256, -24.0152664185, -41.4045791626
1389890067,1.1533203125,0.2204589844,-0.1379394531,10.2290077209, -27.1450386047, -48.4274826050
1389900067,1.1291503906,0.2246093750,-0.1516113281,9.9389314651, -29.8320617676, -51.8778610229
1389910067,1.1096191406,0.2592773438,-0.1789550781,10.1679391861, -30.9618320465, -51.6641235352
1389920067,1.1074218750,0.2788085938,-0.1892089844,10.1832065582, -30.0152664185, -49.7557258606
1389930067,1.0900878906,0.2639160156,-0.1872558594,9.9083967209, -29.0839691162, -50.3053436279
1389940067,1.1062011719,0.2702636719,-0.1848144531,9.7709922791, -29.0229015350, -50.6106872559
1389950067,1.1091308594,0.2685546875,-0.1745605469,9.7251911163, -31.1450386047, -53.2671737671
1389960067,1.0917968750,0.2680664062,-0.1699218750,8.6717557907, -36.1221389771, -58.6717567444
1389970067,1.1191406250,0.3273925781,-0.1787109375,5.3740458488, -41.2366409302, -67.3435134888
1389980067,1.1079101562,0.3129882812,-0.2092285156,6.3969464302, -45.2366409302, -72.8702316284
1389990067,1.0791015625,0.3059082031,-0.2260742188,6.3053436279, -49.7862586975, -73.2671737671
1390000067,1.0703125000,0.2973632812,-0.2607421875,5.2671756744, -51.4656486511, -78.1984710693
1390010067,1.0798339844,0.2937011719,-0.2814941406,4.5648856163, -48.9923667908, -82.8549652100
1390020067,1.0732421875,0.3378906250,-0.2961425781,5.2671756744, -44.0763359070, -87.9236679077
1390030067,1.0671386719,0.3613281250,-0.2976074219,6.6412215233, -36.5648841858, -90.5190811157
1390040067,1.0537109375,0.3620605469,-0.2687988281,7.6641221046, -30.2900772095, -95.9694671631
1390050067,1.0522460938,0.4011230469,-0.2509765625,8.0000000000, -26.6870231628, -99.1297683716
1390060067,1.0524902344,0.4084472656,-0.2353515625,9.2824430466, -26.9923667908, -100.2748107910
1390070067,1.0205078125,0.3977050781,-0.2224121094,10.5648851395, -32.2290077209, -99.9847335815
1390080067,1.0195312500,0.4104003906,-0.1982421875,10.9312973022, -38.4885482788, -102.8854980469
1390090067,0.9863281250,0.4453125000,-0.2185058594,11.1145038605, -44.4122123718, -103.9542007446
1390100067,0.9670410156,0.4499511719,-0.2199707031,10.6717557907, -49.5725173950, -100.4885482788
1390110067,0.9643554688,0.4660644531,-0.2460937500,11.1297712326, -53.2061080933, -103.1908416748
1390120067,0.9494628906,0.4929199219,-0.2790527344,12.1832065582, -55.0534362793, -101.8625946045
1390130067,0.9399414062,0.4982910156,-0.3110351562,13.1145038605, -56.3816795349, -104.8854980469
1390140067,0.9279785156,0.5256347656,-0.3361816406,12.7633590698, -56.6717567444, -110.6259536743
1390150067,0.9213867188,0.5573730469,-0.3352050781,11.8167934418, -57.0076332092, -110.0305328369
1390160067,0.8864746094,0.5622558594,-0.3659667969,10.3664121628, -58.1374053955, -107.8778610229
1390170067,0.8718261719,0.5676269531,-0.3815917969,8.9160308838, -59.0228996277, -111.6183242798
1390180067,0.8527832031,0.5939941406,-0.4299316406,8.5801525116, -58.3511466980, -117.1297683716
1390190067,0.8513183594,0.6164550781,-0.4597167969,8.1984729767, -51.3587799072, -112.5038146973
1390200067,0.7792968750,0.6354980469,-0.4614257812,6.7786259651, -46.7786254883, -109.8931274414
1390210067,0.7751464844,0.6376953125,-0.4448242188,6.7022900581, -43.4809150696, -110.1832046509
1390220067,0.7622070312,0.6997070312,-0.4602050781,6.0305342674, -39.1908378601, -114.6259536743
1390230067,0.7160644531,0.7541503906,-0.4387207031,6.9160304070, -38.6870231628, -114.2595443726
1390240067,0.7587890625,0.7697753906,-0.4707031250,4.9923663139, -37.9083976746, -114.2595443726
1390250067,0.7377929688,0.8020019531,-0.4567871094,5.6030535698, -38.0152664185, -109.2366409302
1390260067,0.7080078125,0.7832031250,-0.4777832031,4.2442746162, -39.4961814880, -109.9847335815
1390270067,0.6730957031,0.7910156250,-0.4626464844,3.6641221046, -40.8702278137, -107.7862625122
1390280067,0.6738281250,0.8330078125,-0.4645996094,3.6946563721, -41.8625946045, -109.3587799072
1390290067,0.6540527344,0.8342285156,-0.4645996094,4.2748093605, -41.2519073486, -105.2519073486
1390300067,0.5722656250,0.8234863281,-0.4636230469,4.2442746162, -37.9389305115, -109.5877838135
1390310067,0.5661621094,0.7614746094,-0.4597167969,7.6183204651, -32.9312973022, -108.3511428833
1390320067,0.5615234375,0.7268066406,-0.4748535156,9.0381679535, -26.2442741394, -99.6488571167
1390330067,0.5371093750,0.7343750000,-0.4851074219,7.4351143837, -21.9694652557, -95.3435134888
1390340067,0.5126953125,0.8063964844,-0.4650878906,6.9160304070, -23.0076332092, -93.6335906982
1390350067,0.4777832031,0.8493652344,-0.4645996094,6.0610685349, -25.7099227905, -94.9923629761
1390360067,0.4589843750,0.8632812500,-0.4743652344,4.9312977791, -29.4351139069, -93.4351119995
1390370067,0.4589843750,0.9362792969,-0.5014648438,3.2519083023, -29.8931293488, -95.7099227905
1390380067,0.4714355469,0.8962402344,-0.5361328125,3.7709922791, -25.8320617676, -88.1221389771
1390390067,0.4304199219,0.9313964844,-0.5498046875,2.9160306454, -19.5572509766, -84.0305328369
1390400067,0.4194335938,0.9289550781,-0.5498046875,0.5801526904, -14.4274806976, -74.3053436279
1390410067,0.3833007812,0.9509277344,-0.5258789062,0.8854961991, -12.7022905350, -76.7786254883
1390420067,0.3869628906,0.9631347656,-0.5209960938,0.5648854971, -10.8244276047, -73.4198455811
1390430067,0.4167480469,0.9587402344,-0.5280761719,-0.3206106722, -10.0000000000, -59.2977104187
1390440067,0.4011230469,0.8937988281,-0.5024414062,-1.4351145029, -11.5419845581, -54.4122123718
1390450067,0.3928222656,0.8623046875,-0.4890136719,-1.7862595320, -16.2137413025, -47.1603050232
1390460067,0.3403320312,0.8400878906,-0.4536132812,-1.5419846773, -22.2900772095, -49.8320617676
1390470067,0.3112792969,0.8764648438,-0.4548339844,-0.6106870174, -25.3129768372, -51.2366409302
1390480215,0.3439941406,0.9023437500,-0.4831542969,-1.4198473692, -24.4427490234, -46.0916023254
1390490067,0.3308105469,0.8950195312,-0.4897460938,-1.7251908779, -24.9160308838, -37.6488533020
1390500067,0.3149414062,0.8967285156,-0.4826660156,-4.3053436279, -23.8320617676, -35.6793899536
1390510067,0.2817382812,0.9069824219,-0.4658203125,-3.8167939186, -25.8778629303, -34.8244285583
1390520067,0.3007812500,0.8881835938,-0.4938964844,-1.8473281860, -25.4045810699, -39.7709922791
1390530067,0.3039550781,0.8676757812,-0.5410156250,-0.3511450291, -17.6183204651, -45.8625946045
1390540067,0.2995605469,0.9130859375,-0.5383300781,-0.1984732896, -7.8778624535, -39.5267181396
1390550067,0.2873535156,0.9013671875,-0.5205078125,-0.5801526904, -1.5725190639, -31.2977104187
1390560067,0.2514648438,0.9150390625,-0.4614257812,-1.5114504099, -3.2061069012, -32.5496177673
1390570141,0.2338867188,0.9279785156,-0.4318847656,-1.7862595320, -9.0534353256, -29.6488552094
1390580067,0.2077636719,0.9548339844,-0.4279785156,-0.1526717544, -14.6564884186, -34.9312973022
1390590067,0.2297363281,0.9614257812,-0.4611816406,-2.3511450291, -18.1679382324, -25.6183204651
1390600067,0.2324218750,0.9311523438,-0.4611816406,-3.2366411686, -18.9465656281, -25.1450386047
1390610067,0.1958007812,0.9291992188,-0.4626464844,-4.5801525116, -19.4809169769, -17.8625946045
1390620067,0.1696777344,0.9436035156,-0.4677734375,-4.2748093605, -19.8778629303, -16.4580154419
1390630067,0.1945800781,0.9458007812,-0.4768066406,-8.8702287674, -18.1984729767, -12.8244276047
1390640067,0.2099609375,0.9602050781,-0.4821777344,-3.8015267849, -20.1679382324, -16.4732818604
1390650067,0.2387695312,0.9890136719,-0.4855957031,-3.5267176628, -17.4961833954, -10.7938928604
1390660067,0.2185058594,0.9633789062,-0.5063476562,-3.3740458488, -13.7099237442, -7.7404580116
1390670067,0.1987304688,0.9497070312,-0.5061035156,-2.7938930988, -11.2366409302, -9.2824430466
1390680067,0.2126464844,0.9724121094,-0.5117187500,-6.9923663139, -8.1221370697, -10.7328243256
1390690067,0.2370605469,0.9123535156,-0.5104980469,-14.4580154419, -2.1679389477, -13.7709922791
1390700067,0.1994628906,0.8796386719,-0.4968261719,-6.2595419884, 0.2442748100, -15.5419845581
1390710067,0.2297363281,0.9660644531,-0.5019531250,-3.0839693546, 1.3893129826, -10.2442750931
1390720067,0.2517089844,0.9418945312,-0.5122070312,-3.3129770756, 5.4351143837, -6.1221375465
1390730067,0.2370605469,0.9199218750,-0.5173339844,-3.4809160233, 8.7633590698, -5.7404580116
1390740067,0.2255859375,0.9191894531,-0.5041503906,-3.3587787151, 12.6106872559, -6.4427480698
1390750067,0.2338867188,0.9321289062,-0.4982910156,-3.6793892384, 15.6488552094, -5.5419845581
1390760067,0.2485351562,0.9204101562,-0.4868164062,-3.2366411686, 16.2442741394, -3.8015267849
1390770067,0.2675781250,0.9091796875,-0.4719238281,-2.8549618721, 15.9541988373, -2.4580152035
1390780067,0.2780761719,0.9104003906,-0.4797363281,-3.5267176628, 15.3435115814, -1.8015266657
1390790067,0.2885742188,0.9067382812,-0.4936523438,-3.8167939186, 13.9389314651, -0.8396946788
1390800067,0.2937011719,0.9003906250,-0.4843750000,-3.8167939186, 12.4885492325, -0.5190839767
1390810067,0.2919921875,0.8828125000,-0.4868164062,-4.2595419884, 12.5190839767, 0.1068702266
1390820067,0.2897949219,0.8693847656,-0.4765625000,-4.4274806976, 11.7557249069, -0.3358778656
1390830067,0.2924804688,0.8493652344,-0.4733886719,-4.6564884186, 10.6870231628, -0.0152671756
1390840067,0.3269042969,0.8654785156,-0.4782714844,-4.9618320465, 10.7175569534, -0.7786259651
1390850067,0.3591308594,0.8833007812,-0.4814453125,-5.5267176628, 13.4198474884, -1.4656488895
1390860067,0.3666992188,0.8811035156,-0.4807128906,-5.8015265465, 14.0916032791, -2.0152671337
1390870067,0.3461914062,0.8835449219,-0.4780273438,-5.9541983604, 12.0152673721, -2.0152671337
1390880067,0.3200683594,0.8713378906,-0.4685058594,-5.4045801163, 8.9007635117, -3.2366411686
1390890067,0.3056640625,0.8601074219,-0.4792480469,-5.2671756744, 6.3816795349, -5.5419845581
1390900067,0.3278808594,0.8657226562,-0.4914550781,-5.0534353256, 5.2519083023, -6.7480916977
1390910067,0.3437500000,0.8913574219,-0.4819335938,-5.2824425697, 5.7709922791, -5.5114502907
1390920067,0.3579101562,0.8996582031,-0.4907226562,-4.9312977791, 6.0305342674, -3.3893129826
1390930067,0.3618164062,0.9025878906,-0.4909667969,-5.0839695930, 6.8244276047, -1.2061069012
1390940067,0.3364257812,0.9023437500,-0.4821777344,-5.2824425697, 6.8702292442, 0.1221374050
1390950067,0.3320312500,0.8952636719,-0.4660644531,-5.2671756744, 7.0534353256, -0.2137404531
1390960067,0.3413085938,0.8881835938,-0.4641113281,-5.2061066628, 7.0076336861, -1.0534350872
1390970067,0.3439941406,0.8876953125,-0.4541015625,-4.8702292442, 5.3435115814, -2.6870229244
1390980067,0.3464355469,0.8806152344,-0.4338378906,-4.0916032791, 3.2366411686, -4.2900762558
1390990067,0.3344726562,0.8767089844,-0.4323730469,-3.0381679535, 0.4732824564, -5.6488547325
1391000067,0.3374023438,0.8776855469,-0.4387207031,-2.3511450291, -1.6335878372, -6.6259541512
1391010067,0.3286132812,0.8798828125,-0.4377441406,-1.6183205843, -3.4045801163, -6.6870226860
1391020067,0.3205566406,0.8930664062,-0.4418945312,-1.1908396482, -4.9312977791, -5.5877861977
1391030067,0.3237304688,0.8923339844,-0.4494628906,-1.0381679535, -6.0610685349, -4.5648856163
1391040067,0.3200683594,0.8999023438,-0.4589843750,-0.8549618125, -5.9694657326, -4.6564884186
1391050067,0.3122558594,0.9079589844,-0.4506835938,-0.9160305262, -6.6412215233, -4.7786259651
1391060067,0.3071289062,0.9047851562,-0.4729003906,-0.6106870174, -7.4809160233, -5.1297707558
1391070067,0.3049316406,0.8957519531,-0.4704589844,-1.0687023401, -7.0229005814, -5.4503817558
1391080067,0.2968750000,0.8908691406,-0.4653320312,-1.6641221046, -6.1221375465, -7.2213740349
1391090067,0.3039550781,0.8957519531,-0.4777832031,-1.8931298256, -5.7099237442, -7.9541983604
1391100067,0.3151855469,0.8986816406,-0.4790039062,-2.0458016396, -4.7480916977, -7.3587784767
1391110067,0.2985839844,0.9057617188,-0.4770507812,-1.9694656134, -4.2442746162, -6.4885497093
1391120067,0.2844238281,0.9011230469,-0.4709472656,-2.2900762558, -3.7709922791, -5.8778624535
1391130067,0.2622070312,0.9052734375,-0.4597167969,-2.1984732151, -4.6106872559, -5.6946563721
1391140067,0.2692871094,0.8964843750,-0.4694824219,-1.3893129826, -5.3893127441, -5.1145038605
1391150067,0.2873535156,0.8881835938,-0.4814453125,-1.3893129826, -4.0916032791, -5.7099237442
1391160067,0.2858886719,0.8994140625,-0.4687500000,-1.2061069012, -4.1832060814, -5.8931298256
1391170067,0.2753906250,0.9055175781,-0.4667968750,-0.9007633328, -5.7862596512, -5.9847326279
1391180067,0.2751464844,0.9094238281,-0.4682617188,-1.8015266657, -6.4732823372, -5.0229005814
1391190067,0.2724609375,0.9045410156,-0.4680175781,-3.1297709942, -7.1450381279, -4.7786259651
1391200067,0.2744140625,0.9189453125,-0.4724121094,-3.6488549709, -7.0076336861, -5.4045801163
1391210067,0.2626953125,0.9213867188,-0.4821777344,-4.4580154419, -5.7099237442, -4.7938933372
1391220067,0.2641601562,0.9194335938,-0.4909667969,-4.6564884186, -3.8625953197, -4.3358778954
1391230067,0.2497558594,0.9243164062,-0.4814453125,-4.4122138023, -2.5496182442, -4.8091602325
1391240067,0.2546386719,0.9108886719,-0.4763183594,-4.0916032791, -2.6106870174, -4.4732823372
1391250067,0.2629394531,0.9084472656,-0.4724121094,-3.0381679535, -2.8396947384, -5.5267176628
1391260067,0.2634277344,0.9033203125,-0.4645996094,-2.7633588314, -1.6793893576, -4.9160304070
1391270067,0.2761230469,0.9028320312,-0.4606933594,-3.3587787151, -1.1145038605, -3.6030533314
1391280067,0.2797851562,0.9096679688,-0.4558105469,-3.1297709942, -2.0610687733, -4.1221375465
1391290067,0.2795410156,0.9101562500,-0.4616699219,-3.3282442093, -3.2061069012, -4.2137403488
1391300067,0.2749023438,0.9072265625,-0.4645996094,-3.4351146221, -4.0763359070, -4.3511452675
1391310067,0.2731933594,0.9074707031,-0.4731445312,-3.9083969593, -3.8167939186, -3.6488549709
1391320067,0.2687988281,0.9165039062,-0.4794921875,-4.3358778954, -3.3587787151, -3.8167939186
1391330067,0.2607421875,0.9060058594,-0.4672851562,-4.6412215233, -2.6412212849, -3.1297709942
1391340067,0.2563476562,0.9006347656,-0.4560546875,-4.7633585930, -2.3664121628, -2.5801527500
1391350067,0.2600097656,0.9013671875,-0.4555664062,-4.9770994186, -2.8396947384, -2.2900762558
1391360067,0.2775878906,0.9094238281,-0.4604492188,-4.3511452675, -3.7251908779, -2.1068701744
1391370067,0.2810058594,0.9160156250,-0.4570312500,-3.5114502907, -4.1679387093, -2.2137403488
1391380067,0.2814941406,0.9140625000,-0.4614257812,-3.1908397675, -4.2442746162, -2.0305342674
1391390067,0.2636718750,0.9047851562,-0.4650878906,-2.5038168430, -3.7557251453, -3.2977099419
1391400067,0.2421875000,0.8967285156,-0.4594726562,-2.1832060814, -3.0381679535, -3.0992367268
1391410067,0.2580566406,0.8884277344,-0.4641113281,-1.7251908779, -1.9847328663, -3.6793892384
1391420067,0.2673339844,0.9143066406,-0.4558105469,-1.6641221046, -1.1145038605, -3.0839693546
1391430067,0.2868652344,0.9235839844,-0.4741210938,-1.9083969593, -0.7938931584, -2.4732823372
1391440067,0.2607421875,0.9157714844,-0.4653320312,-2.0305342674, -0.5648854971, -4.1221375465
1391450067,0.2448730469,0.9020996094,-0.4660644531,-1.9847328663, -1.0076335669, -7.0992364883
1391460067,0.2441406250,0.8964843750,-0.4597167969,-1.7862595320, -1.0229008198, -7.1908397675
1391470067,0.2570800781,0.9091796875,-0.4838867188,-1.3282443285, -0.3511450291, -5.4961833954
1391480219,0.2751464844,0.9077148438,-0.4992675781,-1.4809160233, 0.9618320465, -3.6488549709
1391490067,0.2634277344,0.9116210938,-0.4882812500,-1.8320610523, 1.6793893576, -2.8091602325
1391500067,0.2570800781,0.9069824219,-0.4685058594,-2.4274809361, 1.6641221046, -2.1832060814
1391510067,0.2612304688,0.9069824219,-0.4658203125,-2.9007632732, 1.8320610523, -2.0000000000
1391520067,0.2548828125,0.9064941406,-0.4575195312,-3.2671756744, 1.6335878372, -1.8167939186
1391530067,0.2607421875,0.8967285156,-0.4538574219,-3.0687022209, 1.5267175436, -1.2977099419
1391540067,0.2663574219,0.8994140625,-0.4523925781,-2.9312977791, 1.2213740349, -1.3435114622
1391550067,0.2646484375,0.9028320312,-0.4633789062,-2.7480916977, 1.1145038605, -2.0152671337
1391560067,0.2722167969,0.9042968750,-0.4562988281,-2.6106870174, 1.0076335669, -2.1984732151
1391570067,0.2656250000,0.9106445312,-0.4570312500,-2.1374046803, 0.5190839767, -1.2671755552
1391580067,0.2578125000,0.9035644531,-0.4528808594,-1.9694656134, -0.1526717544, -1.3282443285
1391590067,0.2514648438,0.8945312500,-0.4514160156,-1.3587785959, -0.1832061112, -1.7862595320
1391600067,0.2668457031,0.9094238281,-0.4682617188,-1.3282443285, -0.5038167834, -1.6793893576
1391610067,0.2697753906,0.9113769531,-0.4592285156,-1.3435114622, -0.2137404531, -0.8854961991
1391620067,0.2604980469,0.9084472656,-0.4707031250,-1.0839694738, -0.3358778656, -1.0534350872
1391630067,0.2607421875,0.9069824219,-0.4670410156,-0.9465649128, -0.4427480996, -1.6030534506
1391640067,0.2556152344,0.9133300781,-0.4721679688,-0.6870229244, -0.9770992398, -2.0916030407
1391650067,0.2687988281,0.9099121094,-0.4714355469,-1.0229008198, -0.7175572515, -1.2977099419
1391660067,0.2526855469,0.9030761719,-0.4702148438,-1.1603053808, -0.5496183038, -0.5496183038
1391670067,0.2565917969,0.9084472656,-0.4602050781,-1.3282443285, -0.5038167834, 0.3664122224
1391680067,0.2622070312,0.9113769531,-0.4621582031,-1.6183205843, 0.2442748100, 0.0000000000
1391690067,0.2604980469,0.9047851562,-0.4638671875,-1.8320610523, 0.5648854971, -0.5648854971
1391700067,0.2648925781,0.9020996094,-0.4614257812,-2.2137403488, 0.3816793859, -1.8778625727
1391710067,0.2524414062,0.8986816406,-0.4626464844,-2.2442748547, 0.0000000000, -2.6870229244
1391720067,0.2536621094,0.9033203125,-0.4736328125,-2.3664121628, -0.6259542108, -2.4122138023
1391730067,0.2565917969,0.9057617188,-0.4775390625,-2.2900762558, -0.7633587718, -1.1908396482
1391740067,0.2617187500,0.9106445312,-0.4868164062,-2.3206107616, -0.1526717544, 0.0916030556
1391750067,0.2609863281,0.9057617188,-0.4682617188,-2.2595419884, 0.7022900581, 0.7328244448
1391760067,0.2612304688,0.9157714844,-0.4665527344,-2.2595419884, 0.7480915785, 0.9160305262
1391770067,0.2485351562,0.9174804688,-0.4685058594,-2.2900762558, 1.0229008198, 1.2061069012
1391780067,0.2590332031,0.9096679688,-0.4580078125,-2.2137403488, 1.3893129826, 1.0534350872
1391790067,0.2504882812,0.9057617188,-0.4643554688,-1.4351145029, 2.6717557907, -0.6870229244
1391800067,0.2648925781,0.8908691406,-0.4660644531,-2.2748091221, 3.5267176628, -1.2061069012
1391810067,0.2583007812,0.9116210938,-0.4694824219,-2.5496182442, 2.2137403488, -0.8549618125
1391820067,0.2678222656,0.9152832031,-0.4638671875,-2.4885497093, 2.4122138023, 0.6870229244
1391830067,0.2604980469,0.9016113281,-0.4694824219,-2.5190839767, 2.7938930988, 0.9618320465
1391840067,0.2656250000,0.8974609375,-0.4562988281,-1.9694656134, 3.2824428082, 0.9923664331
1391850067,0.2578125000,0.9038085938,-0.4577636719,-1.7709923983, 3.6030533314, 1.1145038605
1391860067,0.2570800781,0.9108886719,-0.4416503906,-1.6488549709, 3.5725190639, 1.2671755552
1391870067,0.2656250000,0.9040527344,-0.4526367188,-2.1679389477, 3.0381679535, 0.6259542108
1391880067,0.2597656250,0.9050292969,-0.4589843750,-2.1221373081, 2.3511450291, -0.7938931584
1391890067,0.2578125000,0.9104003906,-0.4614257812,-2.1526718140, 2.7633588314, -1.4045801163
1391900067,0.2678222656,0.9135742188,-0.4724121094,-2.0610687733, 3.2061069012, -1.4503816366
1391910067,0.2697753906,0.9138183594,-0.4807128906,-2.1068701744, 4.7938933372, -0.8396946788
1391920067,0.2626953125,0.9143066406,-0.4792480469,-2.0305342674, 5.8931298256, -0.4732824564
1391930067,0.2597656250,0.9113769531,-0.4760742188,-1.6793893576, 6.5343513489, 0.0916030556
1391940067,0.2546386719,0.9113769531,-0.4575195312,-1.8625954390, 6.3053436279, 0.6259542108
1391950067,0.2680664062,0.9089355469,-0.4624023438,-2.0305342674, 6.3053436279, 0.4580152631
1391960067,0.2729492188,0.9165039062,-0.4638671875,-2.7175571918, 6.3816795349, -0.3664122224
1391970067,0.2604980469,0.9165039062,-0.4604492188,-3.0229008198, 6.0000000000, 0.6564885378
1391980067,0.2548828125,0.9025878906,-0.4582519531,-3.3893129826, 5.8167939186, 0.9312977195
1391990067,0.2509765625,0.9099121094,-0.4599609375,-3.4351146221, 5.8473281860, 1.7557251453
1392000067,0.2419433594,0.9028320312,-0.4648437500,-3.4198472500, 5.9694657326, 3.0534350872
1392010067,0.2700195312,0.9108886719,-0.4582519531,-3.2977099419, 6.9007635117, 3.2671756744
1392020067,0.2951660156,0.9218750000,-0.4667968750,-3.3435113430, 7.9389314651, 3.4198472500
1392030067,0.2873535156,0.9152832031,-0.4633789062,-4.2748093605, 8.9618320465, 2.6412212849
1392040067,0.2727050781,0.9067382812,-0.4460449219,-4.5496182442, 9.0534353256, 1.0076335669
1392050067,0.2470703125,0.8972167969,-0.4450683594,-4.6412215233, 8.3664121628, -1.0381679535
1392060067,0.2485351562,0.8994140625,-0.4504394531,-4.5648856163, 7.0534353256, -1.8931298256
1392070067,0.2490234375,0.9072265625,-0.4633789062,-5.0534353256, 6.7328243256, -1.5877863169
1392080067,0.2597656250,0.9228515625,-0.4694824219,-5.7251906395, 8.0458011627, -0.4427480996
1392090067,0.2583007812,0.9201660156,-0.4760742188,-7.1450381279, 11.3435115814, -0.4732824564
1392100067,0.2561035156,0.8198242188,-0.4548339844,-7.6946563721, 16.2442741394, -1.7251908779
1392110067,0.2214355469,0.9165039062,-0.4638671875,-11.0839691162, 20.9312973022, -7.4045801163
1392120067,0.2363281250,0.9404296875,-0.4619140625,-13.0076332092, 24.5343513489, -11.1908397675
1392130067,0.2661132812,0.9406738281,-0.4597167969,-14.7022905350, 29.0534343719, -12.5038166046
1392140067,0.2915039062,0.9414062500,-0.4621582031,-15.9541988373, 31.9236640930, -11.5725193024
1392150067,0.3098144531,0.9340820312,-0.4775390625,-15.8167934418, 34.3969459534, -5.3282442093
1392160067,0.3122558594,0.9218750000,-0.4602050781,-13.9236640930, 32.7786254883, -1.1450381279
1392170067,0.2873535156,0.9204101562,-0.4426269531,-11.3282442093, 27.8320617676, 2.4885497093
1392180067,0.2770996094,0.9245605469,-0.4465332031,-8.6412210464, 22.7480907440, 6.2900762558
1392190067,0.2761230469,0.9174804688,-0.4545898438,-6.4732823372, 19.7862586975, 8.8244276047
1392200067,0.2817382812,0.9113769531,-0.4580078125,-4.2442746162, 18.2900772095, 8.6259546280
1392210067,0.2839355469,0.9291992188,-0.4475097656,-3.6793892384, 17.6641216278, 9.1755723953
1392220067,0.2976074219,0.9309082031,-0.4499511719,-3.5572519302, 18.2137413025, 10.9312973022
1392230067,0.2939453125,0.9353027344,-0.4462890625,-4.0763359070, 18.3969459534, 12.1221370697
1392240067,0.2978515625,0.9301757812,-0.4143066406,-5.6335878372, 19.4351139069, 11.3282442093
1392250067,0.3027343750,0.9074707031,-0.4228515625,-5.5572519302, 21.3435115814, 13.4198474884
1392260067,0.3017578125,0.9221191406,-0.4111328125,-5.6946563721, 20.4274806976, 13.9694652557
1392270067,0.3061523438,0.8886718750,-0.4147949219,-5.3893127441, 19.9236640930, 15.8015270233
1392280067,0.3134765625,0.8952636719,-0.4169921875,-6.5954198837, 19.6641216278, 14.3969469070
1392290115,0.3034667969,0.8977050781,-0.4165039062,-6.3053436279, 19.0076332092, 13.6946563721
1392300067,0.3225097656,0.9121093750,-0.4152832031,-6.1832060814, 16.8396949768, 15.3893127441
1392310067,0.3256835938,0.9243164062,-0.4074707031,-8.1679391861, 16.7938938141, 16.1984729767
1392320067,0.3217773438,0.9123535156,-0.4094238281,-7.4198474884, 16.1068706512, 17.2519092560
1392330067,0.3056640625,0.8842773438,-0.4167480469,-6.6259541512, 14.0610685349, 16.6106872559
1392340067,0.3125000000,0.8991699219,-0.4045410156,-6.8244276047, 11.8625955582, 18.9770984650
1392350067,0.3200683594,0.9216308594,-0.4077148438,-7.1450381279, 10.3206110001, 22.3206100464
1392360067,0.3232421875,0.9206542969,-0.4191894531,-6.1984734535, 8.9770994186, 24.0916023254
1392370067,0.3503417969,0.9321289062,-0.4243164062,-6.4427480698, 8.4885492325, 25.8473281860
1392380067,0.3427734375,0.9455566406,-0.4106445312,-7.0992364883, 8.7633590698, 27.9541988373
1392390067,0.3508300781,0.9516601562,-0.4162597656,-7.8778624535, 10.2442750931, 30.6564884186
1392400067,0.3317871094,0.9199218750,-0.4062500000,-8.2595415115, 12.4122133255, 29.0687026978
1392410067,0.3417968750,0.9187011719,-0.3916015625,-9.2977094650, 11.8167934418, 26.4885501862
1392420067,0.3630371094,0.9624023438,-0.4091796875,-9.0992364883, 8.8854961395, 26.9923667908
1392430067,0.3774414062,0.9321289062,-0.3972167969,-10.3206110001, 9.2519083023, 30.5038166046
1392440193,0.3791503906,0.9106445312,-0.4091796875,-9.2213745117, 9.3893127441, 30.0610694885
1392450067,0.3903808594,0.9270019531,-0.4218750000,-9.2366409302, 11.4961833954, 30.4427490234
1392460067,0.3830566406,0.9208984375,-0.4152832031,-8.9312973022, 13.0381679535, 32.1221389771
1392470067,0.4028320312,0.9318847656,-0.4052734375,-8.4122133255, 13.1450386047, 33.1145019531
1392480214,0.3813476562,0.9201660156,-0.3930664062,-8.4732828140, 13.5114507675, 33.5114517212
1392490067,0.3771972656,0.9157714844,-0.3881835938,-8.1221370697, 12.0458011627, 33.5877876282
1392500096,0.3869628906,0.9433593750,-0.3818359375,-8.0152673721, 9.9694652557, 35.3740463257
1392510067,0.3835449219,0.9384765625,-0.3830566406,-7.4198474884, 8.9465646744, 40.3664131165
1392520067,0.4047851562,0.9443359375,-0.3886718750,-7.4198474884, 8.4274806976, 42.3969459534
1392530067,0.4221191406,0.9248046875,-0.3964843750,-7.4809160233, 9.5267171860, 43.0381660461
1392540067,0.4182128906,0.9245605469,-0.3918457031,-6.6870226860, 9.9541988373, 44.2442741394
1392550067,0.4367675781,0.9216308594,-0.3808593750,-6.9312977791, 10.1679391861, 46.9618339539
1392560067,0.4516601562,0.8913574219,-0.3935546875,-6.2900762558, 11.5725193024, 45.1145019531
1392570067,0.4606933594,0.8940429688,-0.3937988281,-6.1526718140, 11.6030530930, 41.8931312561
1392580067,0.4948730469,0.9262695312,-0.4055175781,-6.7786259651, 11.1908397675, 45.4809150696
1392590067,0.5144042969,0.8842773438,-0.3979492188,-6.5190839767, 12.9465646744, 46.9160308838
1392600067,0.4963378906,0.9008789062,-0.3974609375,-7.2213740349, 13.4351148605, 45.3129768372
1392610155,0.4890136719,0.9143066406,-0.3898925781,-7.6183204651, 14.7786254883, 49.7251892090
1392620067,0.4909667969,0.9016113281,-0.3784179688,-7.7251906395, 15.8778629303, 48.1526718140
1392630067,0.5012207031,0.9157714844,-0.3852539062,-7.7251906395, 16.3358783722, 48.3053436279
1392640067,0.5002441406,0.8696289062,-0.3754882812,-6.7480916977, 16.4122142792, 46.6564903259
1392650067,0.5070800781,0.8530273438,-0.3703613281,-6.7328243256, 16.1374053955, 45.6183204651
1392660067,0.5322265625,0.8654785156,-0.3469238281,-6.3511452675, 15.6183204651, 46.1679382324
1392670067,0.5468750000,0.8745117188,-0.3442382812,-4.6564884186, 14.1832065582, 49.0992355347
1392680067,0.5632324219,0.8652343750,-0.3403320312,-4.9618320465, 13.2824430466, 55.4961814880
1392690067,0.5563964844,0.8461914062,-0.3320312500,-4.5954198837, 11.8931293488, 53.7251892090
1392700067,0.5773925781,0.8576660156,-0.3349609375,-4.5954198837, 10.3969469070, 53.0534362793
1392710123,0.5808105469,0.8666992188,-0.3427734375,-4.5038166046, 8.4274806976, 53.8931312561
1392720067,0.5583496094,0.8752441406,-0.3439941406,-4.1221375465, 6.8396945000, 54.9160308838
1392730067,0.5622558594,0.8591308594,-0.3771972656,-3.6488549709, 6.8549618721, 54.4580154419
1392740067,0.6171875000,0.8564453125,-0.3833007812,-3.6183207035, 9.0534353256, 55.6488533020
1392750067,0.6398925781,0.8752441406,-0.3979492188,-4.6259541512, 12.7175569534, 58.5648841858
1392760067,0.6154785156,0.8669433594,-0.3969726562,-5.6946563721, 15.2824430466, 60.6717567444
1392770067,0.5930175781,0.8864746094,-0.3833007812,-6.1221375465, 16.0916023254, 63.5419845581
1392780067,0.5959472656,0.8586425781,-0.3833007812,-7.0992364883, 15.1603050232, 64.4885482788
1392790067,0.6218261719,0.8283691406,-0.3696289062,-7.4656486511, 14.6259546280, 67.0381698608
1392800067,0.6228027344,0.8310546875,-0.3752441406,-8.2900762558, 13.7099237442, 67.5877838135
1392810067,0.6445312500,0.7893066406,-0.3645019531,-8.7480916977, 13.0992364883, 71.3740463257
1392820067,0.6474609375,0.7609863281,-0.3493652344,-8.7633590698, 13.6793889999, 70.3206100464
1392830067,0.6682128906,0.7644042969,-0.3344726562,-8.1068706512, 13.2061071396, 70.5954208374
1392840067,0.6904296875,0.7636718750,-0.3276367188,-8.6259546280, 12.2137403488, 73.7404556274
1392850067,0.6931152344,0.7407226562,-0.3374023438,-8.9770994186, 11.2671756744, 76.6412200928
1392860067,0.7087402344,0.7607421875,-0.3208007812,-9.5267171860, 10.6106872559, 75.4045791626
1392870067,0.7102050781,0.7626953125,-0.3320312500,-9.4656486511, 10.4122133255, 78.1068725586
