xacc,yacc,zacc,xgyro,ygyro,zgyro
1.019531,0.272217,-0.041016,-2.167939,-0.587786,-0.480916
1.028076,0.273438,-0.039307,-2.541985,-0.442748,-1.282443
1.035156,0.272949,-0.036377,-3.015267,0.259542,-1.282443
1.01709,0.271729,-0.02417,-2.908397,-0.053435,-0.312977
0.987061,0.2771,-0.014893,-2.541985,-2.175573,1.320611
0.986816,0.294434,-0.034668,-2.572519,-4.305344,2.366412
1.014648,0.296875,-0.05249,-2.053435,-2.70229,3.40458
0.985596,0.328613,-0.072021,-2.206107,-2.648855,5.320611
0.993652,0.325195,-0.043457,-2.030534,-2.824427,7.862596
0.998779,0.318848,-0.023926,-1.526718,-3.59542,10.145039
0.962402,0.300049,0.003174,-0.755725,-5.412214,12.129771
0.940918,0.254395,-0.006104,-0.389313,-7.679389,13.40458
0.915771,0.212891,-0.022217,0.015267,-10.916031,12.427481
0.942871,0.1604,-0.083008,-0.099237,-13.129771,7.549618
0.995117,0.145996,-0.148193,0.21374,-9.358779,2.877863
1.000244,0.156982,-0.164795,1.587786,-3.328244,3.328244
1.006104,0.198242,-0.146973,3.396947,1.320611,8.19084
1.024414,0.246826,-0.110107,4.564886,3.610687,13.221375
1.027344,0.287354,-0.037109,4.335878,3.732824,14.465649
1.051025,0.291016,0.003662,1.557252,0.89313,14.496183
1.091553,0.246338,0.020996,-1.832061,-3.709924,12.167939
1.104736,0.227783,-0.008545,-4.29771,-9.412213,7.91603
1.128418,0.199951,-0.07373,-6.900764,-12.732824,-0.450382
1.095215,0.186768,-0.12915,-7.496183,-11.244275,-9.206107
1.038818,0.200928,-0.148682,-6.480916,-6.19084,-12.526717
0.973145,0.209473,-0.161621,-4.610687,-2.854962,-11.305344
0.937988,0.22583,-0.144775,-3.48855,-2.061069,-8.068703
0.927979,0.241943,-0.140137,-4.251908,-0.931298,-6.038168
0.945068,0.252197,-0.138672,-5.694656,2.946565,-4.351145
0.956543,0.229248,-0.148193,-8.21374,5.198473,-3.374046
0.97998,0.185547,-0.150879,-10.030535,7.38168,-5.022901
0.990234,0.159912,-0.131592,-9.671756,10.435115,-7.847328
0.989746,0.158936,-0.111816,-7.244275,13.015267,-9.458015
0.968994,0.179199,-0.083008,-5.473282,14.015267,-8.534351
0.980469,0.191406,-0.052002,-5.08397,13.305344,-8.38168
1.014404,0.204834,-0.027588,-5.282443,11.839695,-9.770992
1.030518,0.207275,-0.025635,-5.862596,9.625955,-10.80916
1.043945,0.228027,-0.027344,-7.061069,6.656488,-10.435115
1.063965,0.22168,-0.033203,-7.832061,5.877862,-10.625955
1.076904,0.216309,-0.046387,-8.083969,5.473282,-11.992367
1.067383,0.2146,-0.045654,-7.885496,5.557252,-15.007633
1.057129,0.218994,-0.05542,-7.29771,6.725191,-17.114504
1.049316,0.188721,-0.063965,-7.374046,10.19084,-18.908398
1.015869,0.172607,-0.049805,-7.305344,11.396947,-22.160305
1.009766,0.167236,-0.05249,-7.343512,10.610687,-24.931297
0.976562,0.172852,-0.0271,-8.122137,7.496183,-27.282442
1.019531,0.200928,-0.044922,-8.938931,6.412214,-26.267176
1.04126,0.227295,-0.05127,-9.854961,8.954199,-23.885496
1.014648,0.266846,-0.042725,-9.969465,11.030535,-23.244274
0.991943,0.291992,-0.033691,-9.053435,12.175572,-21.778625
0.989014,0.325195,-0.01123,-8.0,13.503817,-19.351145
0.965088,0.359375,0.009277,-7.427481,13.122137,-18.38168
0.921143,0.39209,0.056152,-5.984733,11.129771,-15.893129
0.899902,0.391357,0.068359,-5.274809,5.580153,-16.152672
0.919434,0.365234,0.067383,-5.48855,1.229008,-18.801527
0.926025,0.323975,0.067871,-5.419847,-3.21374,-21.534351
0.915771,0.219238,0.054199,-4.862596,-8.770992,-27.961832
1.061523,0.265381,0.01123,-3.839695,-6.625954,-23.984734
1.093506,0.213135,-0.030029,-4.08397,-1.183206,-22.80916
1.098633,0.230469,-0.042969,-3.725191,4.763359,-21.083969
1.050781,0.296631,-0.053711,-2.045802,9.305344,-23.862595
0.987793,0.380859,-0.079346,-1.137405,10.854961,-21.465649
0.961426,0.399902,-0.064209,-0.274809,8.473283,-21.740458
1.063232,0.380127,-0.078369,0.366412,11.526717,-28.045801
1.09668,0.369385,-0.054443,0.51145,17.282442,-37.595421
1.046631,0.286621,0.00415,2.053435,18.496183,-48.198475
1.111328,0.203613,0.022217,4.625954,17.015266,-59.335876
1.12207,0.180664,0.025635,5.312977,15.122137,-62.0229
1.207031,0.272949,0.103271,5.29771,10.450381,-54.854961
1.125977,0.174561,0.042969,4.656488,7.412214,-59.770992
1.079834,0.211426,0.024902,2.709924,11.045801,-49.587788
0.943604,0.258301,0.032471,2.450382,13.648855,-45.648853
0.852539,0.32251,0.021973,3.961832,15.343512,-39.007633
0.782227,0.380859,0.015381,4.503817,12.580153,-35.496181
0.845703,0.361816,0.002197,5.274809,11.450381,-41.435116
0.896484,0.325439,-0.003906,3.725191,11.412213,-49.732826
0.977539,0.283936,-0.006348,3.328244,13.633588,-54.244274
0.99292,0.255371,0.021973,3.816794,11.633588,-56.198475
1.026367,0.273682,0.030762,4.78626,10.236641,-54.816795
1.023926,0.321777,0.00415,2.259542,8.862596,-51.251907
0.990723,0.365234,0.003174,0.908397,9.015267,-51.038166
0.935791,0.409424,0.014893,1.687023,11.503817,-53.427483
0.890625,0.541504,0.014404,1.931298,13.122137,-58.610687
0.784424,0.518555,0.029541,2.709924,10.656488,-52.694656
0.869385,0.563721,0.028076,3.167939,6.89313,-57.801525
0.942139,0.540283,0.031738,2.0,5.175572,-60.893131
1.011963,0.520996,0.041748,1.145038,4.824428,-63.328243
1.015869,0.503174,0.051514,1.48855,5.274809,-63.557251
0.913574,0.518066,0.047852,2.137405,4.175572,-62.862595
0.818115,0.553955,0.026611,2.114504,3.21374,-62.061069
0.793701,0.557861,0.033936,0.40458,1.961832,-61.183205
0.770508,0.562988,0.033691,-0.496183,-2.229008,-60.801525
0.827148,0.547852,0.02002,0.19084,-3.099237,-61.984734
0.912598,0.540527,0.012207,0.534351,-2.351145,-63.64122
0.93457,0.530273,0.015869,0.847328,0.007634,-66.030533
0.906006,0.545654,0.031982,1.267176,0.839695,-68.091606
0.855713,0.556396,0.052246,1.099237,-1.259542,-66.709923
0.81958,0.561279,0.052002,0.748092,-3.778626,-65.923668
0.809082,0.580566,0.057373,-0.442748,-7.91603,-66.213737
0.810791,0.574463,0.041504,-1.374046,-10.465649,-63.587788
0.805908,0.595947,0.014893,-1.793893,-11.099236,-61.030533
0.800049,0.604248,0.001709,-1.59542,-9.763359,-60.908398
0.791504,0.62085,-0.028564,-1.21374,-6.358778,-64.053436
0.824463,0.609863,-0.015381,0.007634,-1.274809,-67.526718
0.800537,0.615723,0.02002,2.167939,2.847328,-69.061066
0.753418,0.652588,0.054932,3.19084,2.305344,-67.832062
0.719238,0.675049,0.068604,3.473282,-0.480916,-65.335876
0.726807,0.672852,0.062744,3.877863,-4.854962,-64.64122
0.758789,0.657227,0.061523,5.198473,-6.564886,-65.564888
0.763916,0.66626,0.039307,6.351145,-6.870229,-66.435112
0.765381,0.673096,0.032471,7.305344,-6.167939,-66.015266
0.741943,0.687744,0.014893,7.946565,-4.656488,-64.091606
0.704102,0.713135,0.015869,8.587787,-4.389313,-63.34351
0.675049,0.748291,0.008789,8.351145,-5.21374,-61.160305
0.665039,0.760986,0.006348,8.068703,-5.08397,-60.916031
0.67749,0.764648,-0.010986,7.900764,-5.328244,-61.557251
0.684082,0.765625,-0.022217,8.007633,-3.29771,-61.534351
0.681641,0.758301,-0.016602,8.335877,-1.671756,-63.335876
0.625,0.804199,-0.035156,7.045802,-2.954198,-61.106869
0.620361,0.785156,-0.018555,7.633588,-1.778626,-60.862595
0.60376,0.81665,-0.0271,4.358778,-7.175572,-60.786259
0.672607,0.781006,-0.037109,3.137405,-7.946565,-63.488548
0.721191,0.755615,-0.065674,2.328244,-4.59542,-65.740456
0.728516,0.772949,-0.049561,4.59542,4.320611,-65.145035
0.605713,0.842041,0.010742,6.122138,8.389313,-59.824429
0.497314,0.875977,0.050781,7.129771,4.580153,-55.0
0.463867,0.875244,0.057861,8.198473,-2.145038,-54.740459
0.490234,0.884521,0.024902,8.030535,-8.702291,-54.305344
0.516602,0.870605,0.005859,7.473282,-12.19084,-50.732826
0.566895,0.860107,-0.036621,7.534351,-10.59542,-48.839695
0.567627,0.854248,-0.044922,5.847328,-9.664123,-48.221375
0.576172,0.826416,-0.062256,5.198473,-8.854961,-50.129772
0.610596,0.812256,-0.06958,3.839695,-8.900764,-53.251907
0.623047,0.813721,-0.062988,3.473282,-6.328244,-52.770992
0.607666,0.8125,-0.040771,3.625954,-4.305344,-52.984734
0.57251,0.82373,-0.013184,4.030534,-3.534351,-54.213741
0.553223,0.815918,0.016602,6.053435,-3.366412,-54.969467
0.513184,0.847656,0.015869,7.290076,-6.442748,-55.137405
0.498047,0.843262,-0.013672,6.61832,-9.694656,-55.862595
0.506836,0.875488,-0.036621,6.015267,-11.320611,-56.236641
0.498535,0.88208,-0.074219,4.396946,-9.916031,-54.496181
0.466553,0.891113,-0.088379,4.419847,-7.679389,-55.603054
0.449707,0.910156,-0.084473,4.10687,-5.717557,-56.244274
0.488037,0.919678,-0.062012,2.244275,-4.900764,-57.38168
0.492676,0.864258,-0.046387,3.038168,-5.984733,-59.923664
0.483887,0.864746,-0.03833,1.251908,-7.824428,-59.633587
0.474854,0.858154,-0.007324,3.21374,-9.274809,-58.70229
0.435547,0.875488,-0.003906,2.748092,-11.954199,-57.824429
0.445557,0.918457,-0.030029,4.801527,-15.236641,-61.885498
0.4375,0.87915,-0.009033,6.641222,-14.877863,-63.106869
0.386475,0.937012,-0.052734,5.946565,-15.610687,-59.748093
0.364258,0.951904,-0.103271,2.267176,-14.38168,-51.923664
0.311279,0.947754,-0.046875,1.351145,-16.854961,-52.938931
0.368896,0.915283,-0.038574,1.206107,-16.045801,-53.282444
0.425293,0.855469,-0.044434,2.381679,-14.748092,-53.488548
0.415771,0.870117,-0.035645,7.030534,-11.305344,-53.572517
0.341553,0.924561,-0.014404,8.412213,-11.175572,-50.740459
0.267578,0.90918,0.011719,7.007634,-15.832061,-49.824429
0.35791,0.860352,-0.021484,8.435115,-18.38168,-52.61832
0.394043,0.871094,-0.039795,10.419847,-17.19084,-48.763359
0.365723,0.853027,-0.065918,10.160305,-15.0,-48.213741
0.343018,0.89624,-0.079834,10.763359,-12.106871,-47.694656
0.296143,0.955811,-0.093262,11.396947,-9.557252,-48.221375
0.256592,1.00293,-0.078125,13.671756,-9.419847,-49.816795
0.212402,1.01709,-0.045898,13.221375,-11.465649,-45.106869
0.221191,1.01001,-0.02417,13.824428,-16.503817,-45.053436
0.284424,0.929199,-0.008301,16.671755,-21.458015,-44.488548
0.241699,1.026611,-0.086182,15.312977,-26.0,-40.183205
0.295654,0.959473,-0.13208,14.396947,-26.244274,-40.839695
0.351074,0.945557,-0.203369,12.282443,-19.931297,-40.595421
0.298096,0.928467,-0.204102,11.396947,-15.984733,-44.083969
0.303955,0.93042,-0.21582,11.167939,-10.564885,-47.229008
0.310303,0.970215,-0.218018,7.816794,-3.763359,-51.954197
0.262695,0.922363,-0.171143,8.396947,0.122137,-57.496181
0.243164,0.970703,-0.147949,7.40458,0.549618,-61.38168
0.180664,0.999756,-0.13916,5.473282,-1.870229,-59.389313
0.16626,1.00293,-0.154297,3.59542,-3.770992,-58.404579
0.189453,0.97876,-0.151367,1.648855,-2.763359,-59.442749
0.186768,0.91626,-0.140869,2.877863,-0.717557,-62.900764
0.161621,0.986816,-0.133301,0.244275,-1.870229,-71.335876
0.116211,0.966553,-0.135254,-2.328244,-5.152672,-70.908394
0.146729,1.018799,-0.200195,-4.641222,-8.068703,-75.35878
0.153809,1.019531,-0.190674,-11.61832,-5.274809,-75.480919
0.107422,0.978027,-0.175049,-10.0,-4.625954,-75.213737
0.11499,0.982666,-0.157715,-9.503817,-1.206107,-77.435112
0.097656,0.962158,-0.123047,-9.259542,0.89313,-78.03817
0.081787,0.973145,-0.094238,-9.061069,-0.183206,-79.885498
0.05835,0.925293,-0.084961,-10.106871,-0.335878,-80.236641
0.075684,0.975098,-0.100342,-7.541985,-3.641221,-84.572517
0.071045,0.987061,-0.124756,-8.625955,-4.206107,-86.648857
0.025635,0.99292,-0.131104,-10.328244,-4.763359,-88.786263
-0.015869,1.014648,-0.123291,-12.671756,-5.305344,-88.877861
-0.057373,0.969482,-0.094482,-14.106871,-6.832061,-87.755722
-0.016113,1.017822,-0.112793,-13.793893,-7.740458,-88.778625
-0.003906,0.976318,-0.124512,-13.992367,-4.480916,-89.465652
-0.049316,0.981445,-0.104004,-15.610687,-0.572519,-89.801529
-0.104248,0.963623,-0.061768,-12.259542,-1.022901,-90.458015
-0.085938,0.973145,-0.079346,-10.045801,-1.564885,-93.106873
-0.101318,0.954834,-0.092041,-8.78626,-0.526718,-95.67939
-0.174561,0.989014,-0.072998,-9.885496,-0.236641,-93.35878
-0.19751,1.01709,-0.063965,-7.473282,-1.610687,-90.335876
-0.196045,1.041748,-0.086914,-6.91603,-2.641221,-86.259544
-0.2229,1.00415,-0.111572,-7.610687,-3.137405,-83.183205
-0.227783,0.976562,-0.106201,-8.587787,-3.267176,-80.809158
-0.236084,0.980957,-0.121094,-11.793893,-2.091603,-78.030533
-0.259521,0.980469,-0.104492,-11.274809,-3.358779,-76.32061
-0.275879,0.958984,-0.096924,-12.969465,-5.48855,-73.96183
-0.266602,0.922119,-0.107666,-13.022901,-5.259542,-74.908394
-0.272705,0.933594,-0.105469,-14.732824,-5.496183,-73.251907
-0.278809,0.929443,-0.083984,-14.625955,-4.603054,-72.167938
-0.263428,0.93042,-0.084473,-12.801527,-3.778626,-72.412216
-0.277344,0.937012,-0.094238,-11.946565,0.572519,-68.96183
-0.339355,0.971191,-0.064697,-11.038168,0.480916,-63.34351
-0.363281,0.981201,-0.058838,-11.183207,-0.862595,-56.778625
-0.365234,0.97583,-0.080811,-11.564885,-1.977099,-51.732826
-0.416992,1.0271,-0.095459,-13.061069,-2.305344,-44.519085
-0.394775,0.97876,-0.068848,-15.21374,-5.61832,-34.106869
-0.350098,0.971924,-0.067627,-15.534351,-6.48855,-31.374046
-0.343506,0.946533,-0.075195,-16.137405,-5.877862,-29.145039
-0.322998,0.921875,-0.060791,-16.022902,-2.839695,-29.709923
-0.363281,0.89917,-0.037109,-14.274809,-1.496183,-33.274811
-0.356934,0.932861,0.003906,-11.526717,-2.412214,-30.839695
-0.393555,0.95459,0.006348,-8.885496,-4.70229,-23.206106
-0.361328,0.912842,-0.036621,-7.007634,-3.801527,-22.450382
-0.374268,0.932373,-0.035156,-6.312977,-3.274809,-21.091602
-0.400391,0.935059,-0.032471,-5.824428,-4.0,-17.877863
-0.392822,0.923584,-0.045898,-5.839694,-4.641222,-15.709924
-0.403809,0.90918,-0.027832,-5.442748,-4.236641,-13.152672
-0.413574,0.918213,-0.039307,-4.748092,-3.671756,-11.450381
-0.391602,0.920898,-0.042725,-4.587786,-3.679389,-10.587787
-0.395508,0.925293,-0.028076,-3.442748,-2.480916,-8.938931
-0.397949,0.921875,-0.033203,-2.229008,-1.343511,-5.854962
-0.390381,0.919434,-0.037354,-1.19084,0.145038,-2.145038
-0.380859,0.907715,-0.039795,-0.160305,1.358779,2.099237
-0.373291,0.902588,-0.037842,0.70229,2.526718,5.480916
-0.379639,0.902588,-0.040283,1.21374,3.152672,7.984733
-0.361816,0.911377,-0.039795,1.549618,3.923664,9.702291
-0.344727,0.905273,-0.042725,2.206107,5.236641,10.725191
-0.379883,0.921875,-0.039795,2.450382,5.053435,12.793893
-0.354248,0.92334,-0.065918,2.152672,4.969466,13.427481
-0.345215,0.919434,-0.056641,2.053435,5.603054,13.244275
-0.339844,0.920654,-0.049561,1.48855,4.656488,13.488549
-0.331543,0.916504,-0.048828,0.847328,3.946565,13.725191
-0.332275,0.927734,-0.070312,0.442748,3.679389,14.519084
-0.327637,0.925537,-0.059326,-0.122137,4.343512,14.717557
-0.32373,0.91333,-0.06543,-0.045802,5.152672,14.152672
-0.325195,0.908936,-0.056885,0.671756,6.305344,13.328244
-0.328125,0.920166,-0.067627,1.236641,6.839694,11.694656
-0.31958,0.936523,-0.075195,1.564885,7.29771,10.877863
-0.327881,0.932617,-0.061035,1.480916,6.541985,10.351145
-0.327148,0.937012,-0.062988,0.938931,5.114504,10.832061
-0.320312,0.945068,-0.063721,-0.763359,3.145038,11.923664
-0.34082,0.935059,-0.06958,-3.091603,-0.259542,15.290076
-0.261475,0.900635,-0.063232,-3.091603,0.580153,12.900764
-0.284668,0.918945,-0.070312,-3.19084,1.038168,10.458015
-0.274658,0.905273,-0.060791,-2.740458,1.80916,7.412214
-0.30835,0.929443,-0.067383,-3.557252,0.160305,6.40458
-0.297852,0.928711,-0.063965,-3.396947,0.847328,5.274809
-0.313477,0.930664,-0.055176,-2.984733,0.687023,5.625954
-0.321045,0.934082,-0.063232,-3.473282,0.221374,7.183206
-0.320312,0.936768,-0.063965,-4.007634,0.206107,8.259542
-0.303223,0.929688,-0.06958,-4.305344,0.969466,9.351145
-0.29834,0.928467,-0.060547,-5.21374,-0.358779,7.709924
-0.26416,0.90918,-0.048096,-3.78626,1.618321,5.625954
-0.313232,0.931396,-0.036621,-2.358779,1.251908,5.908397
-0.322754,0.947021,-0.051025,-2.007634,0.412214,8.503817
-0.300293,0.951416,-0.075684,-3.045802,-0.076336,10.198473
-0.296387,0.949951,-0.070312,-3.022901,1.389313,12.145039
-0.327881,0.944092,-0.044189,-3.458015,0.625954,14.282443
-0.303467,0.9375,-0.067627,-3.389313,0.320611,14.847328
-0.243408,0.924805,-0.073486,-2.954198,2.29771,13.465649
-0.246094,0.925537,-0.057861,-2.770992,2.290076,11.435115
-0.26001,0.927002,-0.049072,-2.587786,1.564885,9.580153
-0.25415,0.922852,-0.054443,-2.419847,2.343511,7.755725
-0.231934,0.915283,-0.06543,-2.335878,2.992366,6.259542
-0.230713,0.912842,-0.052002,-0.862595,4.78626,6.244275
-0.27002,0.934814,-0.029297,-0.312977,2.870229,4.679389
-0.288818,0.943848,-0.072998,-0.030534,2.679389,4.59542
-0.282715,0.948975,-0.070801,-0.770992,2.564885,5.725191
-0.271729,0.941895,-0.064209,-1.419847,1.89313,6.389313
-0.245605,0.925293,-0.065186,-1.625954,1.748092,4.526718
-0.240479,0.92627,-0.065674,-1.587786,1.320611,3.244275
-0.247314,0.939697,-0.08667,-2.007634,1.877863,2.763359
-0.281494,0.941406,-0.058594,-2.206107,1.10687,2.648855
-0.260254,0.941162,-0.062988,-1.992366,1.290076,2.770992
-0.262939,0.950928,-0.062744,-1.526718,1.580153,3.824427
-0.266357,0.946533,-0.05835,-1.160305,1.732824,4.358778
-0.265869,0.942627,-0.074219,-1.251908,1.19084,3.496183
-0.233887,0.938477,-0.088623,-1.977099,2.099237,2.839695
-0.243164,0.932617,-0.050781,-2.221374,0.618321,1.572519
-0.25,0.937012,-0.068848,-2.061069,0.641221,-0.076336
-0.266846,0.944092,-0.060059,-1.763359,0.625954,0.549618
-0.258301,0.951904,-0.072266,-2.198473,1.007634,1.274809
-0.245361,0.941406,-0.068848,-2.427481,0.877863,1.038168
-0.237793,0.937256,-0.057617,-2.045802,0.801527,-0.030534
-0.248535,0.94043,-0.061768,-2.10687,0.274809,-0.137405
-0.246094,0.941895,-0.05542,-1.465649,0.862595,-0.51145
-0.273926,0.958252,-0.064453,-1.656489,0.603053,1.465649
-0.275391,0.950439,-0.063721,-2.099237,0.030534,3.083969
-0.257812,0.947754,-0.069336,-2.366412,-0.114504,2.870229
-0.240723,0.947998,-0.063477,-2.427481,0.320611,3.022901
-0.256836,0.947998,-0.059326,-2.129771,0.870229,3.007634
-0.258301,0.960205,-0.062988,-1.839695,-0.053435,3.725191
-0.248779,0.950684,-0.059814,-1.816794,0.587786,3.091603
-0.241455,0.94043,-0.068848,-2.221374,0.610687,3.21374
-0.238525,0.936279,-0.056641,-1.961832,0.396947,2.580153
-0.238281,0.942627,-0.064209,-1.557252,0.229008,2.175573
-0.251221,0.942383,-0.069092,-1.885496,0.450382,2.282443
-0.247559,0.946777,-0.067383,-1.992366,1.10687,3.022901
-0.249023,0.945557,-0.061768,-2.045802,-0.076336,3.374046
-0.235596,0.938477,-0.059082,-2.122137,0.030534,2.458015
-0.228027,0.938477,-0.068359,-1.78626,-0.022901,1.900763
-0.237061,0.937988,-0.053955,-1.816794,0.083969,1.519084
-0.232422,0.944824,-0.070068,-1.748092,-0.061069,0.984733
-0.226562,0.940186,-0.070557,-2.137405,0.007634,0.709924
-0.223633,0.942871,-0.064941,-2.030534,-0.267176,-0.480916
-0.24292,0.944824,-0.067139,-1.992366,-0.206107,-0.015267
-0.236328,0.949951,-0.065674,-1.923664,-0.129771,0.083969
-0.241943,0.952637,-0.067383,-1.725191,-0.549618,0.763359
-0.233887,0.950195,-0.077148,-2.183206,-1.137405,0.396947
-0.232178,0.940186,-0.065674,-1.954198,-0.465649,-0.137405
-0.235596,0.943359,-0.053955,-1.664122,-0.961832,-0.694656
-0.240723,0.949707,-0.068359,-1.954198,-1.0,-0.396947
-0.237305,0.958008,-0.077393,-1.900763,-1.061069,0.137405
-0.240723,0.95752,-0.07373,-2.198473,-0.900763,0.954198
-0.235596,0.950684,-0.060791,-1.992366,-1.053435,1.267176
-0.239746,0.939453,-0.055908,-1.679389,-1.206107,1.824427
-0.230713,0.947998,-0.073486,-1.656489,-1.091603,1.259542
-0.242188,0.959473,-0.067627,-1.633588,-1.717557,1.80916
-0.233643,0.952148,-0.072998,-1.832061,-1.687023,2.091603
-0.227539,0.946533,-0.066406,-1.78626,-0.931298,1.557252
-0.236816,0.953613,-0.064941,-1.748092,-0.984733,1.977099
-0.233887,0.954834,-0.066895,-1.51145,-1.099237,1.931298
-0.224365,0.948975,-0.063232,-1.366412,-0.709924,1.198473
-0.221191,0.947266,-0.069824,-1.435115,-1.312977,0.725191
-0.206055,0.945312,-0.066162,-1.465649,-1.076336,-0.442748
-0.233398,0.950195,-0.066406,-1.633588,-1.473282,-0.366412
-0.236816,0.959717,-0.068848,-2.167939,-1.832061,0.236641
-0.231201,0.945068,-0.075195,-2.21374,-1.587786,0.366412
-0.227539,0.949219,-0.064209,-2.21374,-1.580153,0.625954
-0.227295,0.949707,-0.071045,-2.114504,-1.580153,1.091603
-0.229492,0.95166,-0.0625,-2.083969,-1.59542,1.114504
-0.233154,0.957764,-0.062012,-1.992366,-1.709924,1.496183
-0.228271,0.949951,-0.066406,-1.740458,-1.610687,1.610687
-0.223633,0.953857,-0.061523,-1.931298,-1.557252,2.267176
-0.223633,0.955078,-0.06543,-1.664122,-2.129771,2.435115
-0.201172,0.984375,-0.080566,-1.679389,-1.152672,3.274809
-0.215576,0.930176,-0.064453,-1.59542,-0.816794,0.694656
-0.221924,0.949219,-0.06543,-0.961832,-1.045802,0.351145
-0.219971,0.956299,-0.077148,-1.0,-1.587786,0.778626
-0.216797,0.956543,-0.071289,-1.29771,-0.977099,0.656489
-0.22583,0.955078,-0.069824,-1.541985,-0.984733,1.137405
-0.231445,0.954102,-0.069092,-1.687023,-1.320611,1.847328
-0.2146,0.95166,-0.067383,-1.557252,-1.015267,1.885496
-0.224365,0.957031,-0.079346,-1.580153,-0.839695,1.625954
-0.204102,0.94751,-0.064941,-1.687023,-0.748092,0.969466
-0.212158,0.951172,-0.061035,-1.610687,-0.916031,0.343511
-0.211426,0.949463,-0.062744,-1.312977,-0.977099,-0.503817
-0.221924,0.955078,-0.071533,-1.412214,-0.78626,-0.687023
-0.219971,0.94751,-0.065674,-1.549618,-0.916031,0.076336
-0.21582,0.959961,-0.064697,-1.648855,-0.954198,0.259542
-0.221436,0.96167,-0.068359,-2.099237,-0.587786,0.259542
-0.226562,0.966553,-0.082031,-1.984733,-1.198473,-0.335878
-0.203369,0.951416,-0.07373,-1.946565,-0.183206,-0.961832
-0.224121,0.950928,-0.066162,-1.763359,-0.335878,-1.221374
-0.216553,0.961914,-0.068115,-1.801527,-0.358779,-1.908397
-0.218262,0.955566,-0.072021,-2.175573,-0.412214,-1.900763
-0.222656,0.958252,-0.069092,-2.160305,-0.473282,-1.816794
-0.221191,0.962158,-0.075684,-2.480916,-0.557252,-2.419847
-0.218018,0.95459,-0.074463,-2.335878,-0.129771,-2.480916
-0.225098,0.955811,-0.075195,-2.328244,-0.267176,-2.885496
-0.211914,0.953857,-0.063477,-2.274809,-0.465649,-2.778626
-0.213623,0.948975,-0.067871,-2.137405,-0.137405,-2.755725
-0.211182,0.949951,-0.075195,-2.129771,-0.335878,-2.694656
-0.216064,0.954346,-0.067871,-2.167939,-0.312977,-2.519084
-0.215332,0.955811,-0.065674,-2.435115,-0.59542,-2.083969
-0.216797,0.954834,-0.071533,-2.160305,-0.442748,-2.381679
-0.216309,0.949463,-0.063477,-2.244275,-0.625954,-2.78626
-0.213867,0.958984,-0.072754,-2.19084,-0.549618,-3.503817
-0.21875,0.955811,-0.070557,-2.21374,-0.526718,-3.854962
-0.219482,0.958252,-0.072266,-2.167939,-0.572519,-4.274809
-0.215088,0.953857,-0.070312,-2.114504,-0.267176,-4.320611
-0.216797,0.950928,-0.067871,-2.076336,-0.29771,-4.229008
-0.215088,0.956055,-0.07666,-2.068702,-0.412214,-3.877863
-0.221191,0.953369,-0.067871,-1.854962,-0.175573,-4.122138
-0.219482,0.953613,-0.066895,-1.687023,-0.251908,-4.114504
-0.220459,0.957275,-0.074707,-1.977099,-0.206107,-3.931298
-0.219238,0.956787,-0.070801,-1.854962,-0.312977,-4.045802
-0.213135,0.950195,-0.069824,-2.114504,-0.267176,-4.053435
-0.222656,0.948486,-0.067139,-1.969466,-0.19084,-4.435114
-0.223389,0.955811,-0.061768,-2.114504,-0.19084,-4.015267
-0.225586,0.960205,-0.067627,-2.091603,-0.114504,-3.778626
-0.222656,0.95752,-0.070557,-2.259542,-0.221374,-3.480916
-0.219482,0.952148,-0.075439,-2.229008,-0.091603,-3.770992
-0.216064,0.955322,-0.072266,-2.145038,-0.053435,-3.59542
-0.223389,0.953857,-0.067871,-2.061069,-0.183206,-3.427481
-0.220947,0.952393,-0.080566,-2.290076,-0.519084,-3.641221
-0.218018,0.950928,-0.072998,-2.083969,-0.229008,-4.030534
-0.228516,0.959473,-0.06543,-2.0,-0.40458,-3.656489
-0.233643,0.958008,-0.066162,-2.343511,-0.633588,-3.091603
603
