time,xacc,yacc,zacc,xgyro,ygyro,zgyro
892120067,0.9699707031,0.4816894531,-0.3605957031,-0.8244274855, 2.4885497093, -1.4351145029
892130067,0.9677734375,0.4794921875,-0.3715820312,-1.0839694738, 2.0305342674, -1.2061069012
892140067,0.9697265625,0.4731445312,-0.3654785156,-0.7480915785, 1.4809160233, -1.2213740349
892150067,0.9675292969,0.4841308594,-0.3547363281,-0.9160305262, 0.6564885378, -1.6946564913
892160067,0.9765625000,0.4865722656,-0.3559570312,-0.9618320465, -0.4580152631, -1.1755725145
892170067,0.9750976562,0.4895019531,-0.3632812500,-1.0381679535, -1.5725190639, -1.0229008198
892180067,0.9711914062,0.4797363281,-0.3676757812,-1.2977099419, -2.3511450291, -1.4809160233
892190067,0.9709472656,0.4819335938,-0.3657226562,-1.5877863169, -2.9618320465, -2.4274809361
892200067,0.9807128906,0.4926757812,-0.3720703125,-1.8167939186, -3.3129770756, -3.4503817558
892210067,0.9858398438,0.4997558594,-0.3884277344,-1.6183205843, -3.4809160233, -4.0152673721
892220067,0.9838867188,0.5153808594,-0.3913574219,-2.0305342674, -3.1908397675, -3.6030533314
892230067,0.9836425781,0.5034179688,-0.3967285156,-1.9083969593, -2.4274809361, -3.5725190639
892240067,0.9714355469,0.4968261719,-0.3974609375,-2.1679389477, -1.0381679535, -4.1526718140
892250067,0.9570312500,0.4995117188,-0.4130859375,-2.5343511105, 0.9618320465, -3.8625953197
892260067,0.9492187500,0.4975585938,-0.4106445312,-2.4274809361, 2.7633588314, -2.7938930988
892270067,0.9394531250,0.4997558594,-0.4025878906,-2.2748091221, 4.2137403488, -1.2671755552
892280067,0.9487304688,0.4985351562,-0.3903808594,-1.7709923983, 4.8091602325, -0.3206106722
892290067,0.9379882812,0.4907226562,-0.3837890625,-1.6335878372, 4.9007635117, -0.0458015278
892300067,0.9484863281,0.4985351562,-0.3791503906,-1.8778625727, 3.9694657326, -0.2900763452
892310067,0.9501953125,0.4997558594,-0.3569335938,-1.7404580116, 2.7022900581, -0.9465649128
892320067,0.9577636719,0.4987792969,-0.3559570312,-1.9236640930, 1.1755725145, -1.6335878372
892330067,0.9604492188,0.5080566406,-0.3479003906,-1.9847328663, 0.2442748100, -2.1526718140
892340067,0.9707031250,0.5087890625,-0.3627929688,-2.2900762558, 0.0763358772, -2.4732823372
892350067,0.9721679688,0.5075683594,-0.3630371094,-1.9236640930, -0.0763358772, -2.8091602325
892360067,0.9748535156,0.5124511719,-0.3674316406,-1.8473281860, 0.1526717544, -2.6564886570
892370067,0.9694824219,0.5075683594,-0.3789062500,-1.6030534506, 0.7022900581, -2.3206107616
892380067,0.9702148438,0.5092773438,-0.3698730469,-1.3740458488, 0.7175572515, -2.2137403488
892390067,0.9672851562,0.5065917969,-0.3735351562,-1.1603053808, 1.1450381279, -2.3206107616
892400067,0.9709472656,0.4995117188,-0.3740234375,-1.0381679535, 1.3893129826, -2.5648853779
892410137,0.9648437500,0.4997558594,-0.3801269531,-1.2366411686, 1.2061069012, -2.8244273663
892420067,0.9650878906,0.4956054688,-0.3837890625,-1.3435114622, 1.2671755552, -3.2061069012
892430067,0.9580078125,0.4921875000,-0.3752441406,-1.5877863169, 1.0229008198, -4.0305342674
892440067,0.9658203125,0.4982910156,-0.3840332031,-2.1221373081, 0.6412213445, -4.5801525116
892450067,0.9636230469,0.4936523438,-0.3784179688,-2.0610687733, 0.1832061112, -4.9160304070
892460067,0.9619140625,0.4826660156,-0.3728027344,-2.0458016396, -0.3053435087, -4.6412215233
892470067,0.9606933594,0.4921875000,-0.3823242188,-2.1374046803, -0.9312977195, -4.3816795349
892480218,0.9606933594,0.4885253906,-0.3767089844,-2.3053436279, -0.7786259651, -3.9389312267
892490067,0.9609375000,0.4853515625,-0.3798828125,-2.0458016396, -0.4427480996, -3.3282442093
892500067,0.9619140625,0.4853515625,-0.3784179688,-2.1526718140, 0.1832061112, -3.0534350872
892510067,0.9624023438,0.4804687500,-0.3793945312,-2.0763359070, 0.7022900581, -2.7022900581
892520067,0.9667968750,0.4890136719,-0.3771972656,-2.0152671337, 1.3893129826, -1.9694656134
892530067,0.9621582031,0.4829101562,-0.3830566406,-1.6641221046, 1.6946564913, -1.4198473692
892540067,0.9555664062,0.4873046875,-0.3784179688,-1.7862595320, 1.9541984797, -0.8549618125
892550067,0.9577636719,0.4956054688,-0.3830566406,-1.6946564913, 2.2595419884, -0.5801526904
892560067,0.9533691406,0.5021972656,-0.3771972656,-1.4503816366, 2.2595419884, -0.5343511701
892570067,0.9526367188,0.4938964844,-0.3801269531,-1.3740458488, 1.9847328663, -0.7328244448
892580067,0.9570312500,0.4973144531,-0.3771972656,-1.4809160233, 1.4045801163, -1.1450381279
892590067,0.9609375000,0.5007324219,-0.3706054688,-1.5114504099, 0.8702290058, -1.4656488895
892600067,0.9648437500,0.5046386719,-0.3774414062,-1.7709923983, 0.5496183038, -2.0305342674
892610067,0.9697265625,0.4995117188,-0.3803710938,-1.5877863169, 0.0763358772, -2.2595419884
892620067,0.9658203125,0.5000000000,-0.3767089844,-1.6641221046, -0.0152671756, -2.3664121628
892630076,0.9719238281,0.4985351562,-0.3784179688,-1.9236640930, -0.1526717544, -2.4885497093
892640067,0.9650878906,0.5007324219,-0.3767089844,-1.9541984797, 0.0763358772, -2.0305342674
892650067,0.9653320312,0.5002441406,-0.3889160156,-1.7709923983, 0.3816793859, -1.5114504099
892660067,0.9670410156,0.5058593750,-0.3874511719,-1.8167939186, 0.8702290058, -1.2366411686
892670067,0.9565429688,0.5061035156,-0.3847656250,-1.6488549709, 1.3893129826, -1.6488549709
892680067,0.9606933594,0.5139160156,-0.3808593750,-1.7404580116, 1.7862595320, -2.4274809361
892690067,0.9616699219,0.5117187500,-0.3830566406,-1.4961831570, 1.7099236250, -2.9618320465
892700067,0.9548339844,0.5134277344,-0.3784179688,-1.8015266657, 1.5267175436, -3.5267176628
892710067,0.9528808594,0.5124511719,-0.3745117188,-1.6030534506, 1.0687023401, -3.6641221046
892720067,0.9567871094,0.5153808594,-0.3774414062,-1.4961831570, 0.4274809062, -3.4503817558
892730067,0.9531250000,0.5117187500,-0.3728027344,-1.5572519302, 0.2595419884, -3.2671756744
892740067,0.9616699219,0.5043945312,-0.3715820312,-1.6488549709, 0.3206106722, -3.0992367268
892750067,0.9641113281,0.5175781250,-0.3781738281,-1.9541984797, 0.8549618125, -2.5954198837
892760067,0.9594726562,0.5095214844,-0.3735351562,-1.5267175436, 1.0992366076, -2.3053436279
892770067,0.9523925781,0.5017089844,-0.3759765625,-1.6946564913, 1.3282443285, -3.0687022209
892780067,0.9519042969,0.5014648438,-0.3613281250,-1.6641221046, 1.6488549709, -3.8931298256
892790067,0.9523925781,0.5153808594,-0.3642578125,-1.7557251453, 1.4961831570, -4.3511452675
892800067,0.9616699219,0.5122070312,-0.3701171875,-1.5419846773, 1.5572519302, -4.0152673721
892810067,0.9580078125,0.5085449219,-0.3793945312,-1.1450381279, 1.7862595320, -3.6793892384
892820067,0.9536132812,0.5092773438,-0.3942871094,-1.1145038605, 2.7022900581, -3.4503817558
892830067,0.9467773438,0.5051269531,-0.4118652344,-0.8549618125, 3.8778626919, -3.2519083023
892840067,0.9519042969,0.5085449219,-0.4062500000,-0.5343511701, 5.1908397675, -2.5954198837
892850067,0.9509277344,0.5036621094,-0.4003906250,-0.3206106722, 5.6641221046, -1.8625954390
892860067,0.9541015625,0.4990234375,-0.4028320312,-0.1832061112, 5.6335878372, -1.4809160233
892870067,0.9592285156,0.4921875000,-0.3945312500,-0.3358778656, 5.1603055000, -1.5725190639
892880067,0.9614257812,0.4916992188,-0.3852539062,-0.6259542108, 4.4580154419, -1.7099236250
892890067,0.9602050781,0.4921875000,-0.3671875000,-0.9312977195, 3.6335878372, -2.3664121628
892900067,0.9602050781,0.4941406250,-0.3645019531,-1.1145038605, 2.7328243256, -2.5496182442
892910067,0.9687500000,0.4980468750,-0.3662109375,-1.3740458488, 2.3358778954, -2.5496182442
892920067,0.9697265625,0.4882812500,-0.3554687500,-1.2671755552, 2.2137403488, -2.1679389477
892930067,0.9692382812,0.4978027344,-0.3618164062,-1.0839694738, 2.0610687733, -1.9541984797
892940067,0.9694824219,0.4953613281,-0.3566894531,-1.2824426889, 1.4198473692, -1.7251908779
892950067,0.9709472656,0.5000000000,-0.3503417969,-0.7786259651, 1.0687023401, -1.1908396482
892960067,0.9685058594,0.5034179688,-0.3676757812,-0.4580152631, 0.9923664331, -0.6412213445
892970067,0.9738769531,0.5083007812,-0.3789062500,-0.4580152631, 1.2519084215, -0.8091602921
892980067,0.9670410156,0.5092773438,-0.3835449219,-0.7328244448, 1.8320610523, -1.1297709942
892990067,0.9699707031,0.5212402344,-0.4016113281,-0.9923664331, 2.6870229244, -2.1679389477
893000067,0.9689941406,0.5207519531,-0.3967285156,-1.0076335669, 3.4961831570, -3.6183207035
893010067,0.9602050781,0.5214843750,-0.3942871094,-1.5877863169, 4.1679387093, -4.9007635117
893020067,0.9562988281,0.5192871094,-0.3823242188,-1.9236640930, 4.7022900581, -5.9694657326
893030067,0.9543457031,0.5180664062,-0.3732910156,-2.1221373081, 4.2748093605, -6.6106872559
893040067,0.9577636719,0.5070800781,-0.3591308594,-1.8167939186, 3.7251908779, -6.3511452675
893050067,0.9504394531,0.5090332031,-0.3496093750,-1.8473281860, 2.6717557907, -6.3053436279
893060067,0.9479980469,0.5122070312,-0.3547363281,-1.7404580116, 1.5725190639, -5.5419845581
893070067,0.9470214844,0.4985351562,-0.3588867188,-1.5877863169, 0.6106870174, -5.6488547325
893080067,0.9641113281,0.4958496094,-0.3457031250,-1.7709923983, -0.7480915785, -6.6259541512
893090067,0.9770507812,0.5053710938,-0.3388671875,-2.1374046803, -2.7328243256, -7.9847326279
893100067,0.9951171875,0.5090332031,-0.3225097656,-2.2748091221, -5.4351143837, -8.6259546280
893110067,1.0026855469,0.5124511719,-0.3164062500,-1.7557251453, -7.7404580116, -9.3587789536
893120067,1.0097656250,0.5209960938,-0.3259277344,-1.5725190639, -7.3587784767, -10.8091602325
893130067,1.0061035156,0.5161132812,-0.3339843750,-1.7099236250, -6.0763359070, -12.9465646744
893140067,0.9975585938,0.5112304688,-0.3266601562,-2.3358778954, -4.2137403488, -16.2748088837
893150067,0.9541015625,0.5146484375,-0.3432617188,-3.1297709942, -3.1450381279, -19.1755733490
893160067,0.9365234375,0.5014648438,-0.3525390625,-3.4809160233, -1.8015266657, -19.3587779999
893170067,0.9016113281,0.4758300781,-0.3742675781,-3.2671756744, 0.9618320465, -19.4351139069
893180067,0.8737792969,0.4550781250,-0.3759765625,-2.9007632732, 4.2900762558, -18.8091602325
893190067,0.8435058594,0.4360351562,-0.3820800781,-2.3969466686, 6.9312977791, -17.0992374420
893200067,0.8044433594,0.4724121094,-0.3769531250,-1.5419846773, 5.3129773140, -14.9770994186
893210067,0.8007812500,0.4765625000,-0.3801269531,-0.7480915785, 2.7938930988, -12.3358774185
893220067,0.8193359375,0.4741210938,-0.3803710938,-0.5648854971, 1.5725190639, -11.4351148605
893230067,0.8376464844,0.4946289062,-0.4206542969,-0.6106870174, 4.0610685349, -11.0687026978
893240067,0.8815917969,0.5183105469,-0.4226074219,-0.8854961991, 8.7022905350, -7.8320612907
893250067,0.9270019531,0.5258789062,-0.3894042969,-1.4045801163, 9.7557249069, -5.2519083023
893260067,0.9782714844,0.5039062500,-0.3586425781,-1.5877863169, 6.6564884186, -6.8091602325
893270067,1.0124511719,0.5104980469,-0.3483886719,-2.0305342674, 1.3893129826, -11.4045801163
893280067,1.0358886719,0.5031738281,-0.3400878906,-2.9007632732, -3.8778626919, -14.2748088837
893290067,1.0319824219,0.5053710938,-0.3295898438,-3.9389312267, -7.0534353256, -14.8396949768
893300067,1.0029296875,0.5048828125,-0.3220214844,-4.7938933372, -9.1755723953, -13.3740453720
893310067,0.9714355469,0.5029296875,-0.3347167969,-5.1908397675, -10.9465646744, -12.6412210464
893320067,0.9506835938,0.5021972656,-0.3386230469,-5.0992364883, -10.9618320465, -11.1603050232
893330067,0.9401855469,0.5070800781,-0.3452148438,-4.2442746162, -9.7709922791, -9.5114507675
893340067,0.9360351562,0.5058593750,-0.3498535156,-3.0534350872, -10.0610685349, -8.5801525116
893350067,0.9487304688,0.5151367188,-0.3330078125,-2.7022900581, -12.2290077209, -8.9618320465
893360067,0.9414062500,0.5063476562,-0.3466796875,-2.4122138023, -14.6564884186, -9.9083967209
893370067,0.9284667969,0.4919433594,-0.3771972656,-2.1984732151, -15.8625955582, -10.1374044418
893380067,0.9221191406,0.5002441406,-0.3891601562,-3.3129770756, -15.0534353256, -10.9923667908
893390067,0.9028320312,0.4973144531,-0.3847656250,-4.2137403488, -14.6564884186, -12.0916032791
893400067,0.9196777344,0.4802246094,-0.3703613281,-4.5343513489, -15.3129768372, -13.8625955582
893410067,0.9372558594,0.4782714844,-0.3718261719,-3.7709922791, -17.4961833954, -15.6183204651
893420067,0.9475097656,0.4838867188,-0.3762207031,-3.1297709942, -20.1984729767, -16.0305347443
893430067,0.9401855469,0.4985351562,-0.3664550781,-3.0992367268, -22.0152664185, -17.1450386047
893440067,0.9384765625,0.5024414062,-0.3769531250,-3.0534350872, -24.2900772095, -18.6564884186
893450067,0.9135742188,0.5200195312,-0.3820800781,-2.5496182442, -25.6946563721, -20.0458011627
893460067,0.9179687500,0.5407714844,-0.3793945312,-1.9847328663, -25.6793899536, -20.8091602325
893470067,0.8869628906,0.5195312500,-0.4013671875,-0.9618320465, -25.6183204651, -23.0992374420
893480219,0.8686523438,0.4997558594,-0.3955078125,-1.9236640930, -26.5038166046, -25.1755733490
893490067,0.8554687500,0.4809570312,-0.4113769531,-2.0610687733, -28.9312973022, -29.1297702789
893500067,0.8735351562,0.5292968750,-0.4194335938,-3.2977099419, -27.6946563721, -31.7862586975
893510067,0.8847656250,0.5200195312,-0.4177246094,-3.2366411686, -28.4274806976, -36.6106872559
893520067,0.9331054688,0.5971679688,-0.4213867188,-3.7709922791, -27.7862586975, -38.7328262329
893530067,0.9167480469,0.5471191406,-0.4428710938,-3.8473281860, -29.1145038605, -39.7099227905
893540067,0.9189453125,0.5795898438,-0.4248046875,-4.3969464302, -29.4809169769, -37.6183204651
893550074,0.8833007812,0.5534667969,-0.4519042969,-4.4427480698, -30.8854961395, -37.2061080933
893560067,0.8984375000,0.5751953125,-0.4370117188,-6.9770994186, -29.7099227905, -35.0992355347
893570067,0.8659667969,0.5585937500,-0.4482421875,-7.1908397675, -29.5114498138, -35.5419845581
893580067,0.8322753906,0.4882812500,-0.4453125000,-8.6717557907, -31.3587779999, -36.3664131165
893590067,0.8852539062,0.5378417969,-0.4509277344,-11.7404584885, -30.7175579071, -42.5038185120
893600067,0.8823242188,0.4921875000,-0.4531250000,-12.0305347443, -33.1145019531, -44.3358764648
893610067,0.9038085938,0.5117187500,-0.4516601562,-10.3053436279, -33.8625946045, -45.0228996277
893620067,0.8813476562,0.5246582031,-0.4438476562,-10.5496187210, -34.6412200928, -43.7862586975
893630067,0.8876953125,0.5383300781,-0.4272460938,-10.7633590698, -34.2595405579, -41.0534362793
893640067,0.8491210938,0.5620117188,-0.4157714844,-10.1374044418, -35.9694671631, -37.1755714417
893650067,0.8039550781,0.6076660156,-0.4262695312,-8.9923667908, -36.2290077209, -35.4961814880
893660067,0.7661132812,0.5876464844,-0.4450683594,-8.8244276047, -36.6259536743, -38.2595405579
893670067,0.7712402344,0.6379394531,-0.4609375000,-10.5954198837, -34.4427490234, -36.4122123718
893680067,0.7331542969,0.6684570312,-0.4951171875,-12.4274806976, -37.5114517212, -39.0992355347
893690067,0.7363281250,0.6418457031,-0.5085449219,-14.1221370697, -38.2900772095, -49.3893127441
893700067,0.7434082031,0.7187500000,-0.4704589844,-20.1068706512, -38.5343513489, -58.0763359070
893710067,0.6936035156,0.6240234375,-0.5056152344,-22.9465656281, -49.5114517212, -64.6870193481
893720067,0.7492675781,0.6882324219,-0.5974121094,-24.7633590698, -50.5648841858, -65.5572509766
893730067,0.8100585938,0.7473144531,-0.6936035156,-25.7862586975, -42.7175559998, -53.0534362793
893740067,0.8642578125,0.7717285156,-0.7500000000,-33.0381660461, -18.9618320465, -45.0687026978
893750067,0.7465820312,0.6721191406,-0.7187500000,-30.4427490234, 6.8549618721, -38.9923667908
893760067,0.5800781250,0.6018066406,-0.5893554688,-24.5038166046, 15.9389314651, -41.5114517212
893770067,0.5620117188,0.6179199219,-0.5092773438,-20.1832065582, 14.7022905350, -38.8702278137
893780067,0.5561523438,0.6171875000,-0.4345703125,-16.4580154419, 6.1221375465, -38.4732818604
893790067,0.6010742188,0.7360839844,-0.4299316406,-13.3129768372, -6.8396945000, -42.7175559998
893800067,0.6994628906,0.8154296875,-0.4260253906,-12.2137403488, -9.3740453720, -42.9007644653
893810067,0.6972656250,0.8291015625,-0.3869628906,-12.9312973022, -14.0152673721, -45.5114517212
893820067,0.5878906250,0.7050781250,-0.4360351562,-11.0839691162, -22.5954189301, -49.6183204651
893830067,0.6796875000,0.9489746094,-0.4536132812,-18.5648860931, -21.2824420929, -63.1603050232
893840067,0.6176757812,0.8249511719,-0.5451660156,-16.2137413025, -25.1145038605, -56.9465637207
893850067,0.6557617188,0.8178710938,-0.5988769531,-16.5190830231, -22.1374053955, -55.0534362793
893860067,0.6445312500,0.8688964844,-0.5891113281,-17.0992374420, -18.2748088837, -49.4198455811
893870067,0.5910644531,0.9272460938,-0.5646972656,-16.6870231628, -14.9160308838, -45.7557258606
893880067,0.5522460938,0.9221191406,-0.5371093750,-16.9770984650, -11.6335878372, -43.0381660461
893890067,0.5214843750,0.9177246094,-0.5222167969,-17.1908397675, -6.7175574303, -43.6030540466
893900067,0.4790039062,0.9414062500,-0.4980468750,-16.6106872559, -0.4885496199, -44.7328262329
893910067,0.4697265625,0.9296875000,-0.4577636719,-15.5725193024, 4.9923663139, -44.3358764648
893920067,0.4653320312,0.9462890625,-0.4060058594,-13.9236640930, 5.7251906395, -45.7557258606
893930067,0.4719238281,0.8793945312,-0.3818359375,-13.2213745117, 1.4961831570, -42.4427490234
893940067,0.4987792969,0.8940429688,-0.3625488281,-11.5419845581, -8.2290077209, -43.2519073486
893950067,0.5014648438,0.9111328125,-0.3676757812,-10.1068706512, -17.6335868835, -37.3282432556
893960067,0.5046386719,0.8913574219,-0.4260253906,-8.2748088837, -20.0152664185, -31.4045810699
893970067,0.4775390625,0.9035644531,-0.4616699219,-8.3816795349, -17.3282451630, -25.5725193024
893980067,0.4650878906,0.9062500000,-0.4772949219,-8.6412210464, -13.8625955582, -21.4351139069
893990067,0.4694824219,0.8779296875,-0.4804687500,-8.0000000000, -10.4427480698, -19.4809169769
894000067,0.4829101562,0.8652343750,-0.4768066406,-6.9312977791, -9.0229005814, -21.9541988373
894010067,0.4838867188,0.9106445312,-0.4445800781,-6.6259541512, -8.4732828140, -23.3435115814
894020090,0.4692382812,0.9316406250,-0.4389648438,-5.4656486511, -9.6030530930, -23.3740463257
894030067,0.4580078125,0.9409179688,-0.4291992188,-3.8473281860, -9.6335878372, -21.5419845581
894040067,0.4553222656,0.9414062500,-0.4326171875,-3.7709922791, -9.1603050232, -17.3435115814
894050067,0.4719238281,0.9125976562,-0.4533691406,-3.2061069012, -6.0000000000, -12.9770994186
894060067,0.4614257812,0.8925781250,-0.4321289062,-2.3969466686, -4.2900762558, -10.6564884186
894070067,0.4533691406,0.8881835938,-0.4116210938,-2.0305342674, -6.1832060814, -9.5114507675
894080067,0.4511718750,0.8750000000,-0.4277343750,-1.4809160233, -9.4503812790, -7.6183204651
894090067,0.4682617188,0.8842773438,-0.4565429688,0.0000000000, -9.2977094650, -3.2824428082
894100067,0.4733886719,0.9025878906,-0.4479980469,1.5572519302, -8.2137403488, 0.7938931584
894110067,0.4677734375,0.9321289062,-0.4550781250,1.9847328663, -6.4274806976, 2.6106870174
894120067,0.4765625000,0.8999023438,-0.4570312500,3.2213740349, -6.2137403488, -0.1526717544
894130067,0.4885253906,0.9448242188,-0.4479980469,3.6488549709, -6.0763359070, -6.7633585930
894140067,0.5009765625,0.9313964844,-0.4340820312,3.1297709942, -6.6717557907, -11.5877866745
894150067,0.5078125000,0.9221191406,-0.4506835938,3.4351146221, -4.4122138023, -19.7709922791
894160067,0.4831542969,0.9057617188,-0.4665527344,4.1068701744, -1.4351145029, -27.4198474884
894170067,0.4555664062,0.8791503906,-0.4377441406,5.1145038605, 1.8320610523, -42.0152664185
894180067,0.3229980469,0.8125000000,-0.3913574219,4.7480916977, -0.9160305262, -44.9618339539
894190067,0.3811035156,0.8862304688,-0.3974609375,4.7786259651, -3.6488549709, -42.6564903259
894200067,0.4472656250,0.8664550781,-0.4907226562,8.5496187210, -6.6106872559, -32.0610694885
894210067,0.5166015625,0.9016113281,-0.5180664062,6.9312977791, -3.7251908779, -10.3511447906
894220067,0.5346679688,0.8369140625,-0.5600585938,11.0076332092, -1.8625954390, 8.0458011627
894230067,0.5285644531,0.8376464844,-0.5151367188,9.5114507675, 1.4503816366, 22.0916023254
894240067,0.5354003906,0.8740234375,-0.4843750000,5.1450381279, 4.0000000000, 19.4656486511
894250067,0.4409179688,0.7324218750,-0.4519042969,9.1755723953, -4.3511452675, 16.1068706512
894260067,0.4892578125,0.7687988281,-0.4340820312,5.0534353256, -8.4885492325, 8.1374044418
894270067,0.5324707031,0.7619628906,-0.4731445312,0.1984732896, -9.1145038605, 1.4961831570
894280067,0.5349121094,0.7709960938,-0.5646972656,2.2900762558, -6.9770994186, 6.6412215233
894290067,0.5817871094,0.7736816406,-0.5478515625,2.4580152035, -5.6030535698, 8.7480916977
894330067,0.5913085938,0.8544921875,-0.5219726562,-1.8931298256, -3.6488549709, 3.0229008198
894340067,0.5107421875,0.7485351562,-0.5266113281,1.6793893576, -6.8396945000, 4.8091602325
894350067,0.5102539062,0.7890625000,-0.5334472656,2.6717557907, -7.8473281860, 2.0305342674
894360067,0.5563964844,0.8200683594,-0.5510253906,1.4961831570, -3.9694657326, -0.6717557311
894370067,0.5344238281,0.7509765625,-0.5422363281,2.5496182442, -3.3129770756, -5.8473281860
894380067,0.5610351562,0.7783203125,-0.5043945312,0.9007633328, -5.6793894768, -8.4885492325
894390067,0.5554199219,0.8171386719,-0.5092773438,1.2519084215, -7.0992364883, -8.0152673721
894400067,0.5451660156,0.8381347656,-0.5192871094,-0.9312977195, -5.9083967209, -3.6793892384
894410067,0.5087890625,0.8374023438,-0.5302734375,-1.1145038605, -6.9007635117, -0.3206106722
894420067,0.5085449219,0.8066406250,-0.5412597656,-1.4045801163, -8.7175569534, -0.7175572515
894430067,0.5134277344,0.8083496094,-0.5541992188,-2.3816792965, -8.6870231628, -4.8396945000
894440067,0.5073242188,0.8110351562,-0.5349121094,-3.0381679535, -7.5572519302, -8.3664121628
894450067,0.5131835938,0.8081054688,-0.5314941406,-2.9160306454, -4.5648856163, -9.1297712326
894460067,0.4812011719,0.7998046875,-0.5332031250,-2.7938930988, -3.2061069012, -7.4503817558
894470067,0.5134277344,0.8706054688,-0.4621582031,-10.0000000000, 2.5038168430, -9.5419845581
894480218,0.4362792969,0.7734375000,-0.4985351562,-4.2290077209, -4.3969464302, -7.5877861977
894490067,0.4685058594,0.8369140625,-0.5192871094,-1.8015266657, -6.9312977791, -9.3587789536
894500067,0.5014648438,0.8703613281,-0.5651855469,-0.4122137427, -5.5114502907, -6.2748093605
894510067,0.4931640625,0.8693847656,-0.5693359375,-0.9770992398, -3.1450381279, -4.9160304070
894520067,0.4916992188,0.8632812500,-0.5693359375,-2.0458016396, -0.1679389328, -5.4656486511
894530067,0.4763183594,0.8525390625,-0.5468750000,-3.0839693546, 1.2519084215, -5.7709922791
894540067,0.4785156250,0.8139648438,-0.5375976562,-3.5877861977, 2.1221373081, -6.8396945000
894550067,0.4638671875,0.8156738281,-0.5246582031,-3.6030533314, 2.1832060814, -7.7557253838
894560067,0.4357910156,0.8317871094,-0.5146484375,-4.1984734535, 0.9923664331, -7.9694657326
894570067,0.4467773438,0.8339843750,-0.5300292969,-5.5267176628, 0.1679389328, -7.3587784767
894580067,0.4726562500,0.8129882812,-0.5371093750,-6.2595419884, 0.1068702266, -5.9389314651
894590067,0.4760742188,0.8183593750,-0.5156250000,-6.3053436279, 0.6106870174, -1.2824426889
894600067,0.4599609375,0.8115234375,-0.4963378906,-5.2061066628, 1.2824426889, 3.3587787151
894610067,0.4426269531,0.8256835938,-0.4912109375,-4.1374044418, 3.0076336861, 5.0992364883
894620067,0.4145507812,0.8474121094,-0.4672851562,-3.1908397675, 3.5877861977, 2.8396947384
894630067,0.4257812500,0.8664550781,-0.4978027344,-3.2213740349, 4.1068701744, 0.7328244448
894640067,0.4506835938,0.8710937500,-0.4975585938,-3.8931298256, 4.3511452675, -0.5954198241
894650067,0.4616699219,0.8637695312,-0.5061035156,-3.7099237442, 5.0381679535, 1.0687023401
894660067,0.4716796875,0.8515625000,-0.4833984375,-3.2671756744, 4.9007635117, 2.0305342674
894670067,0.4616699219,0.8449707031,-0.4731445312,-2.4122138023, 4.6412215233, 1.6793893576
894680067,0.4689941406,0.8447265625,-0.4880371094,-1.9694656134, 4.6717557907, 2.4122138023
894690067,0.4748535156,0.8481445312,-0.4836425781,-1.8473281860, 5.7862596512, 4.9465646744
894700067,0.4658203125,0.8432617188,-0.4738769531,-2.0000000000, 6.0305342674, 5.5725193024
894710067,0.4648437500,0.8457031250,-0.4663085938,-1.9083969593, 4.9618320465, 5.6488547325
894720067,0.4731445312,0.8408203125,-0.4887695312,-1.9236640930, 4.0763359070, 4.5038166046
894730067,0.4760742188,0.8366699219,-0.4982910156,-2.0610687733, 4.0916032791, 4.2290077209
894740067,0.4853515625,0.8278808594,-0.4897460938,-2.2900762558, 3.8320610523, 4.2748093605
894750067,0.4914550781,0.8293457031,-0.4926757812,-1.8931298256, 3.5114502907, 4.1832060814
894760067,0.4978027344,0.8369140625,-0.5209960938,-1.4045801163, 5.4351143837, 4.5648856163
894770067,0.5222167969,0.8481445312,-0.5288085938,-1.9083969593, 8.5038166046, 5.0381679535
894780067,0.5136718750,0.8376464844,-0.5439453125,-2.3664121628, 11.8778629303, 5.2671756744
894790067,0.5302734375,0.8376464844,-0.5505371094,-1.9847328663, 15.7862596512, 7.6183204651
894800067,0.5336914062,0.8254394531,-0.5588378906,-1.6946564913, 16.5954189301, 9.2977094650
894810067,0.5520019531,0.8107910156,-0.5473632812,-1.5877863169, 14.2748088837, 8.1068706512
894820067,0.5695800781,0.8017578125,-0.5581054688,-2.7022900581, 10.4274806976, 4.6259541512
894830067,0.5603027344,0.8120117188,-0.5380859375,-3.6946563721, 7.2671756744, 2.5038168430
894840067,0.5344238281,0.8291015625,-0.5107421875,-4.0763359070, 5.1603055000, 3.7709922791
894850067,0.5048828125,0.8449707031,-0.4636230469,-3.5572519302, 2.8854961395, 8.6870231628
894860067,0.4621582031,0.8220214844,-0.4064941406,-1.9847328663, -4.9465646744, 11.5877866745
894870067,0.4294433594,0.7897949219,-0.3354492188,-0.2442748100, -22.3969459534, 7.2977099419
894880076,0.5268554688,0.7585449219,-0.4453125000,-1.6641221046, -25.3893127441, -5.2977099419
894890067,0.5905761719,0.8063964844,-0.5981445312,-3.4045801163, -6.1374044418, -6.6717557907
894900067,0.5251464844,0.8361816406,-0.5683593750,-3.5267176628, 9.1297712326, 0.8854961991
894910067,0.4650878906,0.8073730469,-0.4675292969,-2.5648853779, 9.6488552094, 3.0381679535
894920067,0.4650878906,0.8151855469,-0.4448242188,-2.3664121628, 1.6946564913, 2.2900762558
894930067,0.4943847656,0.8366699219,-0.4636230469,-2.2137403488, -3.4045801163, 2.8854961395
894940067,0.5324707031,0.8342285156,-0.4887695312,-2.2595419884, -1.1450381279, 4.5648856163
894950067,0.5229492188,0.8310546875,-0.4895019531,-2.8091602325, 2.6412212849, 4.4122138023
894960067,0.5041503906,0.8156738281,-0.4599609375,-2.9770991802, 2.0763359070, 1.3129770756
894970067,0.5161132812,0.8220214844,-0.4604492188,-2.7633588314, -1.4351145029, -1.7862595320
894980067,0.5241699219,0.8459472656,-0.4760742188,-2.0916030407, -3.5572519302, -2.5496182442
894990067,0.5273437500,0.8500976562,-0.5061035156,-2.2748091221, -3.9083969593, -2.7633588314
895000067,0.5217285156,0.8608398438,-0.5244140625,-2.4580152035, -2.9007632732, -2.9160306454
895010067,0.5073242188,0.8593750000,-0.5222167969,-2.7938930988, -0.4732824564, -1.9389313459
895020067,0.4973144531,0.8425292969,-0.5361328125,-3.6641221046, 0.8091602921, -2.0763359070
895030067,0.4926757812,0.8342285156,-0.5051269531,-3.6183207035, 2.1832060814, -2.3511450291
895040067,0.4926757812,0.8342285156,-0.4970703125,-3.0687022209, 2.4274809361, -2.1221373081
895050067,0.4936523438,0.8337402344,-0.4829101562,-2.2900762558, 1.2671755552, -1.5572519302
895060067,0.5085449219,0.8422851562,-0.4904785156,-1.8015266657, 0.5038167834, -2.1526718140
895070067,0.5073242188,0.8383789062,-0.4833984375,-1.7251908779, -0.5038167834, -3.7557251453
895080067,0.5061035156,0.8415527344,-0.4921875000,-2.0916030407, -1.0839694738, -4.8549618721
895090067,0.4921875000,0.8562011719,-0.4956054688,-1.4656488895, -0.5801526904, -3.4656488895
895100067,0.5009765625,0.8554687500,-0.5185546875,-0.8244274855, 1.4198473692, -1.4045801163
895110067,0.5014648438,0.8449707031,-0.5222167969,-0.8091602921, 3.3740458488, 0.1984732896
895120067,0.4992675781,0.8254394531,-0.5041503906,-0.8702290058, 4.3206105232, -0.2137404531
895130067,0.4907226562,0.8237304688,-0.4914550781,-1.1297709942, 3.6946563721, -0.4732824564
895140067,0.4785156250,0.8146972656,-0.4824218750,-1.5267175436, 1.8931298256, -0.1068702266
895150067,0.4951171875,0.8051757812,-0.4770507812,-1.8473281860, 0.5343511701, 1.3129770756
895160067,0.5129394531,0.7995605469,-0.4887695312,-1.6030534506, 0.2290076315, 2.9160306454
895170067,0.5332031250,0.8068847656,-0.4897460938,-1.6946564913, 0.8854961991, 3.6488549709
895180067,0.5268554688,0.7976074219,-0.4863281250,-1.5725190639, 1.1755725145, 2.9007632732
895190067,0.5344238281,0.8022460938,-0.4902343750,-1.7862595320, 0.7633587718, 1.5114504099
895200067,0.5261230469,0.8105468750,-0.4831542969,-2.0000000000, 0.3511450291, 0.0152671756
895210067,0.5241699219,0.8171386719,-0.4724121094,-1.9694656134, 0.1526717544, -1.1755725145
895220067,0.5109863281,0.8149414062,-0.4895019531,-2.0458016396, 0.0305343512, -2.0305342674
895230067,0.4963378906,0.8156738281,-0.4936523438,-1.9694656134, 0.2290076315, -2.5190839767
895240067,0.5092773438,0.8217773438,-0.4948730469,-1.6030534506, 0.7633587718, -2.2748091221
895250067,0.5207519531,0.8242187500,-0.4997558594,-1.4961831570, 1.2213740349, -2.0305342674
895260067,0.5217285156,0.8239746094,-0.4965820312,-1.0839694738, 0.5954198241, -1.7862595320
895270067,0.5236816406,0.8400878906,-0.5058593750,-1.0076335669, 0.9007633328, -1.4198473692
895280067,0.5273437500,0.8386230469,-0.5063476562,-1.2366411686, 1.7099236250, -0.4885496199
895290067,0.5251464844,0.8300781250,-0.5036621094,-1.6183205843, 2.4274809361, -0.2290076315
895300067,0.5178222656,0.8183593750,-0.4912109375,-1.5419846773, 2.1984732151, -1.1450381279
895310067,0.5065917969,0.8215332031,-0.4907226562,-2.0152671337, 0.8549618125, -2.1374046803
895320067,0.5185546875,0.8129882812,-0.4777832031,-2.0916030407, -0.8549618125, -2.9465649128
895330067,0.5258789062,0.8229980469,-0.4929199219,-2.1984732151, -1.7251908779, -2.9618320465
895340067,0.5266113281,0.8310546875,-0.4958496094,-2.3816792965, -1.9083969593, -2.2137403488
895350067,0.5217285156,0.8374023438,-0.4968261719,-1.9389313459, -0.9770992398, -1.3282443285
895360067,0.5073242188,0.8430175781,-0.5070800781,-1.8931298256, 0.5190839767, -0.8702290058
895370067,0.4980468750,0.8344726562,-0.5007324219,-1.6488549709, 1.4503816366, -1.0229008198
895380067,0.4916992188,0.8220214844,-0.4931640625,-1.7709923983, 1.9541984797, -1.8320610523
895390067,0.4941406250,0.8181152344,-0.4841308594,-1.7557251453, 1.4503816366, -2.3664121628
895400067,0.5004882812,0.8105468750,-0.4807128906,-1.6946564913, 0.4274809062, -2.0763359070
895410067,0.5097656250,0.8166503906,-0.4885253906,-1.4961831570, -0.1832061112, -1.6183205843
895420067,0.5085449219,0.8261718750,-0.4904785156,-1.0839694738, -1.1450381279, -1.0839694738
895430067,0.5156250000,0.8281250000,-0.4970703125,-0.8702290058, -1.9541984797, -0.4732824564
895440067,0.5146484375,0.8430175781,-0.5156250000,-0.9312977195, -0.7786259651, 0.2137404531
895450067,0.5114746094,0.8452148438,-0.5246582031,-1.2824426889, 1.0992366076, 0.8091602921
895460067,0.5070800781,0.8349609375,-0.5129394531,-1.4503816366, 2.3511450291, 0.3206106722
895470067,0.5019531250,0.8310546875,-0.5021972656,-1.3893129826, 3.2671756744, -0.1374045759
895480216,0.4943847656,0.8254394531,-0.4909667969,-1.2824426889, 3.7709922791, -0.7175572515
895490067,0.4992675781,0.8229980469,-0.4953613281,-1.6183205843, 3.7557251453, -1.3740458488
895500067,0.4978027344,0.8361816406,-0.4790039062,-1.5572519302, 2.7633588314, -0.9312977195
895510067,0.5097656250,0.8242187500,-0.5002441406,-1.2671755552, 2.3969466686, -0.0458015278
895520067,0.5100097656,0.8305664062,-0.5014648438,-1.1908396482, 1.8778625727, 0.8702290058
895530067,0.5183105469,0.8303222656,-0.4943847656,-1.2977099419, 2.2595419884, 1.2977099419
895540067,0.5180664062,0.8327636719,-0.5053710938,-1.3129770756, 2.9007632732, 1.4961831570
895550076,0.5224609375,0.8308105469,-0.5048828125,-1.2824426889, 3.8167939186, 1.4351145029
895560067,0.5190429688,0.8347167969,-0.5002441406,-0.9465649128, 4.7022900581, 0.7633587718
895570067,0.5146484375,0.8254394531,-0.4946289062,-0.7938931584, 5.4045801163, -0.6259542108
895580067,0.5119628906,0.8232421875,-0.4907226562,-0.9770992398, 5.8320612907, -1.7099236250
895590067,0.5100097656,0.8242187500,-0.4829101562,-0.8244274855, 5.1145038605, -2.0458016396
895600067,0.5073242188,0.8293457031,-0.4912109375,-0.7633587718, 4.3206105232, -1.7709923983
895610067,0.5161132812,0.8312988281,-0.4968261719,-0.4885496199, 4.0458016396, -0.4427480996
895620127,0.5146484375,0.8300781250,-0.5017089844,-0.4427480996, 4.4580154419, 1.0992366076
895630067,0.5187988281,0.8259277344,-0.5068359375,-0.5801526904, 5.2213740349, 1.8167939186
895640067,0.5249023438,0.8146972656,-0.5078125000,-0.9465649128, 5.4961833954, 1.6183205843
895650067,0.5170898438,0.8142089844,-0.5031738281,-1.2671755552, 5.1297707558, 0.6564885378
895660067,0.5085449219,0.8151855469,-0.5048828125,-1.2061069012, 5.1908397675, -0.1374045759
895670067,0.5156250000,0.8217773438,-0.5029296875,-1.6183205843, 5.8625955582, -0.0916030556
895680067,0.5283203125,0.8269042969,-0.5048828125,-1.0839694738, 6.7175574303, -0.4122137427
895690067,0.5234375000,0.8281250000,-0.5036621094,-1.4809160233, 7.3740458488, -1.1145038605
895700067,0.5239257812,0.8308105469,-0.5085449219,-2.1374046803, 7.2671756744, -1.4656488895
895710067,0.5336914062,0.8356933594,-0.5056152344,-2.4580152035, 7.1145038605, -2.0458016396
895720067,0.5319824219,0.8356933594,-0.5053710938,-2.2595419884, 7.4351143837, -2.4732823372
895730067,0.5239257812,0.8195800781,-0.4965820312,-2.5496182442, 7.5419845581, -2.8396947384
895740067,0.5183105469,0.8061523438,-0.4912109375,-3.4656488895, 7.6183204651, -3.1297709942
895750067,0.5136718750,0.8017578125,-0.4653320312,-3.6946563721, 5.8320612907, -2.4885497093
895760067,0.5209960938,0.8063964844,-0.4580078125,-3.7862596512, 3.6946563721, -0.4274809062
895770067,0.5339355469,0.7990722656,-0.4768066406,-3.1755726337, 2.2595419884, 1.5725190639
895780067,0.5498046875,0.8229980469,-0.4851074219,-2.5954198837, 2.7022900581, 2.3816792965
895790067,0.5454101562,0.8291015625,-0.4916992188,-2.2137403488, 3.8473281860, 1.6183205843
895800067,0.5295410156,0.8278808594,-0.4926757812,-2.1679389477, 4.4885497093, 0.0152671756
895810120,0.5122070312,0.8225097656,-0.4946289062,-2.6564886570, 3.8625953197, -1.6641221046
895820067,0.5036621094,0.8205566406,-0.4973144531,-2.4274809361, 4.0305342674, -2.3206107616
895830067,0.5104980469,0.8161621094,-0.4907226562,-2.5648853779, 4.5038166046, -2.0000000000
895840067,0.5222167969,0.8227539062,-0.4963378906,-2.6717557907, 5.0381679535, -0.7938931584
895850067,0.5388183594,0.8239746094,-0.4758300781,-2.3358778954, 4.6564884186, 1.4503816366
895860067,0.5422363281,0.8149414062,-0.4716796875,-1.9847328663, 4.3816795349, 3.0381679535
895870067,0.5451660156,0.8232421875,-0.4572753906,-1.5419846773, 3.6793892384, 2.6412212849
895880067,0.5390625000,0.8205566406,-0.4685058594,-1.2824426889, 3.2366411686, 1.2061069012
895890067,0.5417480469,0.8134765625,-0.4689941406,-1.0992366076, 2.1832060814, 0.5954198241
895900067,0.5349121094,0.8127441406,-0.4645996094,-0.7175572515, 0.8854961991, -0.7633587718
895910067,0.5383300781,0.8244628906,-0.4819335938,-0.6870229244, 0.4274809062, -1.2213740349
895920067,0.5373535156,0.8339843750,-0.5065917969,-0.4427480996, 1.3587785959, -1.0992366076
895930067,0.5412597656,0.8342285156,-0.4978027344,-0.6259542108, 2.3664121628, -0.3816793859
895940067,0.5358886719,0.8366699219,-0.5046386719,-0.5648854971, 3.7404580116, 0.3969465792
895950067,0.5332031250,0.8291015625,-0.5014648438,-0.4427480996, 4.4122138023, 0.8549618125
895960067,0.5339355469,0.8286132812,-0.4997558594,-0.4885496199, 4.7786259651, 1.8473281860
895970067,0.5285644531,0.8325195312,-0.4916992188,0.0610687025, 4.6564884186, 2.4885497093
895980067,0.5361328125,0.8208007812,-0.4877929688,-0.1374045759, 4.4732823372, 2.3969466686
895990067,0.5351562500,0.8225097656,-0.4875488281,-0.5496183038, 3.7862596512, 1.8167939186
896000067,0.5324707031,0.8161621094,-0.4916992188,-0.5648854971, 3.5114502907, 1.3435114622
896010067,0.5346679688,0.8166503906,-0.4892578125,-0.5954198241, 3.7099237442, 0.8396946788
896020067,0.5415039062,0.8190917969,-0.4951171875,-0.8244274855, 4.4580154419, 0.3358778656
896030067,0.5351562500,0.8261718750,-0.4914550781,-0.6106870174, 4.8549618721, 0.0305343512
896040067,0.5371093750,0.8247070312,-0.5019531250,-0.6870229244, 6.0152673721, 0.4580152631
896050067,0.5214843750,0.8403320312,-0.4997558594,-0.4580152631, 6.9465646744, 1.5114504099
896060067,0.5190429688,0.8371582031,-0.5073242188,-0.6564885378, 7.9236640930, 2.7480916977
896070067,0.5256347656,0.8288574219,-0.4995117188,-1.0687023401, 9.2671756744, 3.3129770756
896080067,0.5158691406,0.8310546875,-0.5014648438,-0.6412213445, 9.8931293488, 2.0916030407
896090067,0.5090332031,0.8374023438,-0.5041503906,-0.9312977195, 9.6030530930, 1.7251908779
896100067,0.5234375000,0.8293457031,-0.5170898438,-0.9312977195, 9.7251911163, 1.5877863169
896110067,0.5263671875,0.8361816406,-0.5034179688,-1.0839694738, 10.2290077209, 2.0763359070
896120067,0.5246582031,0.8352050781,-0.5048828125,-1.5877863169, 10.3664121628, 2.2137403488
