time,xacc,yacc,zacc,xgyro,ygyro,zgyro
25670067,0.8479003906,-0.0249023438,-0.8039550781,-1.4656488895, 1.9541984797, -0.1068702266
25680067,0.8500976562,-0.0285644531,-0.7932128906,-1.6488549709, 1.6335878372, -0.2900763452
25690067,0.8615722656,-0.0319824219,-0.7961425781,-1.3129770756, 1.6030534506, -0.3969465792
25700067,0.8647460938,-0.0324707031,-0.7968750000,-1.2671755552, 1.6793893576, -0.2900763452
25710067,0.8681640625,-0.0261230469,-0.8022460938,-1.1450381279, 2.1374046803, -0.4427480996
25720067,0.8576660156,-0.0385742188,-0.7915039062,-0.9923664331, 2.4732823372, -0.3816793859
25730067,0.8591308594,-0.0253906250,-0.7937011719,-1.2213740349, 2.3053436279, -0.1526717544
25740067,0.8510742188,-0.0258789062,-0.7946777344,-1.1603053808, 2.2442748547, -0.0610687025
25750067,0.8461914062,-0.0253906250,-0.7893066406,-1.3129770756, 1.8778625727, 0.1068702266
25760067,0.8479003906,-0.0280761719,-0.7819824219,-1.2824426889, 1.4809160233, 0.4885496199
25770067,0.8496093750,-0.0307617188,-0.7832031250,-1.4045801163, 1.2366411686, 0.6717557311
25780067,0.8554687500,-0.0327148438,-0.7915039062,-1.2824426889, 0.6259542108, 0.8396946788
25790067,0.8547363281,-0.0373535156,-0.7929687500,-1.2366411686, 0.9007633328, 1.2519084215
25800067,0.8530273438,-0.0300292969,-0.7890625000,-0.9618320465, 1.1450381279, 1.8015266657
25810067,0.8527832031,-0.0297851562,-0.8027343750,-1.3282443285, 1.5877863169, 2.1679389477
25820067,0.8515625000,-0.0285644531,-0.7946777344,-1.3740458488, 1.9236640930, 2.0610687733
25830067,0.8417968750,-0.0290527344,-0.7985839844,-1.4198473692, 2.5038168430, 1.8931298256
25840067,0.8488769531,-0.0356445312,-0.8000488281,-1.6946564913, 3.0229008198, 1.9083969593
25850067,0.8405761719,-0.0339355469,-0.8000488281,-1.7709923983, 3.4656488895, 2.5496182442
25860067,0.8425292969,-0.0405273438,-0.8005371094,-1.8931298256, 4.0916032791, 3.3435113430
25870067,0.8398437500,-0.0356445312,-0.8032226562,-1.8320610523, 4.6259541512, 3.8931298256
25880067,0.8413085938,-0.0471191406,-0.7995605469,-1.7251908779, 5.4045801163, 4.0916032791
25890067,0.8439941406,-0.0463867188,-0.7973632812,-1.8320610523, 5.8778624535, 4.1068701744
25900067,0.8508300781,-0.0434570312,-0.7866210938,-1.5267175436, 6.2900762558, 4.2442746162
25910067,0.8505859375,-0.0466308594,-0.7775878906,-2.0916030407, 5.8473281860, 4.1068701744
25920067,0.8518066406,-0.0407714844,-0.7775878906,-2.2137403488, 5.0076336861, 4.1832060814
25930067,0.8579101562,-0.0375976562,-0.7751464844,-2.4122138023, 4.1984734535, 4.0458016396
25940067,0.8698730469,-0.0395507812,-0.7675781250,-2.2442748547, 2.9465649128, 3.8625953197
25950067,0.8752441406,-0.0383300781,-0.7758789062,-2.0763359070, 2.0458016396, 4.3206105232
25960067,0.8903808594,-0.0434570312,-0.7790527344,-1.5114504099, 1.2213740349, 4.2900762558
25970067,0.8867187500,-0.0373535156,-0.7839355469,-1.5419846773, 0.7938931584, 4.4885497093
25980067,0.8859863281,-0.0358886719,-0.7895507812,-1.2213740349, 0.7328244448, 4.1374044418
25990067,0.8884277344,-0.0466308594,-0.7863769531,-0.9618320465, 0.5801526904, 3.9236640930
26000067,0.8876953125,-0.0488281250,-0.7988281250,-0.9923664331, 0.9312977195, 2.9923663139
26010067,0.8789062500,-0.0493164062,-0.7995605469,-1.0381679535, 1.0076335669, 1.8931298256
26020067,0.8789062500,-0.0495605469,-0.8046875000,-1.2977099419, 1.6641221046, 1.1908396482
26030067,0.8764648438,-0.0527343750,-0.8093261719,-1.5572519302, 2.3358778954, 0.4274809062
26040067,0.8679199219,-0.0429687500,-0.8078613281,-1.6641221046, 2.5343511105, -0.3816793859
26050067,0.8649902344,-0.0429687500,-0.7998046875,-1.8320610523, 3.0229008198, -0.4580152631
26060072,0.8608398438,-0.0451660156,-0.7988281250,-2.0000000000, 2.9618320465, -0.7786259651
26070067,0.8615722656,-0.0373535156,-0.7897949219,-2.3358778954, 3.0076336861, -1.0839694738
26080067,0.8649902344,-0.0368652344,-0.7976074219,-2.3664121628, 3.0534350872, -0.9618320465
26090067,0.8593750000,-0.0402832031,-0.7795410156,-1.9694656134, 3.0076336861, -0.6717557311
26100067,0.8598632812,-0.0366210938,-0.7829589844,-1.6335878372, 2.6259541512, -0.7328244448
26110067,0.8591308594,-0.0312500000,-0.7749023438,-1.2824426889, 2.0610687733, -0.3053435087
26120067,0.8640136719,-0.0332031250,-0.7849121094,-1.1297709942, 1.4961831570, -0.0763358772
26130067,0.8618164062,-0.0302734375,-0.7819824219,-1.1755725145, 0.7175572515, 0.1526717544
26140067,0.8571777344,-0.0393066406,-0.7805175781,-0.9465649128, 0.1832061112, 0.3816793859
26150067,0.8542480469,-0.0480957031,-0.7832031250,-1.1145038605, -0.3358778656, 0.1526717544
26160067,0.8637695312,-0.0437011719,-0.7866210938,-1.1603053808, -0.6106870174, -0.1984732896
26170067,0.8649902344,-0.0524902344,-0.7941894531,-1.1450381279, -0.4885496199, -0.9007633328
26180067,0.8635253906,-0.0500488281,-0.7973632812,-1.5267175436, -0.0152671756, -0.9007633328
26190067,0.8657226562,-0.0578613281,-0.8046875000,-1.1908396482, 0.5801526904, -0.5190839767
26200067,0.8637695312,-0.0500488281,-0.7985839844,-1.1603053808, 1.0839694738, -0.3358778656
26210067,0.8784179688,-0.0500488281,-0.7854003906,-1.1755725145, 1.0992366076, -0.2595419884
26220067,0.8708496094,-0.0537109375,-0.7905273438,-1.0687023401, 0.9160305262, -0.4885496199
26230067,0.8710937500,-0.0551757812,-0.7878417969,-1.1297709942, 0.5038167834, -0.8702290058
26240067,0.8649902344,-0.0556640625,-0.7854003906,-1.1297709942, 0.4580152631, -0.9465649128
26250067,0.8728027344,-0.0563964844,-0.7839355469,-1.0839694738, 0.5801526904, -0.4427480996
26260067,0.8688964844,-0.0534667969,-0.7978515625,-1.0687023401, 1.4351145029, -0.2290076315
26270136,0.8720703125,-0.0480957031,-0.7922363281,-1.0229008198, 2.2137403488, -0.1526717544
26280070,0.8671875000,-0.0500488281,-0.7927246094,-1.2519084215, 2.9312977791, -0.2595419884
26290067,0.8562011719,-0.0534667969,-0.7915039062,-1.3282443285, 3.5267176628, -0.2748091519
26300067,0.8608398438,-0.0466308594,-0.7919921875,-1.5114504099, 3.4045801163, -0.2748091519
26310067,0.8542480469,-0.0478515625,-0.7832031250,-1.0229008198, 2.6106870174, -0.3664122224
26320067,0.8596191406,-0.0439453125,-0.7736816406,-1.0839694738, 1.3282443285, -0.0763358772
26330067,0.8542480469,-0.0512695312,-0.7800292969,-1.2213740349, -0.1221374050, 0.4732824564
26340067,0.8598632812,-0.0515136719,-0.7851562500,-0.9770992398, -0.8396946788, 0.9465649128
26350067,0.8583984375,-0.0515136719,-0.7851562500,-0.9160305262, -0.9465649128, 1.1908396482
26360067,0.8659667969,-0.0583496094,-0.7841796875,-0.8091602921, -0.3969465792, 0.6717557311
26370067,0.8615722656,-0.0571289062,-0.7937011719,-0.9770992398, 0.2137404531, 0.0152671756
26380067,0.8615722656,-0.0510253906,-0.7949218750,-1.2824426889, 0.3816793859, -0.1984732896
26390067,0.8583984375,-0.0563964844,-0.7868652344,-1.4809160233, 0.2595419884, -0.4274809062
26400067,0.8618164062,-0.0449218750,-0.8024902344,-1.7251908779, 0.5190839767, -0.3816793859
26410067,0.8671875000,-0.0546875000,-0.8000488281,-1.7862595320, 0.8244274855, -0.4885496199
26420067,0.8710937500,-0.0571289062,-0.7978515625,-1.5725190639, 1.3435114622, -0.6870229244
26430067,0.8745117188,-0.0563964844,-0.7976074219,-1.3740458488, 1.4809160233, -0.9618320465
26440067,0.8640136719,-0.0485839844,-0.7885742188,-1.3435114622, 1.0839694738, -0.9465649128
26450067,0.8686523438,-0.0603027344,-0.7917480469,-0.9770992398, 1.3435114622, -1.2366411686
26460067,0.8630371094,-0.0595703125,-0.7883300781,-1.3129770756, 1.2824426889, -1.0076335669
26470067,0.8679199219,-0.0551757812,-0.7917480469,-1.5114504099, 0.9923664331, -1.2061069012
26480214,0.8666992188,-0.0527343750,-0.7988281250,-1.3740458488, 0.9465649128, -1.0229008198
26490067,0.8632812500,-0.0566406250,-0.7792968750,-1.2824426889, 0.6259542108, -1.1603053808
26500067,0.8583984375,-0.0524902344,-0.7788085938,-1.2977099419, 0.3664122224, -0.6106870174
26510067,0.8549804688,-0.0620117188,-0.7788085938,-1.5419846773, 0.0458015278, -0.7022900581
26520067,0.8542480469,-0.0585937500,-0.7888183594,-1.2671755552, -0.2748091519, -0.7633587718
26530067,0.8576660156,-0.0561523438,-0.7944335938,-1.2519084215, -0.1526717544, -0.6870229244
26540067,0.8576660156,-0.0563964844,-0.7968750000,-1.4351145029, 0.8091602921, -0.6717557311
26550067,0.8510742188,-0.0554199219,-0.8041992188,-1.5725190639, 1.4809160233, -0.7633587718
26560067,0.8508300781,-0.0571289062,-0.7927246094,-1.4198473692, 1.9236640930, -0.7480915785
26570067,0.8547363281,-0.0529785156,-0.7875976562,-1.4809160233, 1.7404580116, -0.8549618125
26580067,0.8542480469,-0.0498046875,-0.7927246094,-1.3282443285, 1.4045801163, -0.7480915785
26590067,0.8566894531,-0.0571289062,-0.7861328125,-1.5114504099, 0.9312977195, -0.7938931584
26600067,0.8620605469,-0.0520019531,-0.7939453125,-1.7404580116, 0.5038167834, -0.8244274855
26610067,0.8637695312,-0.0485839844,-0.7873535156,-1.4656488895, 0.2900763452, -0.7328244448
26620067,0.8596191406,-0.0551757812,-0.7934570312,-1.6183205843, 0.5801526904, -0.7328244448
26630067,0.8649902344,-0.0573730469,-0.7998046875,-1.7404580116, 0.7480915785, -0.7480915785
26640067,0.8640136719,-0.0534667969,-0.7932128906,-1.8015266657, 1.0076335669, -0.7022900581
26650067,0.8645019531,-0.0563964844,-0.7912597656,-1.4351145029, 1.1755725145, -1.0076335669
26660067,0.8593750000,-0.0546875000,-0.7907714844,-1.4656488895, 0.8549618125, -1.0381679535
26670067,0.8605957031,-0.0495605469,-0.7939453125,-1.3282443285, 0.8091602921, -0.8396946788
26680067,0.8583984375,-0.0581054688,-0.7946777344,-1.3129770756, 0.6564885378, -1.3587785959
26690067,0.8693847656,-0.0576171875,-0.7988281250,-1.5877863169, 0.6564885378, -1.4656488895
26700067,0.8603515625,-0.0559082031,-0.7924804688,-1.3282443285, 1.1145038605, -1.6335878372
26710067,0.8652343750,-0.0588378906,-0.7976074219,-1.2366411686, 1.3893129826, -2.0305342674
26720067,0.8645019531,-0.0588378906,-0.8041992188,-1.5114504099, 1.8778625727, -2.1374046803
26730067,0.8608398438,-0.0607910156,-0.7978515625,-1.4351145029, 2.1068701744, -2.2442748547
26740067,0.8649902344,-0.0537109375,-0.7917480469,-1.4656488895, 2.0152671337, -2.4122138023
26750067,0.8588867188,-0.0561523438,-0.7878417969,-1.3129770756, 1.7557251453, -2.2290077209
26760067,0.8549804688,-0.0588378906,-0.7995605469,-1.3893129826, 1.9847328663, -2.2595419884
26770067,0.8525390625,-0.0537109375,-0.7922363281,-1.5267175436, 2.1374046803, -2.1679389477
26780067,0.8627929688,-0.0529785156,-0.7956542969,-1.3587785959, 2.1374046803, -2.2900762558
26790067,0.8525390625,-0.0537109375,-0.7910156250,-1.3587785959, 1.8320610523, -2.2290077209
26800067,0.8532714844,-0.0554199219,-0.8002929688,-1.0687023401, 1.7404580116, -2.3664121628
26810067,0.8549804688,-0.0524902344,-0.7868652344,-1.4351145029, 2.0305342674, -1.8778625727
26820067,0.8518066406,-0.0590820312,-0.7851562500,-1.6183205843, 2.0305342674, -1.5877863169
26830067,0.8581542969,-0.0563964844,-0.7841796875,-1.6793893576, 1.9694656134, -1.3587785959
26840067,0.8637695312,-0.0544433594,-0.7905273438,-1.3129770756, 2.1374046803, -0.7328244448
26850067,0.8613281250,-0.0546875000,-0.7780761719,-1.2519084215, 1.4961831570, -0.3358778656
26860067,0.8605957031,-0.0551757812,-0.7790527344,-1.3129770756, 1.0992366076, -0.1526717544
26870067,0.8566894531,-0.0581054688,-0.7875976562,-1.1908396482, 0.8702290058, -0.6106870174
26880067,0.8581542969,-0.0615234375,-0.7902832031,-1.2519084215, 0.5190839767, -0.7786259651
26890067,0.8566894531,-0.0578613281,-0.7946777344,-1.3282443285, 0.7480915785, -1.1450381279
26900067,0.8571777344,-0.0627441406,-0.7980957031,-1.3282443285, 1.2824426889, -1.3282443285
26910067,0.8645019531,-0.0563964844,-0.8005371094,-1.4961831570, 1.7862595320, -1.3282443285
26920067,0.8615722656,-0.0563964844,-0.7983398438,-1.4809160233, 2.2595419884, -1.2519084215
26930067,0.8593750000,-0.0585937500,-0.7983398438,-1.8473281860, 2.3053436279, -1.9694656134
26940067,0.8547363281,-0.0629882812,-0.7878417969,-1.8625954390, 2.1068701744, -2.5801527500
26950067,0.8608398438,-0.0520019531,-0.7807617188,-1.8473281860, 2.3664121628, -2.3358778954
26960067,0.8630371094,-0.0629882812,-0.7866210938,-2.0458016396, 2.0152671337, -1.8473281860
26970067,0.8666992188,-0.0515136719,-0.7878417969,-1.7557251453, 1.8320610523, -1.0381679535
26980067,0.8615722656,-0.0483398438,-0.7895507812,-1.7404580116, 1.6183205843, -1.0992366076
26990067,0.8569335938,-0.0534667969,-0.7900390625,-1.6030534506, 1.9541984797, -1.3587785959
27000067,0.8579101562,-0.0483398438,-0.7790527344,-1.5267175436, 1.9236640930, -1.7404580116
27010067,0.8486328125,-0.0568847656,-0.7844238281,-1.5267175436, 1.8320610523, -1.8473281860
27020067,0.8483886719,-0.0480957031,-0.7768554688,-1.4351145029, 1.3435114622, -1.3435114622
27030067,0.8508300781,-0.0573730469,-0.7890625000,-1.2824426889, 0.7786259651, -1.0534350872
27040067,0.8559570312,-0.0568847656,-0.7812500000,-1.3282443285, -0.1679389328, -0.1221374050
27050067,0.8588867188,-0.0598144531,-0.7927246094,-1.2213740349, -0.5343511701, 0.1832061112
27060067,0.8686523438,-0.0559082031,-0.7839355469,-1.1297709942, -0.1832061112, 0.4885496199
27070067,0.8671875000,-0.0607910156,-0.8007812500,-1.1908396482, 0.0305343512, 0.3664122224
27080067,0.8679199219,-0.0676269531,-0.7871093750,-1.4198473692, 0.1832061112, -0.0305343512
27090067,0.8706054688,-0.0644531250,-0.8012695312,-1.4961831570, 0.7022900581, -0.3969465792
27100070,0.8652343750,-0.0578613281,-0.7990722656,-1.5725190639, 0.7328244448, -0.7786259651
27110067,0.8708496094,-0.0559082031,-0.7961425781,-1.7099236250, 1.0381679535, -1.1603053808
27120067,0.8706054688,-0.0546875000,-0.7951660156,-1.6641221046, 1.6335878372, -1.7557251453
27130067,0.8723144531,-0.0629882812,-0.7929687500,-1.4503816366, 2.3053436279, -2.1068701744
27140067,0.8642578125,-0.0634765625,-0.7983398438,-1.6335878372, 2.6412212849, -2.0152671337
27150067,0.8666992188,-0.0566406250,-0.7841796875,-1.4351145029, 2.7786259651, -1.7709923983
27160067,0.8669433594,-0.0522460938,-0.7912597656,-1.2519084215, 2.2137403488, -1.5725190639
27170067,0.8481445312,-0.0581054688,-0.7785644531,-1.3587785959, 1.6946564913, -1.1145038605
27180067,0.8564453125,-0.0581054688,-0.7858886719,-1.4503816366, 1.2213740349, -1.0839694738
27190067,0.8525390625,-0.0583496094,-0.7871093750,-1.3435114622, 1.1145038605, -1.2519084215
27200067,0.8518066406,-0.0566406250,-0.7832031250,-1.5725190639, 0.3511450291, -1.2213740349
27210067,0.8530273438,-0.0595703125,-0.7824707031,-1.5877863169, -0.1374045759, -0.8854961991
27220067,0.8579101562,-0.0598144531,-0.7958984375,-1.8015266657, -0.1221374050, -1.0839694738
27230067,0.8554687500,-0.0581054688,-0.8056640625,-1.6641221046, 0.7328244448, -1.3740458488
27240067,0.8620605469,-0.0568847656,-0.8000488281,-1.5419846773, 1.1145038605, -1.6946564913
27250067,0.8640136719,-0.0561523438,-0.7919921875,-1.5725190639, 1.8320610523, -1.9541984797
27260067,0.8635253906,-0.0561523438,-0.7946777344,-1.6335878372, 2.1374046803, -2.1374046803
27270067,0.8630371094,-0.0612792969,-0.7927246094,-1.5114504099, 2.0610687733, -2.3664121628
27280067,0.8598632812,-0.0627441406,-0.7973632812,-1.7557251453, 1.5114504099, -2.5954198837
27290067,0.8718261719,-0.0541992188,-0.7863769531,-1.6488549709, 1.2824426889, -2.9160306454
27300067,0.8645019531,-0.0544433594,-0.7907714844,-1.7251908779, 1.3129770756, -3.4656488895
27310067,0.8637695312,-0.0554199219,-0.7868652344,-2.0763359070, 1.4198473692, -3.4045801163
27320067,0.8652343750,-0.0666503906,-0.7861328125,-1.9541984797, 1.4351145029, -3.8931298256
27330067,0.8581542969,-0.0598144531,-0.7822265625,-1.9541984797, 1.5572519302, -4.4122138023
27340067,0.8671875000,-0.0527343750,-0.7883300781,-1.9694656134, 1.5114504099, -4.5954198837
27350067,0.8637695312,-0.0544433594,-0.7893066406,-2.4122138023, 1.2213740349, -4.6717557907
27360067,0.8596191406,-0.0498046875,-0.7954101562,-2.0916030407, 0.9312977195, -5.0687022209
27370067,0.8598632812,-0.0541992188,-0.8005371094,-1.7557251453, 1.1755725145, -5.2213740349
27380067,0.8635253906,-0.0512695312,-0.7990722656,-2.1221373081, 1.8625954390, -5.6793894768
27390067,0.8676757812,-0.0568847656,-0.7988281250,-1.7709923983, 3.0381679535, -5.7557253838
27400067,0.8684082031,-0.0578613281,-0.7922363281,-1.9541984797, 3.2824428082, -5.5572519302
27410067,0.8740234375,-0.0522460938,-0.7905273438,-2.0458016396, 3.2977099419, -5.2213740349
27420067,0.8703613281,-0.0551757812,-0.7897949219,-2.1374046803, 3.4351146221, -4.9770994186
27430067,0.8725585938,-0.0500488281,-0.7841796875,-1.6488549709, 2.9160306454, -4.7786259651
27440067,0.8637695312,-0.0534667969,-0.7895507812,-1.9694656134, 3.5114502907, -5.0229005814
27450067,0.8752441406,-0.0588378906,-0.8073730469,-1.9694656134, 4.5038166046, -5.8167939186
27460067,0.8759765625,-0.0512695312,-0.8059082031,-1.7709923983, 6.3053436279, -6.2137403488
27470067,0.8684082031,-0.0541992188,-0.8193359375,-1.4351145029, 9.0534353256, -6.8091602325
27480214,0.8671875000,-0.0490722656,-0.8144531250,-1.6641221046, 12.1068706512, -7.4961833954
27490067,0.8479003906,-0.0407714844,-0.8039550781,-1.5114504099, 13.6641225815, -7.9694657326
27500067,0.8461914062,-0.0437011719,-0.7770996094,-2.0763359070, 13.0839691162, -7.7251906395
27510067,0.8476562500,-0.0351562500,-0.7651367188,-2.0000000000, 10.3816795349, -7.0229005814
27520067,0.8588867188,-0.0427246094,-0.7587890625,-2.3358778954, 6.3358778954, -6.4122138023
27530067,0.8820800781,-0.0402832031,-0.7565917969,-2.3816792965, 3.0076336861, -6.1679387093
27540067,0.8957519531,-0.0437011719,-0.7734375000,-2.6259541512, 1.5114504099, -6.1832060814
27550067,0.8869628906,-0.0466308594,-0.7819824219,-2.0458016396, 1.6641221046, -6.6564884186
27560067,0.8811035156,-0.0473632812,-0.7819824219,-2.3816792965, 2.9770991802, -6.7633585930
27570067,0.8728027344,-0.0415039062,-0.7783203125,-2.3664121628, 3.8473281860, -6.5648856163
27580067,0.8701171875,-0.0468750000,-0.7783203125,-2.2137403488, 3.6183207035, -6.3664121628
27590067,0.8740234375,-0.0473632812,-0.7729492188,-2.3664121628, 3.2366411686, -6.1832060814
27600067,0.8710937500,-0.0456542969,-0.7751464844,-1.9389313459, 2.4122138023, -5.8625955582
27610067,0.8754882812,-0.0407714844,-0.7819824219,-1.9083969593, 1.2061069012, -6.0000000000
27620067,0.8762207031,-0.0437011719,-0.7851562500,-1.7404580116, 1.2519084215, -6.2137403488
27630067,0.8789062500,-0.0378417969,-0.7988281250,-1.8778625727, 2.0305342674, -6.4732823372
27640067,0.8879394531,-0.0415039062,-0.7858886719,-2.0000000000, 3.0076336861, -6.7022900581
27650067,0.8806152344,-0.0422363281,-0.7834472656,-1.8778625727, 4.4885497093, -6.5801525116
27660067,0.8693847656,-0.0300292969,-0.7714843750,-1.6793893576, 4.2900762558, -5.4656486511
27670067,0.8630371094,-0.0300292969,-0.7624511719,-1.6183205843, 3.0992367268, -4.1679387093
27680067,0.8649902344,-0.0314941406,-0.7495117188,-1.5419846773, 1.4198473692, -4.0000000000
27690067,0.8654785156,-0.0336914062,-0.7565917969,-1.7709923983, -0.3511450291, -4.2137403488
27700067,0.8593750000,-0.0397949219,-0.7663574219,-1.7404580116, -1.2061069012, -3.6030533314
27710067,0.8796386719,-0.0458984375,-0.7687988281,-1.4961831570, -1.7251908779, -3.0229008198
27720067,0.8820800781,-0.0485839844,-0.7775878906,-1.4503816366, -1.8015266657, -2.4122138023
27730067,0.8767089844,-0.0419921875,-0.7780761719,-1.2061069012, -2.2290077209, -1.9541984797
27740067,0.8835449219,-0.0427246094,-0.7902832031,-1.0992366076, -2.7175571918, -1.5877863169
27750067,0.8869628906,-0.0378417969,-0.7954101562,-1.3435114622, -2.5038168430, -2.2748091221
27760067,0.8835449219,-0.0354003906,-0.7910156250,-1.4045801163, -1.3435114622, -3.0534350872
27770067,0.8732910156,-0.0336914062,-0.7897949219,-1.7404580116, 0.3969465792, -4.0763359070
27780067,0.8625488281,-0.0336914062,-0.7919921875,-1.7862595320, 1.6641221046, -4.7633585930
27790067,0.8623046875,-0.0285644531,-0.7785644531,-2.0763359070, 1.8778625727, -4.7175574303
27800067,0.8603515625,-0.0273437500,-0.7587890625,-2.1374046803, 0.9923664331, -4.5648856163
27810067,0.8615722656,-0.0261230469,-0.7597656250,-1.9541984797, -0.2290076315, -4.1221375465
27820067,0.8669433594,-0.0258789062,-0.7565917969,-1.5572519302, -0.9618320465, -3.2061069012
27830067,0.8674316406,-0.0302734375,-0.7675781250,-1.4045801163, -1.7404580116, -2.3206107616
27840067,0.8664550781,-0.0427246094,-0.7697753906,-1.3740458488, -2.3511450291, -1.9083969593
27850067,0.8637695312,-0.0361328125,-0.7714843750,-1.3435114622, -2.4885497093, -1.7404580116
27860067,0.8728027344,-0.0373535156,-0.7819824219,-1.2213740349, -2.3358778954, -1.8320610523
27870067,0.8713378906,-0.0322265625,-0.7932128906,-1.3893129826, -2.0305342674, -2.2595419884
27880067,0.8681640625,-0.0356445312,-0.7849121094,-1.4503816366, -1.4961831570, -3.3129770756
27890067,0.8754882812,-0.0344238281,-0.7836914062,-1.5419846773, -1.7862595320, -3.6335878372
27900067,0.8666992188,-0.0371093750,-0.7763671875,-1.9541984797, -2.3511450291, -3.1755726337
27910067,0.8674316406,-0.0310058594,-0.7915039062,-1.9236640930, -1.7099236250, -2.7022900581
27920067,0.8620605469,-0.0349121094,-0.7961425781,-2.0458016396, -1.2061069012, -2.6717557907
27930067,0.8666992188,-0.0278320312,-0.7995605469,-2.2748091221, -0.5954198241, -3.2671756744
27940067,0.8647460938,-0.0305175781,-0.7963867188,-2.1221373081, 0.2748091519, -3.9236640930
27950067,0.8630371094,-0.0283203125,-0.7883300781,-1.8473281860, 0.1221374050, -3.6793892384
27960067,0.8605957031,-0.0310058594,-0.7854003906,-1.5572519302, -0.0763358772, -3.4198472500
27970067,0.8671875000,-0.0258789062,-0.7836914062,-1.5877863169, -0.6717557311, -3.5419847965
27980067,0.8659667969,-0.0336914062,-0.7888183594,-1.6793893576, -0.6564885378, -3.3740458488
27990067,0.8679199219,-0.0314941406,-0.7824707031,-1.4198473692, -0.1374045759, -3.1297709942
28000067,0.8640136719,-0.0285644531,-0.7744140625,-1.4961831570, 0.4732824564, -2.8702290058
28010067,0.8571777344,-0.0290527344,-0.7846679688,-1.5725190639, 0.4732824564, -2.7786259651
28020067,0.8566894531,-0.0314941406,-0.7890625000,-1.8015266657, 0.4885496199, -3.1145038605
28030067,0.8474121094,-0.0251464844,-0.7780761719,-1.8778625727, -0.1374045759, -3.0992367268
28040067,0.8498535156,-0.0231933594,-0.7824707031,-1.9083969593, -0.8854961991, -3.0229008198
28050067,0.8525390625,-0.0244140625,-0.7878417969,-1.9694656134, -1.3893129826, -2.5343511105
28060067,0.8596191406,-0.0227050781,-0.7866210938,-1.8015266657, -1.6946564913, -1.8625954390
28070067,0.8522949219,-0.0307617188,-0.7912597656,-1.7099236250, -1.6488549709, -1.7251908779
28080067,0.8610839844,-0.0361328125,-0.7885742188,-1.6793893576, -1.4656488895, -1.9083969593
28090067,0.8603515625,-0.0219726562,-0.7922363281,-1.5572519302, -0.6106870174, -2.0610687733
28100067,0.8581542969,-0.0314941406,-0.7902832031,-1.5725190639, -0.3206106722, -2.0000000000
28110067,0.8596191406,-0.0319824219,-0.7978515625,-1.7251908779, 0.0152671756, -2.2442748547
28120067,0.8637695312,-0.0280761719,-0.7968750000,-1.5114504099, 0.1526717544, -2.3816792965
28130067,0.8625488281,-0.0290527344,-0.7993164062,-1.5877863169, 0.0610687025, -2.4885497093
28140067,0.8659667969,-0.0246582031,-0.7978515625,-1.7099236250, 0.2900763452, -2.2748091221
28150067,0.8603515625,-0.0256347656,-0.7895507812,-1.4961831570, 0.6717557311, -2.4122138023
28160067,0.8566894531,-0.0307617188,-0.7817382812,-2.0000000000, 0.7480915785, -2.9618320465
28170067,0.8537597656,-0.0241699219,-0.7900390625,-2.0763359070, 0.7175572515, -3.0076336861
28180067,0.8603515625,-0.0314941406,-0.7946777344,-1.9847328663, 0.1374045759, -2.6259541512
28190067,0.8569335938,-0.0290527344,-0.7893066406,-2.3969466686, -0.0152671756, -2.2900762558
28200067,0.8659667969,-0.0312500000,-0.7849121094,-2.0458016396, -0.3664122224, -2.0152671337
28210067,0.8701171875,-0.0283203125,-0.7966308594,-1.6335878372, -0.1679389328, -2.2595419884
28220067,0.8684082031,-0.0280761719,-0.8068847656,-1.4351145029, 0.4885496199, -2.1984732151
28230067,0.8623046875,-0.0224609375,-0.8115234375,-1.3893129826, 0.7938931584, -2.6564886570
28240067,0.8647460938,-0.0283203125,-0.7924804688,-1.5419846773, 1.1297709942, -2.7480916977
28250067,0.8627929688,-0.0263671875,-0.7951660156,-1.3129770756, 0.8091602921, -2.8702290058
28260067,0.8686523438,-0.0251464844,-0.8000488281,-1.4198473692, 0.1526717544, -2.9007632732
28270067,0.8642578125,-0.0305175781,-0.7927246094,-1.6946564913, 0.0610687025, -3.2977099419
28280067,0.8642578125,-0.0295410156,-0.7951660156,-2.0610687733, 0.7480915785, -3.3587787151
28290067,0.8571777344,-0.0251464844,-0.7966308594,-2.0305342674, 1.3282443285, -2.9923663139
28300067,0.8544921875,-0.0300292969,-0.7946777344,-1.8473281860, 1.7862595320, -3.0534350872
28310067,0.8508300781,-0.0334472656,-0.7956542969,-1.8931298256, 2.4427480698, -3.2824428082
28320067,0.8520507812,-0.0224609375,-0.7805175781,-1.8015266657, 2.0000000000, -2.8854961395
28330068,0.8549804688,-0.0212402344,-0.7873535156,-1.6946564913, 1.5572519302, -2.6564886570
28340067,0.8535156250,-0.0251464844,-0.7856445312,-1.5877863169, 0.9770992398, -2.0763359070
28350067,0.8671875000,-0.0168457031,-0.7797851562,-1.6793893576, 0.9160305262, -1.5114504099
28360067,0.8535156250,-0.0263671875,-0.7905273438,-1.5572519302, 0.5038167834, -1.2213740349
28370067,0.8554687500,-0.0251464844,-0.7917480469,-1.1145038605, 1.3282443285, -1.1297709942
28380067,0.8581542969,-0.0241699219,-0.7907714844,-1.2061069012, 1.5419846773, -1.4351145029
28390067,0.8601074219,-0.0236816406,-0.7993164062,-1.4045801163, 1.5419846773, -2.2442748547
28400067,0.8623046875,-0.0234375000,-0.7976074219,-1.5114504099, 1.2824426889, -2.2442748547
28410067,0.8527832031,-0.0249023438,-0.7929687500,-1.3893129826, 0.8549618125, -1.9083969593
28420067,0.8657226562,-0.0217285156,-0.7888183594,-1.3129770756, 0.5954198241, -1.5725190639
28430067,0.8605957031,-0.0275878906,-0.7946777344,-1.0687023401, 0.5954198241, -1.2366411686
28440067,0.8630371094,-0.0249023438,-0.7973632812,-1.2519084215, 1.0229008198, -1.4961831570
28450067,0.8623046875,-0.0241699219,-0.7944335938,-1.2519084215, 1.8473281860, -1.6488549709
28460067,0.8569335938,-0.0275878906,-0.7912597656,-1.4198473692, 2.2748091221, -1.7251908779
28470067,0.8581542969,-0.0273437500,-0.7939453125,-1.1908396482, 1.9083969593, -1.4656488895
28480214,0.8598632812,-0.0244140625,-0.7802734375,-1.3587785959, 1.3129770756, -1.3893129826
28490067,0.8596191406,-0.0224609375,-0.7893066406,-1.6946564913, 0.9923664331, -1.5419846773
28500067,0.8632812500,-0.0266113281,-0.7937011719,-1.6183205843, 1.5114504099, -1.9389313459
28510067,0.8583984375,-0.0314941406,-0.7888183594,-1.8473281860, 1.3435114622, -2.2442748547
28520067,0.8649902344,-0.0297851562,-0.7854003906,-1.8167939186, 1.2671755552, -2.8396947384
28530067,0.8520507812,-0.0258789062,-0.7819824219,-1.3587785959, 0.8091602921, -2.5496182442
28540067,0.8547363281,-0.0261230469,-0.7814941406,-1.6183205843, 0.6412213445, -2.3358778954
28550067,0.8510742188,-0.0285644531,-0.7773437500,-1.5725190639, 0.0305343512, -1.6030534506
28560067,0.8527832031,-0.0319824219,-0.7944335938,-1.6030534506, -0.4427480996, -1.0076335669
28570067,0.8557128906,-0.0268554688,-0.7951660156,-1.6030534506, 0.0610687025, -0.9465649128
28580067,0.8618164062,-0.0292968750,-0.7958984375,-1.6183205843, 0.1984732896, -0.7022900581
28590067,0.8535156250,-0.0227050781,-0.7885742188,-1.4045801163, -0.0763358772, -0.2290076315
28600067,0.8566894531,-0.0285644531,-0.7976074219,-1.5877863169, 0.1221374050, -0.2442748100
28610067,0.8625488281,-0.0302734375,-0.8029785156,-1.6793893576, 1.0687023401, -0.4427480996
28620067,0.8583984375,-0.0344238281,-0.8022460938,-1.7099236250, 2.1984732151, -1.2977099419
28630067,0.8569335938,-0.0231933594,-0.8037109375,-1.8320610523, 2.2748091221, -1.5267175436
28640067,0.8583984375,-0.0266113281,-0.7963867188,-1.8015266657, 1.9236640930, -1.4809160233
28650067,0.8601074219,-0.0270996094,-0.7910156250,-1.7251908779, 1.6641221046, -1.2824426889
28660067,0.8615722656,-0.0212402344,-0.7829589844,-1.7404580116, 1.8320610523, -0.9465649128
28670067,0.8596191406,-0.0222167969,-0.7890625000,-1.6183205843, 1.7099236250, -0.4580152631
28680067,0.8576660156,-0.0312500000,-0.7832031250,-1.5572519302, 1.4656488895, -0.5801526904
28690067,0.8620605469,-0.0278320312,-0.7797851562,-1.5419846773, 1.1450381279, -0.9923664331
28700067,0.8503417969,-0.0175781250,-0.7807617188,-1.8015266657, 1.0076335669, -1.2213740349
28710067,0.8469238281,-0.0214843750,-0.7988281250,-1.9389313459, 1.0229008198, -1.1450381279
28720067,0.8566894531,-0.0231933594,-0.7849121094,-1.8015266657, 0.7022900581, -0.8396946788
28730067,0.8593750000,-0.0222167969,-0.7897949219,-1.7557251453, 0.5038167834, -0.7328244448
28740067,0.8552246094,-0.0261230469,-0.7915039062,-1.4198473692, 0.1068702266, -0.4732824564
28750067,0.8527832031,-0.0268554688,-0.7946777344,-1.4961831570, 0.3511450291, -0.1984732896
28760067,0.8588867188,-0.0295410156,-0.8029785156,-1.5572519302, 0.7328244448, -0.3816793859
28770067,0.8532714844,-0.0246582031,-0.7995605469,-1.5725190639, 1.1145038605, -0.3664122224
28780067,0.8645019531,-0.0275878906,-0.7973632812,-1.4809160233, 1.5419846773, -0.8396946788
28790067,0.8457031250,-0.0268554688,-0.7863769531,-1.4809160233, 1.4351145029, -0.6259542108
28800067,0.8483886719,-0.0241699219,-0.7871093750,-1.5572519302, 1.1450381279, -0.7938931584
28810067,0.8566894531,-0.0263671875,-0.7907714844,-1.5419846773, 0.8244274855, -0.5343511701
28820067,0.8605957031,-0.0251464844,-0.7856445312,-1.4045801163, 0.4732824564, -0.4580152631
28830067,0.8498535156,-0.0244140625,-0.7954101562,-1.5267175436, 0.1526717544, -0.0916030556
28840067,0.8513183594,-0.0263671875,-0.7905273438,-1.5877863169, -0.0458015278, 0.2900763452
28850067,0.8562011719,-0.0283203125,-0.7868652344,-1.4045801163, 0.1221374050, 0.5496183038
28860067,0.8540039062,-0.0336914062,-0.7946777344,-1.6183205843, 0.5648854971, 0.8244274855
28870067,0.8542480469,-0.0336914062,-0.7941894531,-1.4503816366, 0.6412213445, 1.1450381279
28880067,0.8547363281,-0.0322265625,-0.7917480469,-1.2977099419, 0.8244274855, 1.0381679535
28890067,0.8559570312,-0.0290527344,-0.7873535156,-1.1908396482, 0.4274809062, 1.2366411686
28900067,0.8581542969,-0.0354003906,-0.7910156250,-1.1755725145, 0.3358778656, 1.7099236250
28910067,0.8618164062,-0.0327148438,-0.7790527344,-1.1603053808, 0.0610687025, 1.9083969593
28920067,0.8696289062,-0.0288085938,-0.7788085938,-1.2061069012, -0.3664122224, 2.4427480698
28930067,0.8632812500,-0.0407714844,-0.7958984375,-0.9618320465, -0.8244274855, 2.8549618721
28940067,0.8696289062,-0.0380859375,-0.8068847656,-0.5954198241, -0.6870229244, 2.5801527500
28950067,0.8693847656,-0.0427246094,-0.8127441406,-0.6717557311, -0.6259542108, 2.1526718140
28960067,0.8698730469,-0.0478515625,-0.8198242188,-1.2213740349, -0.1221374050, 1.0076335669
28970067,0.8664550781,-0.0395507812,-0.8205566406,-1.4198473692, 0.6412213445, -0.2595419884
28980067,0.8664550781,-0.0349121094,-0.8195800781,-1.3740458488, 1.7557251453, -0.5801526904
28990067,0.8583984375,-0.0270996094,-0.8029785156,-1.6030534506, 2.3511450291, -0.9007633328
29000067,0.8586425781,-0.0356445312,-0.8059082031,-1.9541984797, 2.9770991802, -1.6488549709
29010067,0.8527832031,-0.0322265625,-0.7934570312,-1.8931298256, 3.0381679535, -2.1832060814
29020067,0.8527832031,-0.0319824219,-0.7832031250,-2.3511450291, 2.7786259651, -2.3053436279
29030067,0.8542480469,-0.0241699219,-0.7827148438,-2.4274809361, 2.8091602325, -1.9389313459
29040067,0.8603515625,-0.0258789062,-0.7802734375,-2.5648853779, 2.3664121628, -0.9007633328
29050067,0.8654785156,-0.0231933594,-0.7751464844,-2.0152671337, 1.6183205843, 0.0305343512
29060067,0.8581542969,-0.0322265625,-0.7856445312,-1.5572519302, 0.9770992398, 0.6106870174
29070067,0.8598632812,-0.0324707031,-0.7956542969,-1.2824426889, 1.4198473692, 0.0763358772
29080067,0.8642578125,-0.0363769531,-0.8027343750,-1.4656488895, 1.6030534506, -0.2900763452
29090067,0.8540039062,-0.0375976562,-0.7980957031,-1.0687023401, 2.0763359070, -0.8702290058
29100067,0.8479003906,-0.0410156250,-0.7985839844,-1.4351145029, 2.3969466686, -0.8396946788
29110067,0.8483886719,-0.0415039062,-0.7897949219,-1.5267175436, 2.2595419884, -0.4732824564
29120067,0.8493652344,-0.0324707031,-0.7929687500,-1.5267175436, 1.7251908779, 0.0152671756
29130067,0.8525390625,-0.0322265625,-0.7995605469,-1.4198473692, 1.9389313459, 0.3053435087
29140067,0.8540039062,-0.0285644531,-0.7897949219,-1.4961831570, 2.6106870174, 0.7938931584
29150068,0.8459472656,-0.0295410156,-0.7978515625,-1.4656488895, 3.0839693546, 0.6564885378
29160067,0.8474121094,-0.0283203125,-0.7841796875,-1.2824426889, 2.9770991802, 1.2977099419
29170067,0.8444824219,-0.0341796875,-0.7792968750,-1.1755725145, 2.6717557907, 1.8015266657
29180067,0.8437500000,-0.0327148438,-0.7893066406,-1.4503816366, 2.1984732151, 2.3511450291
29190067,0.8447265625,-0.0300292969,-0.7761230469,-1.1450381279, 1.5725190639, 2.7938930988
29200067,0.8469238281,-0.0324707031,-0.7775878906,-1.1603053808, 1.4809160233, 3.2366411686
29210067,0.8388671875,-0.0336914062,-0.7822265625,-1.0534350872, 0.8702290058, 3.5419847965
29220067,0.8447265625,-0.0263671875,-0.7866210938,-1.0381679535, 0.2748091519, 4.2137403488
29230067,0.8449707031,-0.0290527344,-0.7832031250,-0.6412213445, -0.7480915785, 4.5190839767
29240067,0.8459472656,-0.0292968750,-0.7795410156,-0.7786259651, -1.5725190639, 5.2366414070
29250067,0.8508300781,-0.0378417969,-0.7907714844,-0.8396946788, -2.2442748547, 5.4961833954
29260067,0.8603515625,-0.0441894531,-0.8007812500,-0.6870229244, -2.2900762558, 5.2061066628
29270067,0.8586425781,-0.0505371094,-0.8012695312,-1.0076335669, -2.4427480698, 5.0534353256
29280067,0.8659667969,-0.0458984375,-0.8029785156,-0.9007633328, -1.7251908779, 4.5343513489
29290067,0.8735351562,-0.0563964844,-0.7995605469,-1.1145038605, -1.6641221046, 4.1679387093
29300067,0.8728027344,-0.0603027344,-0.8039550781,-1.2671755552, -1.2519084215, 3.8473281860
29310067,0.8703613281,-0.0571289062,-0.8120117188,-1.2366411686, -0.4427480996, 3.4961831570
29320067,0.8713378906,-0.0524902344,-0.8095703125,-1.4656488895, 0.0000000000, 2.7328243256
29330067,0.8732910156,-0.0573730469,-0.8037109375,-1.6488549709, 0.6870229244, 2.1221373081
29340067,0.8652343750,-0.0541992188,-0.8066406250,-1.5572519302, 1.7099236250, 1.1145038605
29350067,0.8596191406,-0.0554199219,-0.8095703125,-1.5267175436, 2.3664121628, 0.6259542108
29360067,0.8603515625,-0.0634765625,-0.8007812500,-1.4809160233, 2.5954198837, 0.3969465792
29370067,0.8664550781,-0.0576171875,-0.8122558594,-1.2061069012, 3.0992367268, 0.7480915785
29380067,0.8591308594,-0.0554199219,-0.8068847656,-1.2519084215, 3.5114502907, 0.6717557311
29390067,0.8654785156,-0.0505371094,-0.7961425781,-1.3129770756, 3.2366411686, 0.9465649128
29400067,0.8571777344,-0.0524902344,-0.7971191406,-1.3282443285, 3.1755726337, 1.0381679535
29410067,0.8581542969,-0.0571289062,-0.7993164062,-1.3435114622, 2.7786259651, 1.3129770756
29420067,0.8559570312,-0.0527343750,-0.7961425781,-1.7251908779, 2.7022900581, 1.1908396482
29430067,0.8537597656,-0.0622558594,-0.7978515625,-1.4351145029, 2.8549618721, 1.2671755552
29440067,0.8542480469,-0.0603027344,-0.7919921875,-1.6030534506, 3.1908397675, 1.0839694738
29450067,0.8483886719,-0.0622558594,-0.8051757812,-1.6793893576, 3.1297709942, 0.7175572515
29460067,0.8547363281,-0.0568847656,-0.7868652344,-1.4961831570, 3.4656488895, 0.1832061112
29470067,0.8610839844,-0.0505371094,-0.7929687500,-1.6641221046, 3.0381679535, 0.0916030556
29480213,0.8598632812,-0.0544433594,-0.7917480469,-1.7099236250, 2.9312977791, 0.1221374050
29490067,0.8581542969,-0.0490722656,-0.7883300781,-1.4961831570, 2.7022900581, 0.0763358772
29500067,0.8627929688,-0.0527343750,-0.7800292969,-1.5114504099, 2.3969466686, 0.0610687025
29510067,0.8684082031,-0.0473632812,-0.7907714844,-1.3893129826, 1.7251908779, 0.3511450291
29520067,0.8586425781,-0.0529785156,-0.7856445312,-1.1755725145, 0.7480915785, 0.3664122224
29530067,0.8645019531,-0.0510253906,-0.7902832031,-1.0839694738, 0.5648854971, 0.5190839767
29540067,0.8569335938,-0.0571289062,-0.7919921875,-0.7633587718, 0.3664122224, 0.4885496199
29550067,0.8542480469,-0.0500488281,-0.7978515625,-1.1450381279, 1.0687023401, 0.0763358772
29560067,0.8569335938,-0.0495605469,-0.8029785156,-1.5725190639, 1.0381679535, -0.2900763452
29570067,0.8588867188,-0.0517578125,-0.8090820312,-1.3435114622, 1.1908396482, -0.5954198241
29580067,0.8610839844,-0.0478515625,-0.7880859375,-1.2824426889, 1.1755725145, -0.7938931584
29590067,0.8530273438,-0.0539550781,-0.7927246094,-1.3435114622, 0.9618320465, -1.2213740349
29600067,0.8632812500,-0.0517578125,-0.7990722656,-1.3435114622, 0.8854961991, -1.3587785959
29610067,0.8574218750,-0.0539550781,-0.7888183594,-1.1755725145, 1.0381679535, -1.3740458488
29620067,0.8635253906,-0.0563964844,-0.7932128906,-1.5572519302, 1.2977099419, -1.3435114622
29630067,0.8603515625,-0.0544433594,-0.7973632812,-1.4351145029, 1.6030534506, -1.0992366076
29640067,0.8591308594,-0.0534667969,-0.7976074219,-1.6183205843, 1.8015266657, -1.1450381279
29650067,0.8554687500,-0.0566406250,-0.8039550781,-1.4809160233, 1.4351145029, -1.1297709942
29660067,0.8500976562,-0.0610351562,-0.7905273438,-1.2366411686, 0.9465649128, -1.8015266657
