time,xacc,yacc,zacc,xgyro,ygyro,zgyro
1601120067,1.1291503906,-0.0056152344,-0.2299804688,-0.9618320465, 1.2061069012, -0.5038167834
1601130067,1.1425781250,-0.0070800781,-0.2326660156,-1.0381679535, 0.6259542108, -0.1221374050
1601140067,1.1350097656,-0.0063476562,-0.2390136719,-0.9923664331, 0.2748091519, -0.0763358772
1601150067,1.1335449219,-0.0163574219,-0.2399902344,-0.9618320465, -0.1374045759, -0.1526717544
1601160067,1.1406250000,-0.0080566406,-0.2385253906,-1.1145038605, -0.5190839767, -0.7480915785
1601170067,1.1533203125,0.0019531250,-0.2402343750,-1.0229008198, -0.0763358772, 0.6106870174
1601180076,1.1435546875,0.0014648438,-0.2429199219,-1.2061069012, 0.0458015278, 0.9923664331
1601190067,1.1416015625,-0.0017089844,-0.2490234375,-1.0839694738, 0.1068702266, 0.3511450291
1601200067,1.1396484375,-0.0053710938,-0.2409667969,-1.3587785959, 0.2900763452, 0.4122137427
1601210067,1.1408691406,-0.0080566406,-0.2502441406,-1.3282443285, 0.7175572515, 0.6106870174
1601220067,1.1391601562,-0.0129394531,-0.2480468750,-1.2366411686, 1.4503816366, 0.3511450291
1601230067,1.1367187500,-0.0102539062,-0.2463378906,-1.0992366076, 1.5572519302, -0.3358778656
1601240067,1.1379394531,-0.0012207031,-0.2387695312,-1.2519084215, 1.6183205843, -0.3511450291
1601250067,1.1391601562,-0.0048828125,-0.2446289062,-1.3587785959, 1.7251908779, -0.1679389328
1601260067,1.1450195312,-0.0014648438,-0.2478027344,-1.6183205843, 1.6335878372, -0.4732824564
1601270067,1.1445312500,-0.0073242188,-0.2373046875,-1.4351145029, 1.6030534506, -0.8549618125
1601280067,1.1486816406,-0.0021972656,-0.2451171875,-1.2977099419, 1.8167939186, -0.6717557311
1601290067,1.1538085938,-0.0041503906,-0.2429199219,-1.6335878372, 1.8931298256, -0.8244274855
1601300067,1.1469726562,-0.0034179688,-0.2438964844,-1.6488549709, 1.9694656134, -0.8244274855
1601310067,1.1433105469,-0.0061035156,-0.2363281250,-1.9236640930, 1.9541984797, -0.8702290058
1601320067,1.1455078125,-0.0090332031,-0.2363281250,-2.0610687733, 2.1526718140, -0.7633587718
1601330067,1.1408691406,-0.0090332031,-0.2387695312,-2.2900762558, 1.9694656134, -0.4580152631
1601340067,1.1450195312,-0.0046386719,-0.2409667969,-2.3358778954, 1.5267175436, -0.6564885378
1601350067,1.1437988281,-0.0007324219,-0.2392578125,-2.2900762558, 1.7404580116, -0.4580152631
1601360067,1.1433105469,-0.0073242188,-0.2297363281,-2.5343511105, 1.5114504099, -0.4122137427
1601370067,1.1408691406,-0.0065917969,-0.2431640625,-2.4427480698, 1.5877863169, -0.5954198241
1601380067,1.1481933594,-0.0092773438,-0.2458496094,-2.3206107616, 1.7557251453, -0.5801526904
1601390067,1.1428222656,-0.0085449219,-0.2438964844,-2.3664121628, 1.6641221046, -0.5801526904
1601400067,1.1459960938,-0.0048828125,-0.2441406250,-2.0610687733, 1.7099236250, -0.4885496199
1601410067,1.1445312500,-0.0107421875,-0.2429199219,-2.4274809361, 1.8320610523, -0.4274809062
1601420067,1.1491699219,-0.0146484375,-0.2399902344,-2.3969466686, 1.8625954390, 0.0916030556
1601430067,1.1459960938,-0.0161132812,-0.2429199219,-2.3053436279, 1.6030534506, -0.5496183038
1601440067,1.1411132812,-0.0146484375,-0.2429199219,-2.3664121628, 1.6946564913, -1.2061069012
1601450067,1.1481933594,-0.0161132812,-0.2294921875,-2.4274809361, 2.1526718140, -1.4045801163
1601460067,1.1464843750,-0.0148925781,-0.2438964844,-1.9389313459, 1.7251908779, -1.8015266657
1601470067,1.1455078125,-0.0104980469,-0.2387695312,-2.0458016396, 1.9236640930, -1.6946564913
1601480216,1.1457519531,-0.0158691406,-0.2377929688,-2.0458016396, 1.9236640930, -1.6488549709
1601490067,1.1477050781,-0.0153808594,-0.2495117188,-1.8320610523, 1.6183205843, -1.7862595320
1601500067,1.1518554688,-0.0136718750,-0.2385253906,-1.5419846773, 1.3740458488, -1.6946564913
1601510067,1.1406250000,-0.0141601562,-0.2265625000,-1.5114504099, 1.1145038605, -1.1908396482
1601520067,1.1413574219,-0.0190429688,-0.2387695312,-1.6183205843, 0.7022900581, -1.3740458488
1601530067,1.1491699219,-0.0053710938,-0.2416992188,-1.7404580116, 0.7175572515, -1.8778625727
1601540067,1.1474609375,-0.0119628906,-0.2412109375,-1.3893129826, 1.1603053808, -2.4427480698
1601550067,1.1342773438,-0.0134277344,-0.2424316406,-1.4198473692, 1.0839694738, -4.6106872559
1601560067,1.1228027344,-0.0124511719,-0.2407226562,-1.4656488895, 1.3435114622, -3.2977099419
1601570067,1.1333007812,-0.0131835938,-0.2385253906,-1.5572519302, 1.9236640930, -1.7709923983
1601580067,1.1420898438,-0.0166015625,-0.2448730469,-1.6946564913, 2.3969466686, -0.5648854971
1601590067,1.1354980469,-0.0163574219,-0.2377929688,-1.6641221046, 2.3816792965, -0.2137404531
1601600067,1.1489257812,-0.0083007812,-0.2360839844,-1.6030534506, 2.4427480698, -0.5801526904
1601610067,1.1445312500,-0.0095214844,-0.2236328125,-1.6946564913, 1.7404580116, -1.9236640930
1601620067,1.1328125000,-0.0039062500,-0.2207031250,-1.4961831570, 0.4580152631, -3.1145038605
1601630067,1.1389160156,-0.0048828125,-0.2229003906,-1.4351145029, -0.6870229244, -3.8625953197
1601640067,1.1503906250,-0.0004882812,-0.2387695312,-1.5877863169, -0.9007633328, -4.1679387093
1601650067,1.1525878906,-0.0009765625,-0.2390136719,-2.0152671337, 0.0152671756, -3.9847328663
1601660067,1.1486816406,-0.0134277344,-0.2575683594,-1.3282443285, 0.5648854971, -3.9389312267
1601670067,1.1457519531,-0.0134277344,-0.2429199219,-1.4503816366, 1.4045801163, -3.7557251453
1601680067,1.1494140625,-0.0012207031,-0.2546386719,-1.0839694738, 1.4198473692, -3.2061069012
1601690067,1.1481933594,-0.0053710938,-0.2509765625,-1.2977099419, 1.2213740349, -2.8549618721
1601700067,1.1445312500,-0.0019531250,-0.2563476562,-1.5114504099, 0.8854961991, -2.6564886570
1601710067,1.1418457031,-0.0061035156,-0.2451171875,-1.7404580116, 0.6717557311, -2.2595419884
1601720067,1.1523437500,0.0014648438,-0.2485351562,-2.2442748547, 1.3587785959, -2.1526718140
1601730067,1.1423339844,-0.0109863281,-0.2451171875,-2.0458016396, 2.1221373081, -2.3053436279
1601740067,1.1401367188,-0.0041503906,-0.2326660156,-2.0000000000, 2.3664121628, -1.9541984797
1601750067,1.1420898438,-0.0039062500,-0.2316894531,-2.2748091221, 2.8549618721, -1.7709923983
1601760067,1.1457519531,-0.0097656250,-0.2373046875,-1.9847328663, 2.4732823372, -1.7404580116
1601770067,1.1394042969,-0.0102539062,-0.2314453125,-1.6946564913, 2.7328243256, -1.5267175436
1601780067,1.1369628906,-0.0073242188,-0.2246093750,-1.4351145029, 2.1984732151, -1.3893129826
1601790067,1.1391601562,-0.0114746094,-0.2355957031,-1.6183205843, 2.0152671337, -0.7633587718
1601800067,1.1376953125,-0.0175781250,-0.2373046875,-1.3282443285, 1.3435114622, -0.6259542108
1601810067,1.1354980469,-0.0180664062,-0.2380371094,-0.8396946788, 0.6412213445, -0.8549618125
1601820067,1.1479492188,-0.0100097656,-0.2468261719,-1.0381679535, 0.4122137427, -0.7022900581
1601830067,1.1484375000,-0.0024414062,-0.2426757812,-0.7786259651, 0.5038167834, 0.7480915785
1601840067,1.1350097656,-0.0104980469,-0.2424316406,-1.0534350872, 0.2595419884, 0.2595419884
1601850067,1.1350097656,-0.0166015625,-0.2343750000,-0.9160305262, 0.6259542108, -0.2290076315
1601860067,1.1423339844,-0.0107421875,-0.2416992188,-1.2213740349, 1.3129770756, -0.2442748100
1601870067,1.1362304688,-0.0092773438,-0.2380371094,-1.3282443285, 1.8625954390, -0.0305343512
1601880067,1.1342773438,-0.0107421875,-0.2375488281,-1.6335878372, 2.1221373081, -0.4732824564
1601890067,1.1401367188,-0.0046386719,-0.2324218750,-1.5114504099, 2.1374046803, -0.7938931584
1601900067,1.1428222656,-0.0134277344,-0.2365722656,-1.7251908779, 1.8625954390, -1.2824426889
1601910067,1.1418457031,-0.0134277344,-0.2287597656,-1.8625954390, 1.7862595320, -1.4045801163
1601920067,1.1411132812,-0.0114746094,-0.2390136719,-1.3282443285, 1.6335878372, -1.1755725145
1601930067,1.1501464844,-0.0112304688,-0.2431640625,-1.4351145029, 1.0839694738, -0.8244274855
1601940067,1.1401367188,-0.0148925781,-0.2448730469,-1.2366411686, 0.7480915785, -0.7480915785
1601950067,1.1401367188,-0.0153808594,-0.2438964844,-1.6183205843, 0.2442748100, -0.5801526904
1601960067,1.1455078125,-0.0063476562,-0.2404785156,-1.8015266657, 0.2748091519, -0.3206106722
1601970067,1.1428222656,-0.0153808594,-0.2409667969,-1.7404580116, 0.6717557311, -0.5496183038
1601980067,1.1455078125,-0.0129394531,-0.2490234375,-1.5572519302, 1.2977099419, -0.6412213445
1601990067,1.1462402344,-0.0061035156,-0.2434082031,-2.0458016396, 1.6030534506, -0.5038167834
1602000067,1.1384277344,-0.0129394531,-0.2299804688,-1.8320610523, 1.9694656134, -0.7022900581
1602010067,1.1418457031,-0.0119628906,-0.2343750000,-1.8778625727, 1.8473281860, -0.9923664331
1602020067,1.1350097656,-0.0151367188,-0.2365722656,-1.7557251453, 1.6488549709, -1.1908396482
1602030067,1.1428222656,-0.0104980469,-0.2338867188,-1.6641221046, 1.3893129826, -1.2366411686
1602040067,1.1433105469,-0.0109863281,-0.2382812500,-1.8931298256, 1.1145038605, -1.2366411686
1602050067,1.1425781250,-0.0144042969,-0.2431640625,-1.5877863169, 1.0992366076, -1.3129770756
1602060067,1.1435546875,-0.0087890625,-0.2385253906,-1.8015266657, 0.9618320465, -1.0687023401
1602070067,1.1418457031,-0.0085449219,-0.2355957031,-1.8625954390, 1.0839694738, -1.2671755552
1602080067,1.1428222656,-0.0163574219,-0.2385253906,-1.6641221046, 1.3282443285, -1.2824426889
1602090067,1.1391601562,-0.0122070312,-0.2377929688,-1.7709923983, 1.1297709942, -1.2977099419
1602100067,1.1403808594,-0.0112304688,-0.2399902344,-1.7709923983, 1.1908396482, -1.5419846773
1602110067,1.1418457031,-0.0148925781,-0.2336425781,-1.9236640930, 1.2977099419, -1.7862595320
1602120067,1.1386718750,-0.0153808594,-0.2438964844,-1.5572519302, 1.2366411686, -1.8931298256
1602130067,1.1496582031,-0.0119628906,-0.2456054688,-1.4198473692, 1.4198473692, -1.7404580116
1602140067,1.1481933594,-0.0148925781,-0.2468261719,-1.4961831570, 1.3435114622, -1.7557251453
1602150067,1.1506347656,-0.0170898438,-0.2382812500,-1.2213740349, 1.0687023401, -1.4656488895
1602160067,1.1452636719,-0.0148925781,-0.2331542969,-1.2977099419, 0.8549618125, -1.2519084215
1602170067,1.1428222656,-0.0131835938,-0.2385253906,-1.3740458488, 0.9618320465, -1.5267175436
1602180067,1.1362304688,-0.0183105469,-0.2336425781,-1.6335878372, 0.9923664331, -1.2366411686
1602190067,1.1455078125,-0.0131835938,-0.2358398438,-1.5419846773, 1.1450381279, -1.3740458488
1602200067,1.1496582031,0.0046386719,-0.2407226562,-1.5877863169, 1.5725190639, -1.1450381279
1602210067,1.1345214844,-0.0109863281,-0.2402343750,-1.2366411686, 1.0992366076, -3.2824428082
1602220067,1.1315917969,-0.0058593750,-0.2392578125,-1.3282443285, 1.2213740349, -4.2290077209
1602230067,1.1291503906,-0.0026855469,-0.2353515625,-1.2824426889, 1.6793893576, -2.8091602325
1602240067,1.1347656250,-0.0153808594,-0.2424316406,-1.3587785959, 2.3053436279, -1.0381679535
1602250067,1.1389160156,-0.0227050781,-0.2382812500,-1.6183205843, 2.6259541512, -0.3053435087
1602260067,1.1435546875,-0.0136718750,-0.2387695312,-1.6793893576, 3.0534350872, -0.3816793859
1602270067,1.1503906250,-0.0107421875,-0.2402343750,-1.9083969593, 2.8396947384, -1.2671755552
1602280067,1.1533203125,-0.0092773438,-0.2233886719,-1.5877863169, 2.0000000000, -2.7938930988
1602290067,1.1384277344,-0.0173339844,-0.2268066406,-1.6335878372, 0.8091602921, -3.8320610523
1602300067,1.1413574219,-0.0114746094,-0.2297363281,-1.3893129826, -0.0152671756, -4.2748093605
1602310067,1.1484375000,-0.0102539062,-0.2453613281,-1.5572519302, -0.6412213445, -4.1526718140
1602320067,1.1489257812,-0.0122070312,-0.2497558594,-1.4198473692, 0.6564885378, -3.6793892384
1602330067,1.1472167969,-0.0153808594,-0.2458496094,-1.3282443285, 1.8015266657, -3.6641221046
1602340067,1.1423339844,-0.0063476562,-0.2475585938,-1.4656488895, 1.6183205843, -3.2519083023
1602350067,1.1408691406,-0.0043945312,-0.2465820312,-1.5572519302, 1.1603053808, -2.7022900581
1602360067,1.1308593750,-0.0053710938,-0.2482910156,-1.4045801163, 0.1221374050, -2.5648853779
1602370067,1.1430664062,-0.0075683594,-0.2502441406,-1.5114504099, 0.0763358772, -2.6259541512
1602380067,1.1474609375,-0.0036621094,-0.2519531250,-1.6183205843, 0.5801526904, -2.6412212849
1602390067,1.1430664062,-0.0007324219,-0.2402343750,-1.8167939186, 1.5419846773, -2.3511450291
1602400067,1.1418457031,-0.0063476562,-0.2355957031,-1.7557251453, 2.4427480698, -2.3511450291
1602410067,1.1391601562,-0.0078125000,-0.2297363281,-1.8320610523, 2.6564886570, -1.9847328663
1602420067,1.1362304688,-0.0080566406,-0.2238769531,-1.6335878372, 2.4580152035, -2.0458016396
1602430067,1.1362304688,-0.0168457031,-0.2248535156,-1.4503816366, 2.1679389477, -2.0305342674
1602440067,1.1401367188,-0.0087890625,-0.2294921875,-1.2671755552, 1.6946564913, -2.0610687733
1602450067,1.1413574219,-0.0097656250,-0.2260742188,-1.4809160233, 1.3587785959, -1.9389313459
1602460067,1.1459960938,-0.0078125000,-0.2395019531,-1.8473281860, 0.7480915785, -1.6183205843
1602470067,1.1359863281,-0.0129394531,-0.2441406250,-1.9236640930, 0.5648854971, -1.3282443285
1602480214,1.1484375000,-0.0175781250,-0.2412109375,-1.7099236250, 0.1832061112, -1.8167939186
1602490067,1.1530761719,-0.0068359375,-0.2426757812,-1.6946564913, 0.0916030556, -0.4427480996
1602500067,1.1442871094,-0.0151367188,-0.2487792969,-1.5419846773, 0.1679389328, -0.0305343512
1602510067,1.1354980469,-0.0205078125,-0.2426757812,-1.5877863169, 0.0305343512, -0.7633587718
1602520067,1.1384277344,-0.0080566406,-0.2416992188,-1.6946564913, 0.4580152631, -0.7938931584
1602530067,1.1354980469,-0.0144042969,-0.2397460938,-1.6488549709, 1.4351145029, -0.2137404531
1602540067,1.1389160156,-0.0195312500,-0.2416992188,-1.8015266657, 1.8778625727, -0.5038167834
1602550067,1.1398925781,-0.0112304688,-0.2360839844,-1.8167939186, 1.8778625727, -1.2061069012
1602560067,1.1369628906,-0.0119628906,-0.2297363281,-1.7557251453, 1.5725190639, -1.5725190639
1602570067,1.1406250000,-0.0090332031,-0.2380371094,-1.4198473692, 1.8473281860, -1.4045801163
1602580067,1.1420898438,-0.0046386719,-0.2365722656,-1.5114504099, 1.8778625727, -1.1908396482
1602590067,1.1423339844,-0.0148925781,-0.2402343750,-1.3893129826, 1.8015266657, -0.6717557311
1602600067,1.1440429688,-0.0134277344,-0.2346191406,-1.4503816366, 1.5877863169, -0.5648854971
1602610067,1.1503906250,-0.0112304688,-0.2360839844,-1.4198473692, 1.1297709942, -0.4580152631
1602620067,1.1455078125,-0.0080566406,-0.2373046875,-1.6335878372, 0.8854961991, -0.4885496199
1602630067,1.1491699219,-0.0080566406,-0.2482910156,-1.8167939186, 0.7938931584, -0.7480915785
1602640067,1.1508789062,-0.0124511719,-0.2348632812,-1.8320610523, 0.5801526904, -0.7328244448
1602650067,1.1420898438,-0.0144042969,-0.2436523438,-1.9236640930, 0.8702290058, -0.8549618125
1602660067,1.1445312500,-0.0087890625,-0.2453613281,-1.9847328663, 1.1297709942, -0.8244274855
1602670067,1.1330566406,-0.0136718750,-0.2321777344,-1.7862595320, 1.4198473692, -0.8854961991
1602680067,1.1440429688,-0.0190429688,-0.2382812500,-1.8015266657, 1.6183205843, -0.8091602921
1602690067,1.1413574219,-0.0102539062,-0.2431640625,-1.8473281860, 1.5877863169, -1.2366411686
1602700067,1.1491699219,-0.0119628906,-0.2319335938,-1.7862595320, 1.5267175436, -1.2671755552
1602710067,1.1437988281,-0.0166015625,-0.2336425781,-1.8320610523, 1.8625954390, -1.3435114622
1602720067,1.1386718750,-0.0117187500,-0.2348632812,-2.0152671337, 1.3435114622, -1.3587785959
1602730067,1.1437988281,-0.0119628906,-0.2343750000,-1.9236640930, 1.3893129826, -1.4045801163
1602740067,1.1440429688,-0.0100097656,-0.2377929688,-1.9389313459, 1.2061069012, -1.1755725145
1602750067,1.1411132812,-0.0097656250,-0.2331542969,-1.9541984797, 0.9618320465, -1.0229008198
1602760067,1.1442871094,-0.0134277344,-0.2414550781,-1.8167939186, 0.9618320465, -1.4045801163
1602770067,1.1403808594,-0.0117187500,-0.2324218750,-1.6641221046, 0.9465649128, -1.6183205843
1602780067,1.1413574219,-0.0104980469,-0.2382812500,-1.8931298256, 1.1145038605, -2.0458016396
1602790067,1.1418457031,-0.0100097656,-0.2390136719,-1.6030534506, 1.3740458488, -2.0000000000
1602800067,1.1413574219,-0.0195312500,-0.2324218750,-1.7862595320, 1.3129770756, -1.9541984797
1602810067,1.1433105469,-0.0126953125,-0.2360839844,-1.3740458488, 1.5267175436, -1.7709923983
1602820067,1.1396484375,-0.0139160156,-0.2370605469,-1.5725190639, 0.9770992398, -1.6793893576
1602830067,1.1257324219,-0.0146484375,-0.2495117188,-1.5267175436, 0.6259542108, -1.7404580116
1602840067,1.1267089844,-0.0068359375,-0.2478027344,-1.6183205843, 0.5190839767, -1.6335878372
1602850067,1.1225585938,0.0007324219,-0.2500000000,-2.0610687733, 0.5648854971, -0.6106870174
1602860067,1.1276855469,-0.0102539062,-0.2507324219,-2.6412212849, 0.9160305262, -0.8702290058
1602870067,1.1560058594,0.0009765625,-0.2514648438,-3.0839693546, 0.7786259651, -3.0687022209
1602880067,1.1586914062,-0.0009765625,-0.2629394531,-3.7099237442, 0.5801526904, -6.0152673721
1602890067,1.1520996094,0.0048828125,-0.2543945312,-4.2137403488, 0.2900763452, -7.2213740349
1602900067,1.1538085938,0.0083007812,-0.2587890625,-4.5954198837, 0.6412213445, -5.9083967209
1602910067,1.1577148438,-0.0065917969,-0.2617187500,-4.4580154419, 2.3053436279, -4.7633585930
1602920067,1.1547851562,-0.0183105469,-0.2561035156,-4.5190839767, 3.7099237442, -4.9160304070
1602930067,1.1662597656,-0.0185546875,-0.2377929688,-4.5190839767, 5.3435115814, -5.3282442093
1602940067,1.1669921875,-0.0097656250,-0.2141113281,-4.8854961395, 6.2900762558, -6.3816795349
1602950067,1.1674804688,-0.0214843750,-0.1970214844,-4.8702292442, 4.6564884186, -7.9083967209
1602960067,1.1511230469,-0.0139160156,-0.2041015625,-4.9007635117, 0.9923664331, -9.6335878372
1602970067,1.1589355469,-0.0041503906,-0.2097167969,-4.4885497093, -1.7557251453, -9.7709922791
1602980067,1.1584472656,-0.0009765625,-0.2368164062,-3.7404580116, -2.7786259651, -7.9847326279
1602990067,1.1774902344,0.0026855469,-0.2485351562,-3.1755726337, -1.4809160233, -7.1450381279
1603000067,1.1752929688,0.0056152344,-0.2641601562,-2.9007632732, 1.0992366076, -6.0000000000
1603010067,1.1618652344,0.0061035156,-0.2709960938,-2.3511450291, 2.4427480698, -4.9465646744
1603020067,1.1403808594,-0.0002441406,-0.2546386719,-2.2748091221, 2.9923663139, -4.4885497093
1603030067,1.1306152344,0.0007324219,-0.2507324219,-1.8320610523, 2.1068701744, -3.6641221046
1603040067,1.1398925781,-0.0019531250,-0.2436523438,-1.7099236250, 1.4503816366, -3.2366411686
1603050110,1.1433105469,-0.0036621094,-0.2402343750,-1.6030534506, 1.1603053808, -2.4122138023
1603060067,1.1435546875,-0.0056152344,-0.2331542969,-1.7557251453, 0.9618320465, -1.8625954390
1603070067,1.1350097656,-0.0083007812,-0.2287597656,-1.3587785959, 1.5267175436, -1.7709923983
1603080067,1.1354980469,-0.0004882812,-0.2294921875,-1.2824426889, 1.8015266657, -1.7099236250
1603090067,1.1440429688,-0.0021972656,-0.2338867188,-1.2061069012, 3.0534350872, -0.5038167834
1603100067,1.1579589844,-0.0036621094,-0.2314453125,-1.1755725145, 5.3129773140, -0.1679389328
1603110067,1.1777343750,-0.0024414062,-0.2451171875,-1.1450381279, 9.9083967209, -0.0458015278
1603120067,1.1215820312,0.0019531250,-0.2126464844,-1.0076335669, 12.1526718140, -2.3816792965
1603130067,1.0637207031,0.0087890625,-0.1838378906,-0.9465649128, 10.7938928604, -5.1603055000
1603140067,0.9985351562,0.0073242188,-0.1467285156,-0.1832061112, 7.0687022209, -6.7786259651
1603150067,0.9616699219,0.0288085938,-0.1066894531,-0.2900763452, 3.8473281860, -6.5801525116
1603160067,0.9531250000,0.0270996094,-0.0808105469,-1.5725190639, -1.2519084215, -3.9694657326
1603170067,0.9838867188,0.0024414062,-0.0661621094,-2.3511450291, -6.9770994186, -3.9083969593
1603180067,1.0610351562,-0.0053710938,-0.0961914062,-2.8854961395, -13.3282442093, -4.4274806976
1603190067,1.1523437500,0.0053710938,-0.1440429688,-2.9007632732, -17.1755733490, -2.2595419884
1603200067,1.2248535156,-0.0051269531,-0.2307128906,-3.0992367268, -17.9694652557, -0.8396946788
1603210067,1.2155761719,-0.0075683594,-0.3007812500,-2.1221373081, -16.7175579071, -2.0000000000
1603220067,1.1606445312,0.0085449219,-0.3400878906,-1.3893129826, -15.1450386047, -3.2519083023
1603230067,1.1718750000,0.0212402344,-0.3884277344,-1.8015266657, -11.3740453720, -4.7938933372
1603240067,1.2114257812,0.0402832031,-0.4587402344,-1.6488549709, -6.6564884186, -2.8549618721
1603250068,1.2331542969,0.0207519531,-0.4904785156,-1.9694656134, -1.2366411686, -1.1145038605
1603260067,1.2871093750,-0.0112304688,-0.4948730469,-3.0076336861, 6.7022900581, -3.4961831570
1603270067,1.2854003906,-0.0102539062,-0.4460449219,-3.1908397675, 12.9770994186, -3.6641221046
1603280067,1.2353515625,-0.0139160156,-0.3815917969,-2.8396947384, 11.9694652557, -1.6946564913
1603290067,1.2045898438,-0.0258789062,-0.3183593750,-2.9923663139, 8.4427480698, -2.4274809361
1603300067,1.2080078125,-0.0187988281,-0.2482910156,-2.9923663139, 6.8854961395, -3.0076336861
1603310067,1.2255859375,-0.0053710938,-0.2148437500,-3.6946563721, 7.2061066628, -2.1679389477
1603320067,1.2292480469,0.0012207031,-0.1811523438,-3.7709922791, 7.7557253838, -0.6259542108
1603330067,1.2167968750,-0.0087890625,-0.1645507812,-3.4809160233, 7.0839695930, -0.6412213445
1603340067,1.1936035156,-0.0104980469,-0.1596679688,-3.3129770756, 4.9618320465, -1.4351145029
1603350067,1.1479492188,-0.0178222656,-0.1281738281,-2.5343511105, 0.6564885378, -2.1832060814
1603360067,1.1174316406,-0.0063476562,-0.1479492188,-1.9083969593, -3.4351146221, -3.1755726337
1603370067,1.1169433594,0.0085449219,-0.1904296875,-1.3129770756, -4.5801525116, -3.4198472500
1603380067,1.1123046875,0.0085449219,-0.2280273438,-0.7633587718, -2.8549618721, -1.6641221046
1603390067,1.0671386719,0.0034179688,-0.2480468750,-0.5038167834, -0.8244274855, -2.3206107616
1603400067,1.0515136719,0.0144042969,-0.2441406250,-0.2748091519, 0.7175572515, -3.2061069012
1603410067,1.0622558594,0.0383300781,-0.2373046875,-0.9465649128, 2.8702290058, -0.7328244448
1603420067,1.0466308594,0.0231933594,-0.2282714844,-1.5419846773, 4.2748093605, 1.7862595320
1603430067,1.0480957031,0.0053710938,-0.2153320312,-1.6793893576, 5.8167939186, 0.8702290058
1603440067,1.0471191406,0.0119628906,-0.2009277344,-0.9160305262, 6.9770994186, -2.1526718140
1603450067,1.0385742188,0.0280761719,-0.1955566406,-0.8244274855, 8.1526718140, -1.4961831570
1603460067,1.0534667969,0.0231933594,-0.1772460938,-0.5190839767, 9.5572519302, -0.0763358772
1603470067,1.1040039062,0.0102539062,-0.1613769531,-0.8549618125, 9.5572519302, -1.1450381279
1603480215,1.1259765625,0.0095214844,-0.1706542969,-1.0839694738, 5.8931298256, -2.1068701744
1603490067,1.1210937500,0.0065917969,-0.1784667969,-0.9007633328, 0.4122137427, -2.1221373081
1603500067,1.1269531250,-0.0007324219,-0.2082519531,-0.4274809062, -4.4732823372, -1.4809160233
1603510067,1.1396484375,-0.0036621094,-0.2446289062,0.0763358772, -7.2671756744, -1.3587785959
1603520067,1.1569824219,0.0178222656,-0.2695312500,0.1221374050, -7.7862596512, -0.9007633328
1603530067,1.1501464844,-0.0034179688,-0.2983398438,0.5190839767, -6.7328243256, -0.8396946788
1603540067,1.1682128906,0.0061035156,-0.3076171875,0.5190839767, -4.4122138023, -3.5725190639
1603550067,1.1567382812,0.0249023438,-0.2973632812,0.3816793859, -1.0229008198, -1.1450381279
1603560067,1.1564941406,0.0085449219,-0.2934570312,0.1374045759, 0.3206106722, 0.7480915785
1603570067,1.1596679688,0.0156250000,-0.2780761719,-0.6412213445, 1.3435114622, 0.8549618125
1603580067,1.1845703125,0.0168457031,-0.2839355469,-1.1297709942, 2.3969466686, 2.8244273663
1603590067,1.1760253906,0.0009765625,-0.2714843750,-1.8931298256, 2.7328243256, 3.9389312267
1603600067,1.1665039062,0.0019531250,-0.2634277344,-2.5648853779, 2.3358778954, 4.1068701744
1603610067,1.1406250000,0.0024414062,-0.2426757812,-2.4122138023, 1.5114504099, 3.0534350872
1603620067,1.1171875000,0.0126953125,-0.2353515625,-2.4580152035, 0.2137404531, 1.6641221046
1603630067,1.1135253906,0.0187988281,-0.2343750000,-2.6870229244, -1.1755725145, 0.5038167834
1603640067,1.1181640625,0.0217285156,-0.2365722656,-3.2977099419, -2.0152671337, 0.0152671756
1603650067,1.1491699219,0.0114746094,-0.2575683594,-3.0534350872, -2.1679389477, 0.2290076315
1603660067,1.1765136719,-0.0007324219,-0.2624511719,-3.0839693546, -1.9541984797, -1.0687023401
1603670067,1.1960449219,-0.0075683594,-0.2770996094,-2.9923663139, -1.9389313459, -3.1145038605
1603680067,1.2243652344,-0.0024414062,-0.2966308594,-3.5572519302, -2.0763359070, -3.3893129826
1603690067,1.2287597656,-0.0065917969,-0.3005371094,-3.7099237442, -3.9541983604, -4.1068701744
1603700067,1.2124023438,0.0017089844,-0.3032226562,-4.0458016396, -5.3587784767, -5.8931298256
1603710067,1.1860351562,0.0024414062,-0.3032226562,-4.5343513489, -4.6412215233, -9.0992364883
1603720067,1.1762695312,-0.0026855469,-0.2753906250,-5.5114502907, -1.2213740349, -11.8473281860
1603730067,1.1772460938,0.0046386719,-0.2687988281,-6.5190839767, 2.8091602325, -12.6259546280
1603740067,1.1984863281,-0.0156250000,-0.2592773438,-6.3358778954, 5.9083967209, -12.9770994186
1603750067,1.2160644531,-0.0300292969,-0.2353515625,-6.1679387093, 6.0763359070, -12.5801525116
1603760067,1.2089843750,-0.0383300781,-0.2277832031,-5.8931298256, 3.7251908779, -11.1450386047
1603770067,1.1857910156,-0.0419921875,-0.2290039062,-4.7480916977, 0.1984732896, -8.7633590698
1603780067,1.1635742188,-0.0109863281,-0.2294921875,-2.5343511105, -2.6412212849, -4.1984734535
1603790067,1.1589355469,0.0236816406,-0.2392578125,0.0763358772, -3.8931298256, 0.2442748100
1603800067,1.1474609375,0.0524902344,-0.2397460938,2.2290077209, -4.0152673721, 5.1145038605
1603810067,1.1213378906,0.0566406250,-0.2443847656,4.6564884186, -4.0152673721, 7.5572519302
1603820067,1.0869140625,0.0371093750,-0.2456054688,6.2290077209, -3.9236640930, 8.4427480698
1603830067,1.0917968750,0.0341796875,-0.2368164062,6.9007635117, -2.1068701744, 7.5572519302
1603840067,1.1074218750,0.0256347656,-0.2238769531,7.4503817558, -0.8091602921, 6.5801525116
1603850067,1.1086425781,0.0126953125,-0.2207031250,7.0687022209, -0.9007633328, 4.9770994186
1603860067,1.1079101562,0.0009765625,-0.2170410156,6.5190839767, -1.2671755552, 2.9465649128
1603870067,1.1083984375,0.0039062500,-0.2375488281,5.5877861977, -1.7557251453, 2.4885497093
1603880067,1.0925292969,0.0029296875,-0.2395019531,4.6564884186, -1.7251908779, 3.6946563721
1603890067,1.1125488281,0.0051269531,-0.2492675781,3.3435113430, 0.7328244448, 3.8931298256
1603900067,1.0910644531,-0.0053710938,-0.2502441406,2.1374046803, 3.4198472500, 5.0839695930
1603910067,1.0791015625,-0.0217285156,-0.2536621094,1.3587785959, 6.1984734535, 5.7404580116
1603920067,1.0483398438,-0.0114746094,-0.2084960938,-0.1221374050, 8.6412210464, 3.3282442093
1603930067,1.0351562500,0.0073242188,-0.1767578125,-1.7862595320, 10.4580154419, 1.3129770756
1603940067,1.0329589844,0.0104980469,-0.1711425781,-3.6641221046, 10.3664121628, 1.0687023401
1603950067,1.0158691406,0.0024414062,-0.1660156250,-4.3206105232, 8.0610685349, 0.6870229244
1603960067,1.0156250000,0.0063476562,-0.1638183594,-4.1832060814, 3.5114502907, 0.9618320465
1603970067,1.0373535156,-0.0039062500,-0.1635742188,-3.0839693546, -1.7404580116, 1.8015266657
1603980067,1.0642089844,-0.0036621094,-0.1750488281,-2.7480916977, -6.3511452675, 2.2748091221
1603990067,1.1113281250,-0.0021972656,-0.2116699219,-2.5954198837, -8.4274806976, 1.5572519302
1604000067,1.1403808594,-0.0007324219,-0.2458496094,-2.9923663139, -8.2137403488, 1.8931298256
1604010067,1.1689453125,-0.0017089844,-0.2790527344,-3.9389312267, -6.2595419884, 1.9083969593
1604020067,1.1855468750,0.0012207031,-0.2873535156,-4.1832060814, -3.8931298256, 2.4122138023
1604030067,1.1901855469,-0.0029296875,-0.2966308594,-4.8396945000, -3.0381679535, 3.3435113430
1604040067,1.1906738281,-0.0092773438,-0.3010253906,-4.7328243256, -3.2213740349, 3.0687022209
1604050067,1.1772460938,-0.0100097656,-0.3146972656,-4.8396945000, -4.1984734535, 2.7786259651
1604060067,1.1691894531,-0.0024414062,-0.3032226562,-4.4122138023, -5.0839695930, 2.8549618721
1604070067,1.1704101562,-0.0051269531,-0.2941894531,-3.9847328663, -5.4656486511, 3.0534350872
1604080067,1.1745605469,0.0043945312,-0.3081054688,-3.3893129826, -4.9618320465, 3.5114502907
1604090067,1.1662597656,0.0070800781,-0.3039550781,-2.5496182442, -3.9236640930, 4.1984734535
1604100067,1.1577148438,0.0095214844,-0.3083496094,-1.5877863169, -2.6564886570, 3.9236640930
1604110067,1.1582031250,0.0043945312,-0.3007812500,-1.0229008198, -1.6030534506, 2.8702290058
1604120067,1.1516113281,0.0056152344,-0.3022460938,-0.6412213445, -1.0076335669, 1.5114504099
1604130067,1.1560058594,-0.0012207031,-0.2980957031,0.0763358772, -1.2061069012, 0.9465649128
1604140067,1.1569824219,-0.0087890625,-0.3046875000,0.0458015278, -1.1603053808, -0.2748091519
1604150067,1.1486816406,-0.0097656250,-0.2927246094,-0.5648854971, -1.0534350872, -1.4351145029
1604160067,1.1169433594,-0.0310058594,-0.3078613281,-0.6106870174, -1.0381679535, -5.1908397675
1604170067,1.1528320312,-0.0151367188,-0.3144531250,-1.6946564913, 0.4885496199, -8.0763359070
1604180067,1.1943359375,-0.0146484375,-0.3376464844,-2.0610687733, 2.8244273663, -7.0381679535
1604190067,1.1994628906,-0.0283203125,-0.3369140625,-2.6717557907, 3.4503817558, -6.4427480698
1604200067,1.1789550781,-0.0417480469,-0.3339843750,-3.5725190639, 3.2671756744, -6.5343513489
1604210067,1.1899414062,-0.0290527344,-0.3188476562,-4.4732823372, 4.5343513489, -5.8167939186
1604220067,1.1823730469,-0.0388183594,-0.2810058594,-5.5419845581, 6.9618320465, -6.2290077209
1604230067,1.1752929688,-0.0588378906,-0.2519531250,-6.1984734535, 8.5343513489, -9.7099237442
1604240067,1.1333007812,-0.0380859375,-0.2229003906,-6.5496182442, 7.8320612907, -11.8167934418
1604250067,1.1237792969,-0.0292968750,-0.2014160156,-6.5190839767, 6.7328243256, -10.2595415115
1604260067,1.1364746094,-0.0178222656,-0.2070312500,-6.1679387093, 4.9465646744, -9.0076332092
1604270067,1.1506347656,-0.0070800781,-0.1997070312,-5.7099237442, 2.5648853779, -8.5343513489
1604280067,1.1450195312,-0.0097656250,-0.2124023438,-5.4656486511, -0.1374045759, -7.6335878372
1604290067,1.1386718750,-0.0075683594,-0.2141113281,-4.6259541512, -2.2290077209, -7.8931298256
1604300067,1.1418457031,0.0014648438,-0.2216796875,-4.1221375465, -2.9618320465, -6.6564884186
1604310067,1.1335449219,0.0048828125,-0.2399902344,-3.8015267849, -2.2595419884, -5.3129773140
1604320067,1.1333007812,-0.0068359375,-0.2473144531,-2.9618320465, -1.4045801163, -5.1145038605
1604330067,1.1350097656,-0.0043945312,-0.2597656250,-2.4122138023, -0.9618320465, -4.6717557907
1604340067,1.1386718750,-0.0065917969,-0.2614746094,-1.8473281860, -0.0763358772, -4.9770994186
1604350067,1.1389160156,0.0051269531,-0.2565917969,-1.3282443285, 0.7633587718, -3.7862596512
1604360067,1.1354980469,-0.0026855469,-0.2656250000,-1.0381679535, 2.0916030407, -2.4274809361
1604370067,1.1315917969,-0.0004882812,-0.2604980469,-1.0381679535, 4.3206105232, -0.7938931584
1604380067,1.1345214844,0.0058593750,-0.2707519531,-0.6870229244, 6.5954198837, 0.4732824564
1604390067,1.1191406250,0.0009765625,-0.2543945312,-0.6870229244, 9.3282442093, 1.5877863169
1604400067,1.1086425781,0.0065917969,-0.2482910156,-0.5496183038, 11.8320608139, 1.8931298256
1604410067,1.0793457031,0.0207519531,-0.2248535156,-0.4122137427, 13.3129768372, 3.0076336861
1604420067,1.0490722656,0.0270996094,-0.1989746094,-0.5190839767, 14.2595415115, 3.8320610523
1604430067,1.0314941406,0.0075683594,-0.1853027344,-1.0992366076, 13.8167934418, 2.5190839767
1604440067,1.0493164062,-0.0014648438,-0.1643066406,-0.9770992398, 13.4809160233, 0.8702290058
1604450067,1.0537109375,0.0144042969,-0.1394042969,-0.9923664331, 9.4656486511, 0.9312977195
1604460067,1.0632324219,-0.0063476562,-0.1442871094,-1.6335878372, 2.6717557907, 2.2900762558
1604470067,1.0729980469,-0.0141601562,-0.1611328125,-1.5572519302, -4.8702292442, 1.0534350872
1604480227,1.1076660156,-0.0129394531,-0.2028808594,-1.7099236250, -10.9923667908, -0.3511450291
1604490067,1.1289062500,0.0109863281,-0.2463378906,-2.4122138023, -14.6564884186, -0.1221374050
1604500067,1.1584472656,0.0117187500,-0.2922363281,-3.0534350872, -14.6717557907, 0.8091602921
1604510067,1.1718750000,0.0056152344,-0.3195800781,-3.0687022209, -12.0763359070, 0.3664122224
1604520067,1.1850585938,0.0173339844,-0.3312988281,-4.2137403488, -8.2748088837, 0.4122137427
1604530067,1.1923828125,0.0083007812,-0.3332519531,-4.7633585930, -5.0229005814, 1.5877863169
1604540067,1.1801757812,0.0004882812,-0.3276367188,-5.2366414070, -2.9312977791, 1.6183205843
1604550067,1.1625976562,-0.0021972656,-0.3225097656,-5.5419845581, -2.5801527500, 1.8320610523
1604560067,1.1621093750,-0.0043945312,-0.3049316406,-5.6488547325, -2.6106870174, 2.6412212849
1604570067,1.1584472656,-0.0031738281,-0.3022460938,-5.5572519302, -2.6259541512, 2.3664121628
1604580067,1.1677246094,-0.0090332031,-0.2895507812,-5.0687022209, -2.7175571918, 2.7175571918
1604590067,1.1552734375,-0.0061035156,-0.2946777344,-4.4274806976, -2.9465649128, 3.2824428082
1604600067,1.1762695312,-0.0092773438,-0.2829589844,-4.2290077209, -1.8320610523, 3.2366411686
1604610067,1.1791992188,-0.0075683594,-0.2849121094,-3.6183207035, -0.9160305262, 3.9694657326
1604620067,1.1635742188,-0.0070800781,-0.2753906250,-3.4809160233, -0.7938931584, 4.4274806976
1604630067,1.1508789062,-0.0104980469,-0.2751464844,-3.1908397675, -0.4732824564, 3.9541983604
1604640067,1.1337890625,-0.0075683594,-0.2785644531,-3.5572519302, -0.7938931584, 4.5801525116
1604650067,1.1130371094,-0.0048828125,-0.2753906250,-3.1908397675, -0.9160305262, 4.4122138023
1604660067,1.1157226562,-0.0017089844,-0.2753906250,-3.6030533314, -0.3206106722, 3.8931298256
1604670067,1.1127929688,-0.0014648438,-0.2814941406,-4.0000000000, 0.4580152631, 3.2519083023
1604680067,1.1206054688,-0.0134277344,-0.2810058594,-4.4122138023, 1.0229008198, 1.9083969593
1604690067,1.1237792969,-0.0222167969,-0.2763671875,-5.4809160233, 1.0076335669, -0.0610687025
1604700067,1.1423339844,-0.0227050781,-0.2722167969,-6.1679387093, 0.1832061112, -1.3587785959
1604710067,1.1606445312,-0.0122070312,-0.2731933594,-6.7175574303, -0.5190839767, -2.2748091221
1604720067,1.1906738281,-0.0170898438,-0.2983398438,-6.5496182442, -0.8549618125, -3.1450381279
1604730067,1.1826171875,-0.0122070312,-0.3081054688,-6.5954198837, -0.8396946788, -3.5419847965
1604740067,1.1845703125,-0.0124511719,-0.3078613281,-6.1832060814, -0.9618320465, -2.9770991802
1604750067,1.1811523438,-0.0178222656,-0.3085937500,-5.7862596512, -0.3969465792, -2.0000000000
1604760067,1.1669921875,-0.0117187500,-0.3046875000,-5.0992364883, 1.1450381279, -2.5648853779
1604770067,1.1340332031,-0.0168457031,-0.2917480469,-4.4732823372, 1.6488549709, -2.9160306454
1604780067,1.1333007812,0.0051269531,-0.2792968750,-4.4580154419, 2.8854961395, -3.3740458488
1604790067,1.1335449219,-0.0029296875,-0.2800292969,-3.8931298256, 3.8931298256, -1.5877863169
1604800067,1.1403808594,-0.0183105469,-0.2565917969,-3.2977099419, 4.4580154419, -0.4885496199
1604810067,1.1208496094,-0.0268554688,-0.2551269531,-2.3816792965, 3.4351146221, -0.2900763452
1604820067,1.1179199219,-0.0344238281,-0.2429199219,-1.2824426889, 2.0763359070, -0.7022900581
1604830067,1.1274414062,-0.0314941406,-0.2387695312,-0.4122137427, 1.6183205843, -0.7022900581
1604840067,1.1379394531,-0.0322265625,-0.2312011719,0.3206106722, 0.3664122224, -1.6335878372
1604850067,1.1315917969,-0.0319824219,-0.2380371094,1.2061069012, -1.9541984797, -4.6870226860
1604860067,1.1186523438,-0.0195312500,-0.2416992188,1.9541984797, -4.2900762558, -5.9541983604
1604870067,1.1359863281,-0.0158691406,-0.2661132812,2.0000000000, -4.7633585930, -6.2137403488
1604880067,1.1613769531,-0.0051269531,-0.2868652344,1.7404580116, -3.5419847965, -5.1908397675
1604890067,1.1557617188,-0.0039062500,-0.3015136719,1.3435114622, -2.1984732151, -3.4045801163
1604900067,1.1484375000,-0.0163574219,-0.2934570312,0.6564885378, -0.9770992398, -3.3740458488
1604910067,1.1328125000,-0.0063476562,-0.2746582031,0.5801526904, -0.8396946788, -3.7862596512
1604920067,1.1145019531,-0.0192871094,-0.2912597656,-0.0610687025, -1.4809160233, -4.3358778954
1604930067,1.1301269531,-0.0180664062,-0.2800292969,-0.5648854971, -1.8473281860, -5.2366414070
1604940067,1.1398925781,-0.0146484375,-0.2766113281,-1.0076335669, -3.0992367268, -5.1145038605
1604950067,1.1374511719,-0.0227050781,-0.2729492188,-1.9389313459, -4.1526718140, -5.6335878372
1604960067,1.1352539062,-0.0161132812,-0.2661132812,-2.1526718140, -4.4427480698, -6.8702292442
1604970067,1.1496582031,0.0046386719,-0.2739257812,-1.9694656134, -3.0534350872, -7.2671756744
1604980067,1.1435546875,0.0087890625,-0.2683105469,-1.7862595320, -2.8702290058, -6.9618320465
1604990067,1.1406250000,0.0087890625,-0.2570800781,-1.6335878372, -2.8244273663, -7.5572519302
1605000067,1.1403808594,-0.0058593750,-0.2541503906,-1.2519084215, -4.1068701744, -9.0381679535
1605010067,1.1450195312,-0.0061035156,-0.2514648438,-0.9160305262, -6.4885497093, -9.6793889999
1605020067,1.1311035156,0.0014648438,-0.2556152344,-0.9312977195, -9.4656486511, -9.2977094650
1605030067,1.1274414062,-0.0041503906,-0.2585449219,-1.2671755552, -11.1450386047, -8.4732828140
1605040067,1.1218261719,0.0070800781,-0.3002929688,-1.6793893576, -11.3129768372, -6.7480916977
1605050067,1.1315917969,0.0141601562,-0.2998046875,-1.8167939186, -9.3129768372, -6.0916032791
1605060067,1.1579589844,0.0344238281,-0.3144531250,-1.8015266657, -5.7862596512, -3.5419847965
1605070067,1.1547851562,0.0273437500,-0.2973632812,-1.2977099419, -2.7633588314, -1.7404580116
1605080067,1.1398925781,0.0124511719,-0.3024902344,-0.0916030556, -1.8625954390, -2.0000000000
1605090067,1.1477050781,0.0102539062,-0.2897949219,0.6717557311, -2.9465649128, -3.1755726337
1605100067,1.1435546875,0.0031738281,-0.2827148438,0.9312977195, -5.7099237442, -4.2900762558
1605110067,1.1247558594,-0.0134277344,-0.2778320312,0.7022900581, -9.0229005814, -4.9160304070
1605120067,1.1279296875,-0.0200195312,-0.2949218750,0.4732824564, -11.2977094650, -6.0000000000
1605130067,1.1416015625,-0.0041503906,-0.3161621094,0.1526717544, -10.5038166046, -5.6641221046
