time,xacc,yacc,zacc,xgyro,ygyro,zgyro
529830067,1.1252441406,0.1174316406,-0.2724609375,-1.5267175436, 0.7022900581, -1.2061069012
529840067,1.1313476562,0.1220703125,-0.2636718750,-1.5267175436, 0.4274809062, -1.1908396482
529850067,1.1318359375,0.1259765625,-0.2678222656,-1.7557251453, 0.4122137427, -1.4656488895
529860067,1.1315917969,0.1276855469,-0.2766113281,-1.7709923983, 0.6259542108, -1.6183205843
529870067,1.1347656250,0.1250000000,-0.2609863281,-1.4198473692, 0.7786259651, -1.7557251453
529880067,1.1328125000,0.1279296875,-0.2758789062,-1.5725190639, 0.9770992398, -1.7251908779
529890067,1.1315917969,0.1193847656,-0.2775878906,-1.4809160233, 0.9007633328, -2.0152671337
529900067,1.1269531250,0.1164550781,-0.2680664062,-1.5572519302, 0.7938931584, -2.3816792965
529910067,1.1257324219,0.1147460938,-0.2770996094,-1.7251908779, 0.7938931584, -2.5038168430
529920067,1.1269531250,0.1191406250,-0.2714843750,-1.5267175436, 0.8244274855, -2.3969466686
529930067,1.1328125000,0.1235351562,-0.2617187500,-1.4809160233, 0.9007633328, -2.3053436279
529940067,1.1254882812,0.1181640625,-0.2736816406,-1.5419846773, 1.0076335669, -1.9389313459
529950067,1.1223144531,0.1228027344,-0.2775878906,-1.4503816366, 1.0229008198, -1.6946564913
529960067,1.1257324219,0.1191406250,-0.2714843750,-1.4656488895, 0.6259542108, -1.6946564913
529970067,1.1235351562,0.1235351562,-0.2770996094,-1.5877863169, 0.2900763452, -1.7099236250
529980067,1.1342773438,0.1254882812,-0.2685546875,-1.4198473692, -0.0916030556, -1.7099236250
529990067,1.1289062500,0.1191406250,-0.2695312500,-1.4809160233, -0.1374045759, -1.4656488895
530000067,1.1303710938,0.1210937500,-0.2648925781,-1.4198473692, 0.0916030556, -1.2824426889
530010067,1.1435546875,0.1257324219,-0.2631835938,-1.5419846773, 0.3969465792, -1.3282443285
530020067,1.1259765625,0.1210937500,-0.2700195312,-1.7709923983, 0.4580152631, -1.7099236250
530030067,1.1345214844,0.1281738281,-0.2675781250,-1.7099236250, 0.5496183038, -2.3358778954
530040067,1.1296386719,0.1230468750,-0.2656250000,-1.5267175436, 0.6870229244, -3.1755726337
530050067,1.1242675781,0.1286621094,-0.2709960938,-1.8015266657, 0.7938931584, -3.4045801163
530060067,1.1298828125,0.1259765625,-0.2675781250,-1.6335878372, 0.7786259651, -2.9770991802
530070067,1.1335449219,0.1291503906,-0.2717285156,-1.7099236250, 0.9618320465, -2.0305342674
530080067,1.1328125000,0.1291503906,-0.2927246094,-1.4045801163, 1.3587785959, -1.4809160233
530090067,1.1267089844,0.1325683594,-0.2871093750,-1.2519084215, 2.2595419884, -1.7251908779
530100067,1.1184082031,0.1225585938,-0.2963867188,-1.5114504099, 3.5419847965, -1.9236640930
530110067,1.1166992188,0.1196289062,-0.2863769531,-1.8473281860, 4.1984734535, -2.2595419884
530120067,1.1179199219,0.1210937500,-0.2849121094,-1.6030534506, 4.4885497093, -2.0305342674
530130067,1.1166992188,0.1218261719,-0.2670898438,-1.4809160233, 3.7862596512, -1.8015266657
530140067,1.1293945312,0.1250000000,-0.2702636719,-1.3740458488, 2.8854961395, -1.7709923983
530150067,1.1220703125,0.1201171875,-0.2568359375,-1.6030534506, 1.7557251453, -1.7709923983
530160067,1.1298828125,0.1174316406,-0.2575683594,-1.9541984797, 0.8396946788, -2.0610687733
530170067,1.1274414062,0.1230468750,-0.2561035156,-1.8320610523, 0.0610687025, -2.6106870174
530180067,1.1311035156,0.1220703125,-0.2626953125,-1.6030534506, -0.0458015278, -2.9160306454
530190067,1.1416015625,0.1289062500,-0.2695312500,-1.5114504099, 0.0610687025, -3.0381679535
530200067,1.1347656250,0.1232910156,-0.2609863281,-1.3587785959, 0.3816793859, -3.0229008198
530210067,1.1315917969,0.1210937500,-0.2724609375,-0.9312977195, 0.2290076315, -2.9160306454
530220067,1.1406250000,0.1201171875,-0.2641601562,-1.0229008198, 0.0763358772, -2.7022900581
530230067,1.1325683594,0.1281738281,-0.2687988281,-0.8091602921, -0.1832061112, -2.2290077209
530240067,1.1250000000,0.1237792969,-0.2790527344,-0.9465649128, -0.3969465792, -2.0916030407
530250067,1.1230468750,0.1267089844,-0.2822265625,-1.4961831570, -0.1374045759, -1.5419846773
530260067,1.1230468750,0.1333007812,-0.2846679688,-1.4961831570, -0.1526717544, -1.7099236250
530270067,1.1184082031,0.1237792969,-0.2812500000,-1.9847328663, 0.1679389328, -1.6335878372
530280067,1.1164550781,0.1264648438,-0.2763671875,-2.1068701744, 0.5496183038, -1.6946564913
530290067,1.1157226562,0.1281738281,-0.2807617188,-2.0610687733, 1.1297709942, -1.6183205843
530300067,1.1179199219,0.1184082031,-0.2807617188,-1.8931298256, 1.2977099419, -1.8931298256
530310067,1.1215820312,0.1193847656,-0.2685546875,-2.0152671337, 1.1755725145, -1.8778625727
530320067,1.1198730469,0.1225585938,-0.2653808594,-1.8625954390, 0.7175572515, -1.8320610523
530330067,1.1291503906,0.1228027344,-0.2634277344,-1.6946564913, 0.0305343512, -1.8778625727
530340067,1.1293945312,0.1225585938,-0.2697753906,-1.4045801163, -0.2290076315, -2.0305342674
530350067,1.1235351562,0.1259765625,-0.2751464844,-1.3129770756, 0.0458015278, -2.0610687733
530360067,1.1313476562,0.1232910156,-0.2832031250,-1.5114504099, 0.1374045759, -1.9541984797
530370067,1.1215820312,0.1289062500,-0.2863769531,-1.5877863169, 0.2900763452, -1.5572519302
530380067,1.1254882812,0.1232910156,-0.2790527344,-1.7709923983, 0.1221374050, -1.4656488895
530390067,1.1262207031,0.1262207031,-0.2758789062,-1.6946564913, 0.0610687025, -1.4503816366
530400067,1.1313476562,0.1230468750,-0.2644042969,-1.4198473692, -0.1374045759, -1.4198473692
530410067,1.1279296875,0.1259765625,-0.2680664062,-1.5419846773, -0.7633587718, -1.4045801163
530420067,1.1357421875,0.1242675781,-0.2661132812,-1.4656488895, -0.8854961991, -1.3587785959
530430067,1.1289062500,0.1191406250,-0.2685546875,-1.4503816366, -1.1603053808, -1.6946564913
530440067,1.1259765625,0.1303710938,-0.2695312500,-1.5725190639, -1.4809160233, -2.2137403488
530450067,1.1289062500,0.1269531250,-0.2687988281,-1.6030534506, -1.2671755552, -2.2900762558
530460067,1.1257324219,0.1276855469,-0.2766113281,-1.5267175436, -0.5801526904, -2.1068701744
530470067,1.1328125000,0.1284179688,-0.2768554688,-1.4045801163, -0.0763358772, -1.8473281860
530480239,1.1245117188,0.1318359375,-0.2868652344,-1.2061069012, 0.2442748100, -1.9389313459
530490067,1.1271972656,0.1308593750,-0.2897949219,-1.1297709942, 0.5648854971, -2.0305342674
530500067,1.1181640625,0.1264648438,-0.2915039062,-1.2671755552, 0.4274809062, -1.7709923983
530510067,1.1279296875,0.1289062500,-0.2883300781,-1.5572519302, 0.7328244448, -1.4503816366
530520067,1.1201171875,0.1274414062,-0.2849121094,-1.9541984797, 0.5190839767, -1.4045801163
530530067,1.1291503906,0.1223144531,-0.2827148438,-2.0763359070, 0.0152671756, -1.5877863169
530540289,1.1318359375,0.1247558594,-0.2644042969,-2.2442748547, -0.9770992398, -1.6946564913
530550067,1.1228027344,0.1298828125,-0.2734375000,-1.9541984797, -0.9465649128, -1.9083969593
530560067,1.1293945312,0.1262207031,-0.2778320312,-1.8015266657, -1.2366411686, -2.0305342674
530570067,1.1335449219,0.1289062500,-0.2707519531,-1.5572519302, -0.9312977195, -2.5496182442
530580067,1.1279296875,0.1298828125,-0.2834472656,-1.5419846773, -0.5343511701, -2.9465649128
530590109,1.1206054688,0.1293945312,-0.2780761719,-1.1450381279, -0.2290076315, -2.6870229244
530600067,1.1240234375,0.1333007812,-0.2873535156,-1.0229008198, 0.1068702266, -2.2137403488
530610067,1.1191406250,0.1325683594,-0.2790527344,-0.9312977195, 0.5343511701, -1.9083969593
530620067,1.1166992188,0.1325683594,-0.2827148438,-0.9160305262, 0.6717557311, -2.0916030407
530630067,1.1176757812,0.1213378906,-0.2692871094,-1.2977099419, 0.9465649128, -2.1221373081
530640067,1.1198730469,0.1203613281,-0.2871093750,-1.5877863169, 0.9160305262, -2.2748091221
530650067,1.1152343750,0.1240234375,-0.2719726562,-1.6335878372, 0.3816793859, -2.0000000000
530660067,1.1235351562,0.1318359375,-0.2773437500,-1.5877863169, -0.0916030556, -1.7099236250
530670067,1.1186523438,0.1220703125,-0.2829589844,-1.6183205843, -0.1832061112, -1.6946564913
530680067,1.1162109375,0.1191406250,-0.2839355469,-1.3282443285, -0.9618320465, -1.9083969593
530690067,1.1145019531,0.1267089844,-0.2844238281,-1.1297709942, -1.6641221046, -1.7557251453
530700067,1.1267089844,0.1259765625,-0.2875976562,-1.3435114622, -1.5419846773, -1.4809160233
530710067,1.1206054688,0.1306152344,-0.2880859375,-1.4198473692, -1.2977099419, -0.9465649128
530720067,1.1342773438,0.1311035156,-0.2941894531,-1.4503816366, -0.8549618125, -0.7786259651
530730067,1.1259765625,0.1247558594,-0.2951660156,-1.9236640930, -0.6106870174, -1.1603053808
530740067,1.1350097656,0.1176757812,-0.2900390625,-2.0000000000, -1.0687023401, -1.9541984797
530750067,1.1440429688,0.1206054688,-0.2824707031,-1.9847328663, -1.6183205843, -3.1145038605
530760067,1.1430664062,0.1308593750,-0.2800292969,-1.8625954390, -2.2748091221, -3.8625953197
530770067,1.1391601562,0.1289062500,-0.2761230469,-1.8625954390, -2.7175571918, -3.9847328663
530780067,1.1337890625,0.1340332031,-0.2919921875,-1.5267175436, -3.5114502907, -3.6030533314
530790067,1.1301269531,0.1303710938,-0.2944335938,-1.0534350872, -3.4656488895, -2.8549618721
530800067,1.1291503906,0.1318359375,-0.3120117188,-1.0687023401, -2.4274809361, -2.7022900581
530810067,1.1289062500,0.1398925781,-0.3154296875,-0.9923664331, -0.4122137427, -2.3664121628
530820067,1.1242675781,0.1340332031,-0.3041992188,-0.7786259651, 0.9007633328, -2.0610687733
530830067,1.1188964844,0.1315917969,-0.3068847656,-0.6259542108, 1.4045801163, -2.0458016396
530840067,1.1240234375,0.1276855469,-0.2868652344,-0.5496183038, 0.4580152631, -2.4732823372
530850067,1.1145019531,0.1262207031,-0.2751464844,-0.4732824564, -0.9160305262, -2.9618320465
530860067,1.1296386719,0.1381835938,-0.2888183594,-0.4732824564, -1.9083969593, -3.2366411686
530870067,1.1347656250,0.1276855469,-0.2839355469,-0.7633587718, -2.2900762558, -3.6183207035
530880067,1.1308593750,0.1320800781,-0.2780761719,-1.0687023401, -1.9083969593, -3.7862596512
530890067,1.1250000000,0.1384277344,-0.2814941406,-1.1450381279, -1.5877863169, -4.2442746162
530900067,1.1259765625,0.1315917969,-0.2739257812,-1.2061069012, -1.8167939186, -4.9923663139
530910067,1.1308593750,0.1391601562,-0.2851562500,-1.0992366076, -1.7099236250, -5.6030535698
530920067,1.1235351562,0.1340332031,-0.2890625000,-1.2213740349, -1.5572519302, -5.7404580116
530930081,1.1242675781,0.1347656250,-0.2895507812,-1.1755725145, -1.0534350872, -5.3587784767
530940067,1.1198730469,0.1384277344,-0.3098144531,-1.2213740349, -0.4580152631, -4.2137403488
530950067,1.1145019531,0.1320800781,-0.3132324219,-1.4809160233, 0.4732824564, -3.2061069012
530960067,1.1164550781,0.1279296875,-0.3149414062,-1.6183205843, 1.2519084215, -2.2748091221
530970067,1.1164550781,0.1279296875,-0.3129882812,-1.9083969593, 1.6030534506, -2.0610687733
530980067,1.1096191406,0.1301269531,-0.3085937500,-2.0305342674, 1.6335878372, -1.8473281860
530990067,1.1103515625,0.1276855469,-0.3046875000,-1.8473281860, 1.5267175436, -2.5496182442
531000067,1.1110839844,0.1223144531,-0.2888183594,-1.8015266657, 1.2061069012, -2.9465649128
531010067,1.1127929688,0.1188964844,-0.2875976562,-1.8167939186, 0.2748091519, -3.1908397675
531020067,1.1125488281,0.1140136719,-0.2751464844,-1.6488549709, -0.5343511701, -3.6488549709
531030067,1.1215820312,0.1142578125,-0.2741699219,-1.6793893576, -1.6641221046, -3.3435113430
531040067,1.1455078125,0.1296386719,-0.2375488281,-2.6412212849, -4.9923663139, -3.9236640930
531050067,1.2219238281,0.1357421875,-0.2253417969,-2.8549618721, -10.3969469070, -6.4732823372
531060067,1.3151855469,0.1860351562,-0.2346191406,-2.8549618721, -13.9694652557, -5.5114502907
531070067,1.4035644531,0.2312011719,-0.2365722656,-2.6717557907, -13.2061071396, -0.5954198241
531080067,1.3686523438,0.2197265625,-0.2749023438,-3.4656488895, -5.2213740349, 3.5419847965
531090067,1.2507324219,0.1791992188,-0.3271484375,-4.4732823372, 10.7786254883, 3.3587787151
531100067,1.0541992188,0.1352539062,-0.3254394531,-5.9236640930, 26.7633590698, -7.4503817558
531110067,0.8266601562,0.1215820312,-0.2944335938,-7.8167939186, 31.5572509766, -23.7862586975
531120067,0.6477050781,0.1223144531,-0.2502441406,-7.6183204651, 20.9465656281, -32.0152664185
531130067,0.6772460938,0.1115722656,-0.2612304688,-5.6946563721, 6.8702292442, -27.6030540466
531140067,0.8225097656,0.1157226562,-0.3234863281,-3.6946563721, -2.9160306454, -16.1068706512
531150067,1.0048828125,0.1311035156,-0.3610839844,-3.1145038605, -5.4198474884, -2.9618320465
531160067,1.1572265625,0.1123046875,-0.3686523438,-2.7175571918, -4.0763359070, 6.3206105232
531170067,1.2861328125,0.0944824219,-0.4052734375,-1.7251908779, 2.3511450291, 7.8931298256
531180067,1.3032226562,0.1252441406,-0.3737792969,-1.2519084215, 5.3740458488, 9.1450386047
531190067,1.2294921875,0.1494140625,-0.3156738281,-1.3129770756, 0.5954198241, 11.0839691162
531200067,1.1835937500,0.1352539062,-0.3146972656,-0.6717557311, -1.6946564913, 8.9618320465
531210067,1.1232910156,0.1364746094,-0.3308105469,-0.2442748100, 1.2519084215, 6.9465646744
531220067,1.0874023438,0.1345214844,-0.3112792969,-0.1374045759, 7.0534353256, 1.4045801163
531230067,1.0629882812,0.1318359375,-0.2790527344,-0.4274809062, 8.5648851395, -4.8854961395
531240067,1.0854492188,0.1408691406,-0.2512207031,-0.8549618125, 5.1603055000, -10.4732828140
531250067,1.1376953125,0.1552734375,-0.2482910156,-1.0076335669, -0.9618320465, -11.5114507675
531260067,1.1867675781,0.1716308594,-0.2839355469,-0.6717557311, -2.8549618721, -9.8931293488
531270067,1.1674804688,0.1950683594,-0.2785644531,-0.6259542108, -0.9160305262, -5.5419845581
531280067,1.1269531250,0.1760253906,-0.2678222656,-0.2137404531, 1.8778625727, -4.3969464302
531290067,1.0981445312,0.1657714844,-0.2517089844,0.7022900581, 2.5954198837, -4.9007635117
531300067,1.0952148438,0.1560058594,-0.2297363281,1.7557251453, 1.1755725145, -4.7938933372
531310067,1.1257324219,0.1401367188,-0.2211914062,2.1984732151, -2.2442748547, -4.3816795349
531320067,1.1577148438,0.1416015625,-0.2167968750,3.0992367268, -6.8396945000, -3.4045801163
531330067,1.1853027344,0.1420898438,-0.2446289062,2.9618320465, -11.4809160233, -2.1679389477
531340067,1.2214355469,0.1359863281,-0.2841796875,1.0076335669, -16.0610694885, -4.1526718140
531350067,1.2592773438,0.1240234375,-0.3261718750,-1.2366411686, -19.9694652557, -7.0534353256
531360067,1.2880859375,0.1560058594,-0.3691406250,-1.9083969593, -18.2137413025, -5.2061066628
531370067,1.2626953125,0.2050781250,-0.3806152344,-2.1832060814, -10.5496187210, 1.6183205843
531380067,1.1545410156,0.1799316406,-0.3715820312,-3.4503817558, 1.6030534506, 2.2748091221
531390067,1.0317382812,0.1469726562,-0.3662109375,-4.7175574303, 12.8702287674, -1.7862595320
531400067,0.9282226562,0.1308593750,-0.2902832031,-5.4961833954, 16.7175579071, -4.3358778954
531410067,0.9003906250,0.1103515625,-0.2502441406,-5.4961833954, 14.6259546280, -6.1526718140
531420067,0.9055175781,0.1120605469,-0.2553710938,-4.9618320465, 11.6793889999, -4.3969464302
531430067,0.9431152344,0.1184082031,-0.2648925781,-3.8931298256, 10.6412210464, 1.3587785959
531440067,1.0031738281,0.1083984375,-0.3007812500,-3.0534350872, 11.6488552094, 4.4427480698
531450067,1.0568847656,0.1115722656,-0.3005371094,-2.9312977791, 11.8473281860, 5.0992364883
531460067,1.0888671875,0.1279296875,-0.3203125000,-2.8244273663, 9.8778629303, 6.0000000000
531470067,1.0927734375,0.1425781250,-0.2929687500,-2.9312977791, 5.0229005814, 7.4198474884
531480219,1.1376953125,0.1347656250,-0.3120117188,-1.8778625727, 1.1145038605, 6.3816795349
531490067,1.1711425781,0.1479492188,-0.3247070312,-1.6946564913, -0.0916030556, 4.2748093605
531500067,1.1774902344,0.1547851562,-0.3210449219,-1.4198473692, -1.9236640930, 3.2213740349
531510067,1.1801757812,0.1518554688,-0.3273925781,-0.8244274855, -3.2366411686, 1.4503816366
531520067,1.1660156250,0.1391601562,-0.3332519531,-0.5496183038, -2.0916030407, 0.1068702266
531530067,1.1494140625,0.1411132812,-0.3354492188,-0.5954198241, 1.6488549709, -1.1297709942
531540067,1.1472167969,0.1374511719,-0.3269042969,-0.5496183038, 7.1908397675, -1.8931298256
531550067,1.1389160156,0.1437988281,-0.3115234375,-1.2213740349, 11.0076332092, -2.4580152035
531560067,1.1372070312,0.1479492188,-0.2697753906,-1.2213740349, 9.7709922791, -3.7404580116
531570067,1.1406250000,0.1496582031,-0.2663574219,-0.8549618125, 5.9236640930, -7.1145038605
531580067,1.1303710938,0.1716308594,-0.2404785156,-0.1526717544, 1.6488549709, -9.9694652557
531590067,1.1286621094,0.1826171875,-0.2258300781,0.6412213445, -2.5954198837, -11.0687026978
531600067,1.1354980469,0.1923828125,-0.2143554688,1.7709923983, -5.8320612907, -11.0534353256
531610067,1.1433105469,0.2014160156,-0.2238769531,2.1526718140, -7.6641221046, -9.6488552094
531620067,1.1511230469,0.1958007812,-0.2258300781,2.4274809361, -8.0458011627, -7.7251906395
531630067,1.1594238281,0.1765136719,-0.2312011719,2.2748091221, -7.6946563721, -4.7938933372
531640067,1.1538085938,0.1645507812,-0.2509765625,1.2366411686, -9.7709922791, -2.6106870174
531650067,1.1767578125,0.1450195312,-0.2744140625,-0.2137404531, -13.5725193024, -2.4732823372
531660067,1.2109375000,0.1398925781,-0.3117675781,-1.7251908779, -16.0000000000, -4.1832060814
531670067,1.2404785156,0.1579589844,-0.3664550781,-2.5038168430, -16.7480907440, -2.6259541512
531680067,1.2436523438,0.1760253906,-0.3940429688,-2.3358778954, -14.7786254883, 1.3435114622
531690067,1.2138671875,0.1779785156,-0.3886718750,-2.7328243256, -10.3664121628, 2.2290077209
531700067,1.1689453125,0.1618652344,-0.3608398438,-3.4961831570, -0.5954198241, -0.2595419884
531710067,1.0773925781,0.1547851562,-0.3317871094,-5.0534353256, 9.5267171860, -2.6717557907
531720067,1.0009765625,0.1525878906,-0.2893066406,-6.2137403488, 14.8549613953, -2.8854961395
531730067,0.9536132812,0.1328125000,-0.2863769531,-6.4732823372, 16.6870231628, -3.4198472500
531740067,0.8933105469,0.1147460938,-0.2985839844,-6.2290077209, 19.4198474884, -3.7099237442
531750067,0.8620605469,0.1118164062,-0.3242187500,-5.2824425697, 22.9770984650, 0.3206106722
531760067,0.8964843750,0.0834960938,-0.3020019531,-4.5648856163, 23.1908397675, 3.0229008198
531770114,0.9794921875,0.0751953125,-0.2978515625,-3.8320610523, 18.4732818604, 3.4198472500
531780067,1.0612792969,0.0964355469,-0.2990722656,-2.8244273663, 11.5877866745, 5.1145038605
531790067,1.1303710938,0.1203613281,-0.2985839844,-2.3358778954, 4.5801525116, 6.9770994186
531800067,1.1738281250,0.1301269531,-0.2917480469,-2.2137403488, -1.8167939186, 7.2977099419
531810067,1.2204589844,0.1289062500,-0.3005371094,-1.5725190639, -4.1984734535, 4.9618320465
531820067,1.2092285156,0.1503906250,-0.2968750000,-1.2366411686, -4.1984734535, 4.3969464302
531830067,1.1862792969,0.1516113281,-0.3149414062,-0.8549618125, -1.3282443285, 3.2061069012
531840067,1.1494140625,0.1496582031,-0.3139648438,-0.5190839767, 2.9312977791, 2.1068701744
531850067,1.1008300781,0.1340332031,-0.3061523438,0.0305343512, 6.1679387093, 0.3053435087
531860067,1.1013183594,0.1240234375,-0.2805175781,0.0000000000, 7.2519083023, -2.9618320465
531870067,1.1215820312,0.1350097656,-0.2912597656,-0.2442748100, 6.9312977791, -6.7938933372
531880067,1.1367187500,0.1518554688,-0.2863769531,-0.3358778656, 5.9236640930, -8.9770994186
531890067,1.1467285156,0.1564941406,-0.2668457031,0.0000000000, 2.6412212849, -10.3358774185
531900067,1.1567382812,0.1652832031,-0.2473144531,0.4274809062, -1.6030534506, -11.8320608139
531910067,1.1699218750,0.1757812500,-0.2380371094,1.1145038605, -6.1832060814, -11.7709922791
531920067,1.1843261719,0.1950683594,-0.2277832031,1.9236640930, -8.2748088837, -8.6259546280
531930067,1.1608886719,0.1892089844,-0.2290039062,2.1832060814, -8.9923667908, -4.9007635117
531940067,1.1567382812,0.1745605469,-0.2216796875,1.9541984797, -9.5725193024, -2.3664121628
531950067,1.1574707031,0.1794433594,-0.2399902344,1.5725190639, -11.3129768372, -1.4045801163
531960067,1.1665039062,0.1716308594,-0.2729492188,0.8854961991, -14.1374044418, -0.8396946788
531970067,1.2009277344,0.1711425781,-0.3117675781,-0.1526717544, -14.9160308838, -0.5343511701
531980067,1.2065429688,0.1701660156,-0.3566894531,-1.2061069012, -14.5496187210, -0.7328244448
531990067,1.2092285156,0.1704101562,-0.3776855469,-1.8320610523, -12.9618320465, -1.0076335669
532000067,1.1921386719,0.1809082031,-0.3635253906,-3.2061069012, -11.4503812790, -2.2900762558
532010067,1.1777343750,0.1953125000,-0.3552246094,-4.0763359070, -7.1755723953, -3.2061069012
532020067,1.1462402344,0.1870117188,-0.3527832031,-4.5038166046, 2.7175571918, -0.5496183038
532030067,1.0837402344,0.1560058594,-0.3178710938,-5.5877861977, 11.4198474884, -0.6412213445
532040067,1.0085449219,0.1342773438,-0.2709960938,-6.7938933372, 13.4961833954, -3.0687022209
532050067,0.9733886719,0.1291503906,-0.2893066406,-6.6717557907, 15.2213745117, -3.6183207035
532060067,0.9340820312,0.1342773438,-0.3251953125,-5.9694657326, 20.0000000000, 1.0687023401
532070067,0.8984375000,0.0993652344,-0.3171386719,-4.3969464302, 22.5801525116, 4.3511452675
532080067,0.9067382812,0.0688476562,-0.3000488281,-3.5419847965, 21.0839691162, 2.7938930988
532090067,0.9633789062,0.0773925781,-0.3002929688,-3.0229008198, 16.3511447906, 1.1908396482
532100067,1.0371093750,0.0979003906,-0.3000488281,-2.0305342674, 10.4122133255, 2.6259541512
532110067,1.1000976562,0.1184082031,-0.2846679688,-1.8167939186, 3.9694657326, 5.1755723953
532120067,1.1647949219,0.1286621094,-0.2844238281,-1.4045801163, -1.4503816366, 5.8015265465
532130067,1.2050781250,0.1418457031,-0.3020019531,-0.7328244448, -2.4732823372, 4.5801525116
532140067,1.2092285156,0.1503906250,-0.3076171875,-0.7328244448, -2.0000000000, 4.1526718140
532150067,1.1972656250,0.1569824219,-0.3073730469,-0.3206106722, -0.8091602921, 3.4045801163
532160067,1.1760253906,0.1457519531,-0.3115234375,0.3969465792, 1.0076335669, 3.5572519302
532170067,1.1496582031,0.1379394531,-0.3083496094,1.1145038605, 2.5496182442, 1.9694656134
532180067,1.1313476562,0.1374511719,-0.3041992188,0.6259542108, 3.9236640930, -1.3129770756
532190067,1.1420898438,0.1391601562,-0.3063964844,0.4122137427, 5.0381679535, -6.0000000000
532200067,1.1372070312,0.1381835938,-0.2951660156,-0.0610687025, 3.8473281860, -9.1603050232
532210067,1.1386718750,0.1455078125,-0.2651367188,-0.1832061112, 1.5114504099, -11.2366409302
532220067,1.1398925781,0.1557617188,-0.2368164062,-0.2137404531, -2.2748091221, -12.2137403488
532230067,1.1560058594,0.1662597656,-0.2238769531,0.3206106722, -5.4198474884, -12.3206110001
532240067,1.1601562500,0.1857910156,-0.2250976562,1.0076335669, -7.6488547325, -10.2748088837
532250067,1.1589355469,0.1948242188,-0.2189941406,1.2977099419, -8.8244276047, -5.7862596512
532260067,1.1547851562,0.1787109375,-0.2246093750,1.3587785959, -10.8091602325, -1.9847328663
532270067,1.1582031250,0.1647949219,-0.2583007812,0.2595419884, -12.1221370697, -0.6717557311
532280067,1.1745605469,0.1682128906,-0.2937011719,-0.6717557311, -13.8931293488, 0.9923664331
532290067,1.1860351562,0.1645507812,-0.3046875000,-1.2519084215, -15.1450386047, 3.3129770756
532300067,1.1789550781,0.1582031250,-0.3222656250,-1.7709923983, -15.5572519302, 4.9465646744
532310067,1.1923828125,0.1518554688,-0.3376464844,-2.3816792965, -15.3282442093, 3.1450381279
532320067,1.2158203125,0.1621093750,-0.3488769531,-2.8702290058, -14.2137403488, 0.0152671756
532330067,1.2070312500,0.1745605469,-0.3608398438,-3.7709922791, -9.8167934418, -2.4122138023
532340067,1.1784667969,0.1765136719,-0.3491210938,-4.4732823372, -1.2824426889, -2.0305342674
532350067,1.1267089844,0.1589355469,-0.3312988281,-5.2824425697, 8.3358774185, -1.9694656134
532360067,1.0554199219,0.1574707031,-0.3110351562,-6.5801525116, 14.6564884186, -4.4274806976
532370072,0.9890136719,0.1457519531,-0.2907714844,-7.8473281860, 16.0763359070, -6.0610685349
532380067,0.9472656250,0.1201171875,-0.3254394531,-7.1755723953, 17.1145038605, -6.1832060814
532390067,0.9206542969,0.1018066406,-0.3315429688,-6.3053436279, 17.8931293488, -5.2366414070
532400067,0.9184570312,0.0959472656,-0.3205566406,-5.1603055000, 16.5954189301, -3.3740458488
532410067,0.9548339844,0.1005859375,-0.3308105469,-3.8167939186, 13.5114507675, -0.5343511701
532420067,1.0161132812,0.1030273438,-0.3271484375,-2.6870229244, 9.8167934418, 3.1755726337
532430067,1.0725097656,0.1157226562,-0.3100585938,-2.1526718140, 5.3740458488, 5.6335878372
532440067,1.1281738281,0.1052246094,-0.3098144531,-1.9541984797, 0.3969465792, 5.7404580116
532450067,1.1721191406,0.1376953125,-0.3012695312,-2.3206107616, -2.6412212849, 5.5725193024
532460067,1.2082519531,0.1352539062,-0.3059082031,-2.2137403488, -4.2290077209, 5.7251906395
532470067,1.1977539062,0.1384277344,-0.3159179688,-1.9694656134, -2.5190839767, 4.9923663139
532480219,1.1645507812,0.1330566406,-0.3112792969,-1.4809160233, 0.8854961991, 3.2824428082
532490067,1.1347656250,0.1474609375,-0.3071289062,-0.3511450291, 3.7557251453, 2.1679389477
532500067,1.1162109375,0.1555175781,-0.2905273438,0.7328244448, 4.8702292442, -0.0305343512
532510067,1.1232910156,0.1586914062,-0.2827148438,1.6488549709, 3.8473281860, -4.0458016396
532520067,1.1093750000,0.1547851562,-0.2944335938,1.7404580116, 2.4580152035, -8.3816795349
532530067,1.1228027344,0.1684570312,-0.3049316406,1.2519084215, 1.7404580116, -10.4732828140
532540067,1.1164550781,0.1799316406,-0.3054199219,0.8549618125, 1.0839694738, -9.6183204651
532550067,1.1198730469,0.1835937500,-0.2905273438,0.4122137427, -0.9618320465, -7.2824425697
532560067,1.1237792969,0.1860351562,-0.2692871094,0.9160305262, -3.6030533314, -4.8244276047
532570067,1.1376953125,0.1801757812,-0.2709960938,0.9007633328, -5.9541983604, -2.8091602325
532580067,1.1413574219,0.1699218750,-0.2744140625,0.6717557311, -7.3129773140, -1.8015266657
532590067,1.1508789062,0.1708984375,-0.2717285156,0.1068702266, -8.3969469070, -1.6488549709
532600067,1.1567382812,0.1672363281,-0.2856445312,-0.6717557311, -8.5038166046, -1.1603053808
532610067,1.1677246094,0.1640625000,-0.2792968750,-0.7175572515, -9.1145038605, 0.8396946788
532620067,1.1796875000,0.1599121094,-0.2919921875,-0.5954198241, -10.7328243256, 1.2824426889
532630067,1.1826171875,0.1469726562,-0.2941894531,-0.7022900581, -12.2137403488, 0.0610687025
532640067,1.1757812500,0.1484375000,-0.3171386719,-0.7022900581, -12.0152673721, -1.9236640930
532650067,1.1647949219,0.1469726562,-0.3369140625,-1.1450381279, -9.0229005814, -3.1908397675
532660067,1.1669921875,0.1481933594,-0.3454589844,-1.4961831570, -3.3740458488, -3.4809160233
532670067,1.1516113281,0.1467285156,-0.3198242188,-2.3969466686, 2.1221373081, -3.9389312267
532680067,1.1606445312,0.1464843750,-0.2770996094,-3.5725190639, 4.3053436279, -4.2137403488
532690067,1.1857910156,0.1491699219,-0.2736816406,-4.9160304070, 4.7786259651, -6.8854961395
532700067,1.1901855469,0.1755371094,-0.3088378906,-6.1068701744, 9.1755723953, -7.8625955582
532710067,1.1306152344,0.1997070312,-0.3457031250,-7.1755723953, 18.5190830231, -2.3358778954
532720067,1.0222167969,0.1640625000,-0.3740234375,-6.4122138023, 28.2748088837, 2.0610687733
532730067,0.9213867188,0.0966796875,-0.3798828125,-5.8778624535, 33.8931312561, -0.9618320465
532740067,0.8637695312,0.0791015625,-0.3374023438,-5.9694657326, 30.6564884186, -6.3664121628
532750067,0.8808593750,0.0817871094,-0.3061523438,-4.7175574303, 23.0229015350, -5.7404580116
532760067,0.9306640625,0.0905761719,-0.2961425781,-3.6335878372, 15.8625955582, -0.7175572515
532770067,1.0051269531,0.1008300781,-0.2778320312,-2.1984732151, 9.9389314651, 3.8778626919
532780067,1.0585937500,0.1098632812,-0.2526855469,-1.2671755552, 3.4198472500, 6.3358778954
532790067,1.1320800781,0.1169433594,-0.2480468750,-0.1526717544, -2.6259541512, 5.7709922791
532800067,1.1828613281,0.1372070312,-0.2587890625,0.0305343512, -5.3893127441, 5.4809160233
532810067,1.2150878906,0.1564941406,-0.3007812500,0.4580152631, -5.0534353256, 5.3893127441
532820067,1.2299804688,0.1567382812,-0.3210449219,0.4122137427, -2.2900762558, 5.5419845581
532830067,1.1965332031,0.1540527344,-0.3251953125,0.2595419884, 0.0916030556, 4.8702292442
532840067,1.1647949219,0.1467285156,-0.3129882812,-0.3358778656, 1.4503816366, 2.8244273663
532850067,1.1391601562,0.1486816406,-0.3132324219,-0.5496183038, 2.0000000000, 1.3282443285
532860067,1.1267089844,0.1499023438,-0.2890625000,-0.7938931584, 1.8625954390, -0.1374045759
532870067,1.1318359375,0.1484375000,-0.3120117188,-0.6259542108, 2.1984732151, -3.5114502907
532880067,1.1254882812,0.1494140625,-0.2873535156,-0.8549618125, 2.4732823372, -6.9160304070
532890067,1.1137695312,0.1611328125,-0.2602539062,-1.3587785959, 0.1221374050, -8.9160308838
532900067,1.1267089844,0.1604003906,-0.2312011719,-0.8091602921, -3.0687022209, -10.0152673721
532910067,1.1428222656,0.1667480469,-0.2326660156,0.1832061112, -5.9694657326, -8.6106872559
532920067,1.1577148438,0.1682128906,-0.2194824219,1.1297709942, -8.2748088837, -5.7862596512
532930067,1.1621093750,0.1596679688,-0.2336425781,1.5572519302, -10.1374044418, -3.4198472500
532940067,1.1713867188,0.1440429688,-0.2631835938,1.2061069012, -12.0610685349, -2.3053436279
532950067,1.1921386719,0.1384277344,-0.2900390625,-0.3511450291, -13.5877866745, -1.7862595320
532960067,1.2277832031,0.1364746094,-0.3051757812,-1.6030534506, -13.1908397675, -2.0763359070
532970067,1.2382812500,0.1533203125,-0.3122558594,-3.1145038605, -12.6870231628, -1.8167939186
532980067,1.2128906250,0.1674804688,-0.3183593750,-3.9083969593, -10.8702287674, -2.0763359070
532990067,1.1928710938,0.1694335938,-0.3337402344,-4.7328243256, -5.0076336861, -3.8625953197
533000067,1.1574707031,0.1721191406,-0.3383789062,-5.2824425697, 3.2671756744, -5.5877861977
533010067,1.1252441406,0.1804199219,-0.3352050781,-5.1908397675, 10.5190839767, -5.9847326279
533020067,1.0974121094,0.1989746094,-0.3312988281,-4.5648856163, 14.9160308838, -3.3435113430
533030067,1.0778808594,0.2045898438,-0.3515625000,-4.5038166046, 17.9694652557, 2.3664121628
533040067,1.0134277344,0.1677246094,-0.3723144531,-3.3282442093, 20.9160308838, 5.8778624535
533050067,0.9645996094,0.1457519531,-0.3786621094,-3.7099237442, 25.1908397675, 6.3969464302
533060067,0.9184570312,0.1223144531,-0.3461914062,-3.9541983604, 28.0458011627, 4.8396945000
533070067,0.9213867188,0.1130371094,-0.3081054688,-4.2442746162, 26.5496177673, 0.0458015278
533080067,0.9545898438,0.1081542969,-0.2641601562,-3.8473281860, 21.2671756744, -3.1603052616
533090067,0.9904785156,0.1010742188,-0.2224121094,-3.4198472500, 14.4580154419, -3.9541983604
533100067,1.0437011719,0.0969238281,-0.2072753906,-2.4580152035, 8.0916032791, -3.5114502907
533110067,1.0952148438,0.1027832031,-0.1955566406,-1.4198473692, 2.3816792965, -2.4122138023
533120067,1.1394042969,0.1225585938,-0.2106933594,-0.6412213445, -2.3969466686, -0.2290076315
533130067,1.1730957031,0.1469726562,-0.2346191406,-0.2137404531, -5.9389314651, 2.7175571918
533140067,1.1979980469,0.1511230469,-0.2858886719,-0.0458015278, -6.5954198837, 3.5877861977
533150067,1.2058105469,0.1516113281,-0.3164062500,-0.4580152631, -4.2748093605, 3.2366411686
533160067,1.1906738281,0.1547851562,-0.3144531250,-0.7938931584, -1.9694656134, 2.0763359070
533170067,1.1623535156,0.1364746094,-0.3100585938,-0.6106870174, -0.9770992398, 0.1679389328
533180067,1.1464843750,0.1398925781,-0.3198242188,-0.3969465792, -0.3969465792, -1.9389313459
533190067,1.1228027344,0.1389160156,-0.3093261719,-0.2442748100, 0.4122137427, -3.0839693546
533200067,1.1281738281,0.1369628906,-0.2956542969,0.0458015278, 0.8549618125, -2.8244273663
533210067,1.1164550781,0.1437988281,-0.2875976562,0.0916030556, 0.5190839767, -2.6564886570
533220067,1.1247558594,0.1560058594,-0.2600097656,-0.2748091519, -0.9923664331, -1.7099236250
533230067,1.1501464844,0.1496582031,-0.2587890625,-0.1832061112, -2.5954198837, -1.5267175436
533240067,1.1589355469,0.1538085938,-0.2695312500,-0.3206106722, -2.3358778954, -1.2519084215
533250067,1.1596679688,0.1520996094,-0.2685546875,-0.7633587718, -2.1068701744, 0.0152671756
533260067,1.1552734375,0.1494140625,-0.2504882812,-1.1297709942, -2.7328243256, 0.6106870174
533270067,1.1577148438,0.1530761719,-0.2534179688,-1.2977099419, -3.8625953197, 0.9770992398
533280067,1.1557617188,0.1572265625,-0.2568359375,-1.3587785959, -5.3435115814, 0.3358778656
533290067,1.1574707031,0.1538085938,-0.2668457031,-1.3893129826, -6.4122138023, -1.1603053808
533300067,1.1516113281,0.1437988281,-0.2775878906,-1.0687023401, -7.8320612907, -2.5190839767
533310067,1.1389160156,0.1391601562,-0.2717285156,-1.1145038605, -9.5114507675, -3.1145038605
533320067,1.1315917969,0.1369628906,-0.2836914062,-0.8396946788, -11.3587789536, -3.3282442093
533330067,1.1269531250,0.1435546875,-0.3032226562,-0.7633587718, -12.4122133255, -1.9847328663
533340067,1.1286621094,0.1484375000,-0.3244628906,-1.1450381279, -11.1450386047, -0.6717557311
533350067,1.1247558594,0.1533203125,-0.3374023438,-1.3129770756, -9.5877866745, 0.4427480996
533360067,1.1025390625,0.1491699219,-0.3518066406,-1.9389313459, -7.2671756744, 1.1145038605
533370069,1.0922851562,0.1442871094,-0.3620605469,-2.1526718140, -4.2442746162, 0.6870229244
533380067,1.0812988281,0.1533203125,-0.3564453125,-2.1832060814, -2.1679389477, 0.7480915785
533390067,1.0864257812,0.1384277344,-0.3437500000,-2.2290077209, -1.5725190639, 0.3816793859
533400067,1.0966796875,0.1235351562,-0.3283691406,-2.2290077209, -3.1908397675, -1.0687023401
533410076,1.1437988281,0.1210937500,-0.2919921875,-2.9618320465, -6.3206105232, -3.7404580116
533420067,1.1801757812,0.1452636719,-0.2641601562,-3.5725190639, -10.4580154419, -4.7786259651
533430067,1.2067871094,0.1589355469,-0.2766113281,-3.9236640930, -13.0229005814, -2.9160306454
533440067,1.2182617188,0.1770019531,-0.2907714844,-3.8931298256, -10.3206110001, 0.9770992398
533450067,1.1865234375,0.1816406250,-0.3073730469,-3.6183207035, -1.7862595320, 4.9160304070
533460067,1.1191406250,0.1730957031,-0.3264160156,-3.2213740349, 8.1832065582, 6.5038166046
533470067,1.0361328125,0.1362304688,-0.3295898438,-3.3282442093, 14.9312973022, 3.5725190639
533480218,0.9750976562,0.1259765625,-0.3303222656,-3.3129770756, 18.9160308838, -1.7099236250
533490067,0.9548339844,0.1210937500,-0.3190917969,-3.2213740349, 20.0305347443, -5.1908397675
533500067,0.9472656250,0.1105957031,-0.3020019531,-2.7938930988, 18.3511447906, -6.3511452675
533510067,0.9665527344,0.1098632812,-0.2824707031,-2.4274809361, 13.9389314651, -5.9541983604
533520067,1.0068359375,0.1110839844,-0.2790527344,-1.6946564913, 9.3435115814, -5.4045801163
533530067,1.0517578125,0.1164550781,-0.2910156250,-1.6488549709, 5.7557253838, -3.9694657326
533540067,1.0988769531,0.1210937500,-0.2841796875,-1.3893129826, 3.9389312267, -2.9160306454
533550067,1.1350097656,0.1315917969,-0.2834472656,-1.1908396482, 2.7633588314, -0.7786259651
533560067,1.1604003906,0.1462402344,-0.2770996094,-0.7633587718, 0.9923664331, 2.0000000000
533570067,1.1845703125,0.1469726562,-0.2849121094,-0.5801526904, -0.1679389328, 3.2824428082
533580067,1.1958007812,0.1528320312,-0.2971191406,-0.3358778656, -1.2671755552, 3.7709922791
533590067,1.2023925781,0.1538085938,-0.3007812500,-0.2442748100, -2.2137403488, 3.5419847965
533600067,1.1926269531,0.1467285156,-0.3012695312,0.0000000000, -2.4427480698, 2.7175571918
533610067,1.1735839844,0.1523437500,-0.3139648438,-0.1984732896, -2.4427480698, 1.2213740349
533620067,1.1577148438,0.1452636719,-0.3139648438,-0.2748091519, -1.0229008198, 0.4427480996
533630067,1.1323242188,0.1477050781,-0.3085937500,-0.5648854971, 0.5801526904, -0.5038167834
533640118,1.1164550781,0.1557617188,-0.3088378906,-0.5190839767, 2.0916030407, -1.6183205843
533650067,1.0976562500,0.1484375000,-0.3078613281,-0.3816793859, 2.5038168430, -2.5648853779
533660067,1.0908203125,0.1403808594,-0.3000488281,-0.3969465792, 2.1221373081, -3.2519083023
533670067,1.0932617188,0.1406250000,-0.2995605469,-0.4580152631, 1.1908396482, -3.2366411686
533680067,1.1098632812,0.1474609375,-0.3085937500,-0.3969465792, 0.2290076315, -2.1984732151
533690067,1.1367187500,0.1496582031,-0.3066406250,-0.1984732896, -0.1526717544, -1.2671755552
533700067,1.1403808594,0.1494140625,-0.3041992188,-0.6870229244, 0.0610687025, -1.0381679535
533710067,1.1538085938,0.1396484375,-0.3005371094,-1.4656488895, 0.3053435087, -1.9083969593
533720067,1.1513671875,0.1369628906,-0.2924804688,-1.7862595320, 0.3816793859, -2.7328243256
533730067,1.1499023438,0.1381835938,-0.2897949219,-2.4122138023, 0.6412213445, -2.7633588314
533740067,1.1589355469,0.1462402344,-0.2866210938,-1.8931298256, 1.1755725145, -2.2137403488
533750067,1.1391601562,0.1481933594,-0.2890625000,-1.6030534506, 1.0687023401, -2.3816792965
533760067,1.1257324219,0.1491699219,-0.2880859375,-0.8702290058, 0.5801526904, -2.4274809361
533770067,1.1157226562,0.1418457031,-0.2822265625,-0.4732824564, -0.7786259651, -2.2290077209
533780067,1.1201171875,0.1376953125,-0.3120117188,-0.1374045759, 0.0000000000, -2.1984732151
533790067,1.1049804688,0.1413574219,-0.3173828125,-0.1679389328, 1.2061069012, -1.4351145029
533800067,1.1015625000,0.1315917969,-0.3198242188,-0.2748091519, 2.8091602325, -0.4732824564
533810067,1.0915527344,0.1271972656,-0.3205566406,-0.6106870174, 3.3587787151, -0.0763358772
533820067,1.0925292969,0.1257324219,-0.3149414062,-1.4045801163, 3.4045801163, -0.0458015278
