xacc,yacc,zacc,xgyro,ygyro,zgyro
1.042969,0.024902,-0.050293,-1.839695,-0.519084,-4.267176
1.04126,0.028564,-0.042236,-1.992366,-0.625954,-4.656488
1.043945,0.028809,-0.046875,-2.083969,-0.732824,-4.282443
1.044434,0.032227,-0.065186,-1.931298,-0.099237,-4.10687
1.04126,0.030029,-0.048096,-1.862595,0.267176,-4.366412
1.043701,0.030029,-0.049561,-1.885496,0.29771,-4.290076
1.036133,0.025391,-0.052002,-1.847328,0.022901,-4.206107
1.037598,0.025146,-0.047852,-2.152672,0.267176,-4.412214
1.0354,0.017822,-0.047852,-2.290076,0.89313,-4.358778
1.035889,0.019531,-0.047852,-2.068702,0.885496,-4.122138
1.038086,0.026855,-0.038818,-2.10687,0.755725,-4.022901
1.037598,0.021973,-0.04541,-1.908397,0.290076,-4.114504
1.042725,0.037109,-0.045898,-1.938931,-0.274809,-4.236641
1.046387,0.039062,-0.042236,-1.923664,-0.320611,-4.167939
1.049316,0.033691,-0.048584,-1.847328,-0.19084,-4.129771
1.042236,0.031738,-0.043457,-1.847328,0.045802,-4.122138
1.045166,0.034912,-0.045898,-2.0,0.137405,-4.236641
1.037598,0.030273,-0.0354,-1.870229,-0.526718,-4.29771
1.044922,0.031738,-0.046631,-1.992366,-0.671756,-4.854962
1.033936,0.031982,-0.043457,-1.870229,-0.053435,-4.793893
1.039062,0.042725,-0.050537,-1.793893,0.748092,-4.984733
1.0271,0.039307,-0.038818,-1.778626,0.633588,-4.21374
1.030029,0.035156,-0.038818,-2.129771,-0.10687,-3.259542
1.048096,0.032715,-0.030762,-2.045802,-1.099237,-2.526718
1.051025,0.034668,-0.038086,-1.587786,-1.847328,-3.061069
1.050781,0.041016,-0.044922,-1.839695,-1.549618,-3.320611
1.054199,0.041504,-0.053467,-1.664122,-0.938931,-3.80916
1.047852,0.04248,-0.049072,-1.732824,-0.80916,-4.328244
1.056152,0.04126,-0.04248,-1.770992,-0.587786,-4.549618
1.056152,0.031738,-0.054688,-1.969466,-0.145038,-5.259542
1.043457,0.036621,-0.043457,-1.78626,0.045802,-5.183206
1.03418,0.033447,-0.029541,-1.259542,-1.091603,-4.977099
1.050537,0.035156,-0.037598,-1.51145,-2.030534,-5.763359
1.053467,0.030029,-0.052246,-1.755725,-0.923664,-5.580153
1.038086,0.033691,-0.053223,-1.80916,1.145038,-5.229008
1.019531,0.036621,-0.050537,-1.740458,2.122137,-4.221374
1.007568,0.041016,-0.043945,-1.763359,1.801527,-3.740458
1.013184,0.04248,-0.031982,-1.854962,0.755725,-3.145038
1.025635,0.039551,-0.027344,-1.717557,-0.931298,-3.435115
1.038818,0.036621,-0.034424,-1.832061,-1.717557,-3.549618
1.059814,0.032471,-0.046631,-1.656489,-1.480916,-3.961832
1.053955,0.036377,-0.053955,-1.648855,-1.290076,-4.160306
1.049072,0.042725,-0.05957,-1.564885,-0.793893,-4.656488
1.045898,0.037842,-0.04834,-1.717557,-0.099237,-4.725191
1.037598,0.044189,-0.041016,-1.862595,-0.381679,-4.587786
1.037354,0.039795,-0.043701,-1.778626,-0.427481,-4.244275
1.026367,0.043945,-0.055664,-1.793893,-0.282443,-3.641221
1.027588,0.045166,-0.042969,-1.961832,-0.053435,-2.916031
1.0271,0.044678,-0.052979,-1.854962,-0.114504,-2.442748
1.044678,0.040283,-0.050537,-1.854962,-0.389313,-2.580153
1.038574,0.040771,-0.048828,-2.083969,-0.374046,-2.557252
1.036865,0.038574,-0.033203,-2.259542,-0.396947,-2.656489
1.033691,0.034424,-0.040527,-2.167939,-0.854962,-2.465649
1.035889,0.038574,-0.047363,-2.137405,-0.717557,-2.343511
1.034668,0.040527,-0.053711,-2.19084,0.251908,-2.587786
1.026611,0.047363,-0.048096,-2.122137,-0.160305,-2.0
1.035645,0.047363,-0.03125,-2.129771,-1.442748,-1.709924
1.047363,0.049561,-0.031738,-1.78626,-2.244275,-2.175573
1.043701,0.044434,-0.058838,-1.908397,-1.244275,-3.198473
1.039307,0.043701,-0.056641,-2.328244,0.145038,-2.80916
1.033203,0.038574,-0.057373,-1.984733,0.908397,-2.198473
1.018555,0.036133,-0.055664,-2.40458,1.496183,-1.78626
1.020264,0.04541,-0.052246,-2.427481,1.832061,-0.832061
1.010254,0.041748,-0.041748,-2.51145,1.526718,-0.244275
1.020752,0.040771,-0.035889,-2.290076,0.381679,0.328244
1.04126,0.041016,-0.02417,-2.175573,-0.763359,-0.229008
1.052734,0.038574,-0.030762,-2.091603,-1.641221,-0.977099
1.062256,0.027588,-0.03833,-2.122137,-1.748092,-2.19084
1.070801,0.036621,-0.048096,-2.061069,-1.396947,-2.801527
1.054688,0.043457,-0.048584,-1.961832,-0.793893,-2.480916
1.045654,0.042236,-0.049805,-1.977099,-0.312977,-2.320611
1.037598,0.040283,-0.044434,-2.038168,-0.343511,-2.206107
1.032715,0.040527,-0.046143,-2.160305,-0.625954,-1.717557
1.033936,0.036133,-0.044434,-2.221374,-0.961832,-1.664122
1.037842,0.032959,-0.043213,-2.267176,-1.022901,-1.748092
1.045166,0.043945,-0.036621,-2.038168,-0.916031,-2.152672
1.041992,0.050049,-0.031006,-2.152672,-1.038168,-1.954198
1.05127,0.043457,-0.039307,-1.984733,-1.068702,-2.145038
1.046875,0.046387,-0.045654,-2.099237,-1.076336,-2.305344
1.040283,0.045166,-0.03418,-2.167939,-0.984733,-2.480916
1.043945,0.048584,-0.040283,-1.854962,-0.977099,-2.496183
1.043701,0.043457,-0.045166,-2.10687,-1.175573,-2.29771
1.037109,0.044189,-0.039795,-2.053435,-1.229008,-2.007634
1.041992,0.047852,-0.047119,-1.992366,-1.374046,-1.885496
1.037598,0.045166,-0.045654,-2.007634,-0.824427,-1.534351
1.035645,0.047363,-0.042969,-1.862595,-0.358779,-1.320611
1.042725,0.052734,-0.040771,-1.954198,-0.664122,-1.015267
1.03418,0.040039,-0.0354,-2.0,-1.335878,-1.541985
1.053955,0.039307,-0.028809,-1.748092,-2.282443,-1.938931
1.057861,0.050049,-0.042236,-1.70229,-3.152672,-2.312977
1.053955,0.059082,-0.045898,-1.778626,-3.167939,-2.305344
1.056396,0.04541,-0.05249,-1.931298,-2.061069,-2.40458
1.044678,0.042725,-0.051758,-1.908397,-0.862595,-1.954198
1.035889,0.033936,-0.047852,-1.862595,0.0,-1.221374
1.018066,0.035645,-0.048584,-2.458015,0.083969,-0.015267
1.030029,0.019775,-0.025879,-2.717557,-0.557252,0.343511
1.02124,0.025879,-0.025879,-2.160305,-1.465649,-0.038168
1.041992,0.039062,-0.030273,-1.763359,-2.587786,-1.10687
1.053711,0.036865,-0.053223,-1.969466,-2.328244,-2.251908
1.049316,0.039062,-0.072998,-1.916031,-1.053435,-3.145038
1.05127,0.038818,-0.059814,-1.977099,-0.221374,-3.152672
1.047119,0.036621,-0.043945,-1.977099,0.145038,-2.916031
1.036865,0.041748,-0.043945,-2.19084,0.015267,-2.587786
1.032715,0.036377,-0.040283,-2.450382,-0.78626,-2.137405
1.033936,0.0354,-0.049316,-2.236641,-1.030534,-1.59542
1.047119,0.040283,-0.044189,-2.030534,-1.0,-2.076336
1.043457,0.036865,-0.041504,-1.938931,-0.427481,-2.564885
1.036377,0.045654,-0.031738,-1.839695,-0.320611,-2.450382
1.035156,0.043945,-0.050781,-2.221374,-0.40458,-2.198473
1.032471,0.041992,-0.037842,-2.206107,-0.496183,-1.816794
1.040283,0.043213,-0.042969,-2.114504,-0.175573,-1.679389
1.03418,0.048584,-0.040771,-2.19084,-0.137405,-1.732824
1.032227,0.047852,-0.043945,-2.137405,-0.320611,-1.541985
1.040283,0.046875,-0.050537,-2.236641,-0.877863,-1.938931
1.051025,0.042969,-0.03125,-2.21374,-1.076336,-2.076336
1.049805,0.038818,-0.036865,-2.0,-1.465649,-2.458015
1.047852,0.036133,-0.040771,-1.992366,-1.320611,-2.900763
1.04126,0.038086,-0.056152,-1.992366,-0.625954,-2.381679
1.0354,0.039062,-0.047363,-2.236641,0.229008,-1.961832
1.023682,0.043213,-0.044434,-2.160305,0.21374,-1.633588
1.020264,0.038818,-0.041016,-2.045802,-0.183206,-1.496183
1.036621,0.045166,-0.036865,-2.206107,-0.877863,-1.519084
1.042725,0.037354,-0.035889,-2.10687,-1.175573,-1.557252
1.052734,0.033203,-0.039062,-2.374046,-0.977099,-1.580153
1.04126,0.041504,-0.05127,-2.198473,-0.465649,-1.694656
1.037354,0.040039,-0.045166,-2.259542,-0.396947,-1.664122
1.030029,0.037109,-0.032227,-2.206107,-1.274809,-1.770992
1.041992,0.042969,-0.042236,-2.167939,-1.267176,-2.351145
1.047852,0.038818,-0.047607,-2.122137,-0.908397,-2.618321
1.046875,0.043213,-0.044678,-2.022901,-0.656489,-2.587786
1.038086,0.037354,-0.04541,-2.236641,-0.251908,-2.282443
1.032471,0.03833,-0.046875,-2.160305,-0.358779,-2.236641
1.037109,0.032715,-0.034668,-2.221374,-0.381679,-2.381679
1.038574,0.038818,-0.03833,-1.992366,-0.549618,-2.312977
1.035645,0.041992,-0.050781,-2.083969,-0.396947,-1.854962
1.041992,0.044189,-0.044189,-2.236641,-0.59542,-1.580153
1.042725,0.037842,-0.04834,-2.198473,-0.526718,-1.549618
1.041992,0.040283,-0.035645,-2.083969,-0.931298,-1.641221
1.04541,0.037598,-0.043213,-2.114504,-0.923664,-2.267176
1.044189,0.037598,-0.038818,-2.015267,-0.801527,-2.442748
1.0354,0.040527,-0.047363,-2.053435,-0.679389,-2.610687
1.045654,0.048096,-0.039551,-2.198473,-0.877863,-2.580153
1.044434,0.043945,-0.043701,-2.236641,-1.114504,-2.21374
1.041016,0.047119,-0.044922,-2.259542,-0.740458,-1.870229
1.043457,0.049072,-0.044189,-2.122137,-0.694656,-1.320611
1.041016,0.039795,-0.043457,-2.19084,-0.534351,-1.328244
1.037842,0.047607,-0.044922,-2.175573,-0.618321,-1.664122
1.033936,0.037842,-0.047852,-2.038168,-0.549618,-2.183206
1.029785,0.046631,-0.039062,-2.137405,-0.419847,-2.129771
1.037354,0.043701,-0.050537,-2.251908,-0.549618,-2.091603
1.037842,0.043945,-0.040283,-2.122137,-0.854962,-2.183206
1.045898,0.044189,-0.047607,-2.290076,-0.778626,-2.175573
1.046631,0.038574,-0.049072,-2.122137,-0.725191,-1.671756
1.041504,0.039062,-0.043213,-2.274809,-0.664122,-1.496183
1.045898,0.039551,-0.049316,-2.175573,-0.725191,-1.412214
1.043213,0.040283,-0.035156,-2.076336,-0.503817,-1.740458
1.041992,0.040527,-0.04126,-2.068702,-0.587786,-1.862595
1.032959,0.044434,-0.045654,-2.19084,-0.458015,-1.839695
1.038086,0.033691,-0.041016,-2.083969,-0.320611,-1.687023
1.039307,0.037109,-0.037842,-2.091603,-0.564885,-1.496183
1.038574,0.043945,-0.035889,-2.10687,-0.961832,-1.648855
1.042969,0.034668,-0.045654,-2.221374,-1.396947,-1.732824
1.041748,0.041504,-0.048584,-1.992366,-0.969466,-1.801527
1.047363,0.038818,-0.040283,-2.160305,-0.618321,-1.526718
1.036133,0.041504,-0.039795,-2.122137,-0.229008,-1.778626
1.031738,0.034424,-0.044189,-2.198473,-0.244275,-1.641221
1.046875,0.03833,-0.0354,-2.160305,-1.007634,-1.717557
1.041992,0.035889,-0.043457,-2.236641,-1.480916,-2.007634
1.046143,0.04126,-0.049805,-2.259542,-0.496183,-2.305344
1.042236,0.034424,-0.05249,-1.992366,0.167939,-2.725191
1.030273,0.049805,-0.047607,-2.083969,-0.022901,-2.114504
1.037842,0.037109,-0.033447,-2.557252,-1.091603,-0.885496
1.049805,0.034668,-0.020508,-2.374046,-1.572519,-0.549618
1.041748,0.038574,-0.03125,-2.221374,-1.870229,-1.129771
1.044434,0.045166,-0.049072,-1.89313,-1.763359,-1.847328
1.048096,0.049805,-0.063232,-1.816794,-1.068702,-2.435115
1.048828,0.045898,-0.050537,-2.0,-0.389313,-2.534351
1.046875,0.040039,-0.045898,-2.038168,-0.351145,-2.564885
1.041748,0.035889,-0.048096,-2.022901,-0.396947,-2.549618
1.03418,0.034668,-0.04248,-2.167939,-0.564885,-2.465649
1.0354,0.030518,-0.039795,-2.259542,-0.80916,-2.458015
1.042236,0.036865,-0.038818,-2.282443,-0.572519,-2.656489
1.040283,0.044922,-0.032471,-1.877863,-0.305344,-2.938931
1.03418,0.043945,-0.041992,-2.122137,-0.183206,-2.412214
1.036377,0.036865,-0.037842,-2.221374,-0.801527,-1.80916
1.045654,0.03833,-0.04126,-2.160305,-0.793893,-1.427481
1.040039,0.041992,-0.036865,-1.984733,-1.091603,-1.374046
1.033447,0.044434,-0.043945,-2.076336,-0.89313,-2.0
1.045166,0.037842,-0.045654,-2.114504,-0.908397,-2.236641
1.037842,0.044189,-0.042725,-2.145038,-0.366412,-2.305344
1.041016,0.045166,-0.044189,-2.10687,-0.381679,-2.419847
1.033936,0.042725,-0.033936,-2.160305,-0.70229,-2.175573
1.034912,0.039307,-0.040771,-2.358779,-0.755725,-1.992366
1.037842,0.039307,-0.039307,-2.083969,-1.015267,-1.59542
1.046143,0.047363,-0.039551,-2.083969,-1.015267,-1.519084
1.042725,0.044678,-0.050781,-2.183206,-0.748092,-1.59542
1.035645,0.038086,-0.045898,-2.160305,-0.763359,-1.78626
1.044434,0.038086,-0.051514,-2.038168,-0.503817,-1.671756
1.040527,0.039307,-0.044189,-2.19084,-0.465649,-1.572519
1.043701,0.034912,-0.052002,-2.221374,-0.473282,-1.48855
1.037842,0.035156,-0.043701,-2.290076,-0.473282,-1.618321
1.043213,0.032959,-0.037842,-2.19084,-0.366412,-1.748092
1.034912,0.038818,-0.036865,-2.312977,-1.221374,-1.931298
1.047363,0.0354,-0.041504,-2.022901,-1.717557,-1.89313
1.049072,0.0354,-0.044922,-2.114504,-1.48855,-2.343511
1.044434,0.03833,-0.04834,-1.992366,-0.366412,-2.59542
1.037598,0.044189,-0.041504,-2.198473,-0.19084,-2.351145
1.031738,0.040039,-0.030518,-2.335878,-0.458015,-1.549618
1.033936,0.037842,-0.032227,-2.251908,-1.007634,-1.656489
1.049316,0.037842,-0.042236,-2.206107,-0.908397,-1.80916
1.036133,0.039062,-0.04541,-2.015267,-0.267176,-1.938931
1.034424,0.031982,-0.03833,-2.244275,-0.145038,-1.80916
1.033691,0.032227,-0.042725,-2.198473,-0.221374,-2.145038
1.044189,0.037354,-0.041504,-2.282443,-0.496183,-1.89313
1.042725,0.036133,-0.042236,-2.251908,-0.725191,-1.992366
1.041504,0.039795,-0.040527,-2.267176,-0.847328,-1.900763
1.040527,0.042725,-0.046143,-2.198473,-0.900763,-1.80916
1.042969,0.039551,-0.039795,-2.290076,-0.78626,-1.496183
1.032959,0.037354,-0.040039,-2.198473,-0.687023,-1.564885
1.040039,0.04126,-0.044678,-2.198473,-0.80916,-1.80916
1.040283,0.040771,-0.039307,-2.366412,-0.801527,-1.832061
1.040527,0.041992,-0.040039,-2.381679,-0.793893,-1.625954
1.047852,0.036865,-0.040039,-2.122137,-0.862595,-1.801527
1.04126,0.039307,-0.048096,-2.221374,-0.992366,-2.244275
1.040039,0.031982,-0.041504,-2.145038,-0.961832,-2.076336
1.045898,0.035156,-0.04834,-2.137405,-0.48855,-1.916031
1.0354,0.036133,-0.040771,-2.099237,-0.442748,-2.022901
1.034912,0.032715,-0.043701,-2.152672,-0.557252,-2.145038
1.03833,0.038818,-0.048828,-2.022901,-0.709924,-1.839695
1.03833,0.038818,-0.042725,-2.076336,-0.717557,-1.717557
1.044434,0.03833,-0.05249,-2.145038,-0.648855,-1.78626
1.0354,0.044922,-0.039551,-2.137405,-0.839695,-1.648855
1.045654,0.038818,-0.04248,-2.122137,-0.679389,-1.671756
1.040527,0.040283,-0.04541,-2.0,-0.671756,-2.099237
1.046387,0.038818,-0.041992,-2.152672,-0.80916,-2.083969
1.04126,0.040283,-0.044922,-2.221374,-0.70229,-1.984733
1.039795,0.037109,-0.03833,-2.007634,-0.778626,-1.885496
1.032959,0.038574,-0.04126,-2.091603,-0.687023,-1.664122
1.045166,0.041504,-0.042725,-2.038168,-0.923664,-1.938931
1.038574,0.0354,-0.04248,-2.076336,-0.641221,-1.549618
1.036621,0.033447,-0.038086,-2.236641,-0.778626,-1.694656
1.039795,0.038818,-0.039062,-2.183206,-0.725191,-1.48855
1.035645,0.034424,-0.043701,-2.229008,-0.282443,-1.572519
1.036865,0.039062,-0.04248,-2.198473,-0.320611,-1.977099
1.032227,0.037598,-0.045166,-2.175573,-0.48855,-1.839695
1.044189,0.038086,-0.043457,-2.305344,-0.694656,-1.900763
1.041504,0.039795,-0.040039,-2.175573,-0.633588,-1.51145
1.037598,0.042236,-0.047119,-2.175573,-0.572519,-1.587786
1.041016,0.044434,-0.04834,-2.328244,-0.40458,-1.473282
1.037598,0.041016,-0.0354,-2.167939,-0.694656,-1.671756
1.048096,0.039795,-0.028809,-2.007634,-1.366412,-2.10687
1.046387,0.0354,-0.040527,-2.068702,-1.351145,-2.343511
1.039551,0.035889,-0.043701,-2.053435,-0.51145,-2.480916
1.040039,0.041016,-0.051514,-1.938931,0.053435,-2.496183
1.036621,0.037354,-0.040771,-2.51145,-0.519084,-1.770992
1.03833,0.029541,-0.011719,-2.656489,-1.740458,-0.862595
1.048828,0.036865,-0.028076,-2.229008,-2.137405,-0.748092
1.049072,0.038086,-0.040039,-2.358779,-1.679389,-1.259542
1.052734,0.046631,-0.048096,-1.916031,-1.19084,-1.885496
1.050293,0.040283,-0.051025,-1.977099,-0.580153,-2.389313
1.047363,0.044189,-0.044434,-2.175573,-0.40458,-2.748092
1.047607,0.037598,-0.049316,-2.0,-0.587786,-2.496183
1.038818,0.033447,-0.047119,-2.198473,-0.854962,-2.40458
1.038818,0.028564,-0.042725,-2.122137,-0.717557,-2.343511
1.03418,0.027832,-0.042969,-2.030534,-0.473282,-2.389313
1.03125,0.033447,-0.042969,-1.916031,-0.633588,-2.824427
1.04248,0.032471,-0.040283,-2.076336,-0.267176,-3.045802
1.029541,0.044922,-0.040039,-2.061069,-0.328244,-2.396947
1.02417,0.044434,-0.039062,-2.19084,-0.572519,-1.603053
1.044678,0.046875,-0.038574,-2.160305,-0.854962,-1.458015
1.040039,0.040283,-0.039795,-2.167939,-0.992366,-1.244275
1.04834,0.039795,-0.045654,-2.045802,-1.259542,-1.862595
1.04834,0.040771,-0.047363,-2.038168,-1.038168,-1.885496
1.048096,0.041748,-0.049072,-2.160305,-0.793893,-2.19084
1.04248,0.0354,-0.032959,-1.969466,-0.694656,-2.290076
1.046143,0.039795,-0.039795,-2.167939,-0.832061,-2.412214
1.030029,0.038086,-0.043701,-2.083969,-0.847328,-2.21374
1.036865,0.034668,-0.04834,-2.099237,-0.763359,-2.076336
1.036377,0.032715,-0.04541,-2.137405,-0.564885,-1.801527
1.036621,0.035156,-0.048096,-2.343511,-0.687023,-1.519084
1.034668,0.031494,-0.038818,-2.244275,-0.89313,-1.274809
1.043213,0.032471,-0.039062,-2.236641,-1.007634,-1.625954
1.034912,0.034424,-0.047363,-2.076336,-0.70229,-1.557252
1.043213,0.03418,-0.051514,-2.145038,-0.534351,-1.557252
1.036133,0.032227,-0.042236,-2.114504,-0.389313,-1.923664
1.032471,0.036377,-0.04126,-2.290076,-0.603053,-1.931298
1.042236,0.039795,-0.033936,-2.244275,-0.854962,-1.862595
1.047119,0.027588,-0.031738,-2.29771,-1.496183,-1.885496
1.048096,0.0271,-0.041504,-2.221374,-1.389313,-2.267176
1.047119,0.038818,-0.046143,-1.877863,-0.725191,-2.145038
1.037598,0.042969,-0.04541,-2.167939,-0.641221,-2.10687
1.043213,0.032715,-0.040771,-2.129771,-0.824427,-1.664122
1.038086,0.031982,-0.04541,-2.129771,-0.916031,-1.931298
1.036133,0.035645,-0.044678,-2.091603,-0.755725,-1.916031
1.042236,0.0354,-0.046387,-2.091603,-0.21374,-2.022901
1.030029,0.036865,-0.048828,-2.137405,-0.137405,-1.870229
1.035889,0.039795,-0.049561,-2.19084,-0.465649,-1.80916
1.040039,0.030762,-0.039551,-2.244275,-0.633588,-1.969466
1.040771,0.032959,-0.023926,-2.236641,-0.938931,-2.076336
1.046143,0.039551,-0.043213,-2.229008,-1.015267,-2.114504
1.04126,0.033447,-0.04248,-2.038168,-1.160305,-1.801527
1.041992,0.034424,-0.042969,-2.251908,-0.816794,-1.78626
1.037109,0.04126,-0.045898,-2.175573,-0.641221,-1.633588
1.036865,0.043213,-0.043457,-2.10687,-0.503817,-1.603053
1.034668,0.041016,-0.041504,-2.19084,-0.885496,-1.770992
1.046143,0.035889,-0.041504,-2.236641,-1.068702,-1.824427
1.043457,0.0354,-0.033936,-2.236641,-1.053435,-1.908397
1.040771,0.033691,-0.046631,-2.152672,-0.854962,-1.740458
1.047852,0.034424,-0.044922,-2.29771,-0.80916,-2.015267
1.040283,0.036865,-0.041504,-2.145038,-0.625954,-2.152672
1.038818,0.031982,-0.039551,-2.061069,-0.381679,-1.969466
1.037354,0.03418,-0.036133,-2.076336,-0.824427,-1.900763
1.040283,0.036377,-0.039307,-2.10687,-0.732824,-2.0
1.040527,0.03418,-0.043945,-2.167939,-0.801527,-1.938931
1.041748,0.035889,-0.038818,-2.274809,-0.832061,-1.862595
1.04541,0.033447,-0.043457,-2.022901,-1.007634,-1.931298
1.042725,0.039062,-0.046143,-2.0,-1.091603,-1.900763
1.044189,0.036621,-0.042969,-2.145038,-0.916031,-2.129771
1.039307,0.033936,-0.040527,-2.122137,-0.709924,-2.015267
1.039307,0.040771,-0.042969,-2.061069,-0.427481,-2.091603
1.03833,0.039307,-0.043213,-2.167939,-0.656489,-1.938931
1.04126,0.034668,-0.045898,-2.083969,-0.954198,-1.816794
1.047363,0.041504,-0.044922,-2.137405,-1.038168,-1.908397
1.044922,0.033691,-0.038574,-2.229008,-0.770992,-1.984733
1.039795,0.043945,-0.037598,-2.114504,-0.740458,-1.923664
1.04126,0.036621,-0.036865,-2.160305,-0.725191,-1.885496
1.041504,0.03833,-0.039307,-2.10687,-0.931298,-1.740458
1.039062,0.036621,-0.044189,-2.19084,-0.709924,-2.045802
1.046631,0.038086,-0.040283,-2.099237,-1.129771,-2.328244
1.04126,0.038086,-0.04248,-2.015267,-0.78626,-1.931298
1.049316,0.0354,-0.044189,-2.129771,-0.969466,-1.961832
1.03833,0.035889,-0.045898,-2.167939,-0.847328,-1.89313
1.044189,0.0354,-0.05127,-2.244275,-0.885496,-2.007634
1.038818,0.036621,-0.038086,-2.10687,-1.099237,-1.80916
1.037598,0.036621,-0.034912,-2.015267,-0.839695,-1.870229
1.038086,0.034668,-0.047363,-2.183206,-0.954198,-1.847328
1.037109,0.039062,-0.04126,-2.236641,-0.450382,-2.129771
1.040527,0.040039,-0.045166,-2.091603,-0.709924,-2.022901
1.043701,0.035645,-0.038574,-2.068702,-0.908397,-2.007634
1.040771,0.032959,-0.036865,-2.137405,-1.083969,-1.870229
1.044678,0.034912,-0.041504,-2.183206,-1.068702,-1.725191
1.043945,0.034912,-0.04541,-2.152672,-0.931298,-1.763359
1.041504,0.034424,-0.045898,-2.152672,-0.450382,-1.610687
1.03418,0.029053,-0.041748,-2.19084,-0.419847,-1.885496
1.04126,0.033203,-0.039307,-2.145038,-0.541985,-1.709924
1.040039,0.035156,-0.034912,-2.259542,-0.770992,-1.78626
1.040283,0.03418,-0.04126,-2.099237,-1.0,-1.80916
1.043945,0.040527,-0.038818,-2.076336,-0.740458,-1.755725
1.04126,0.037354,-0.045166,-2.122137,-0.748092,-1.78626
1.042236,0.041992,-0.037109,-2.152672,-1.022901,-1.793893
1.042725,0.036621,-0.046631,-2.053435,-1.923664,-2.267176
1.046875,0.030762,-0.041992,-2.099237,-1.305344,-2.740458
1.048096,0.030762,-0.045654,-2.015267,-0.198473,-2.78626
1.038818,0.036621,-0.049561,-2.015267,0.29771,-2.442748
1.030273,0.030273,-0.036133,-2.358779,-0.480916,-1.343511
1.042236,0.025635,-0.020508,-2.435115,-1.877863,-0.641221
1.054932,0.041016,-0.031982,-2.038168,-2.053435,-1.358779
1.044434,0.035645,-0.04834,-1.900763,-1.717557,-1.854962
1.048828,0.039795,-0.055176,-2.038168,-0.763359,-2.335878
1.04126,0.041504,-0.049561,-2.053435,-0.412214,-2.587786
1.047363,0.039551,-0.04541,-2.053435,-0.381679,-2.641221
1.043457,0.037598,-0.048096,-2.244275,-0.122137,-2.549618
1.034424,0.030029,-0.046143,-2.267176,-0.083969,-2.396947
1.041992,0.026855,-0.041504,-2.099237,-0.603053,-1.931298
1.041992,0.028564,-0.041016,-2.244275,-0.717557,-2.007634
1.04126,0.034912,-0.044189,-2.022901,-0.251908,-2.633588
1.032959,0.037354,-0.043945,-2.022901,-0.206107,-2.763359
1.034424,0.043213,-0.047607,-2.022901,-0.229008,-2.19084
1.037354,0.038086,-0.038574,-2.198473,-0.465649,-1.717557
1.03833,0.032959,-0.04834,-2.251908,-0.534351,-1.320611
1.045166,0.035156,-0.038086,-2.198473,-0.900763,-1.839695
1.042969,0.0354,-0.037842,-2.244275,-0.908397,-1.916031
1.044189,0.026367,-0.042725,-2.137405,-0.908397,-1.954198
1.043945,0.033691,-0.043213,-2.167939,-0.526718,-2.198473
1.036621,0.036377,-0.040771,-2.152672,-0.694656,-1.916031
1.042969,0.029785,-0.041992,-2.114504,-0.51145,-1.885496
1.040527,0.036865,-0.04248,-2.419847,-0.671756,-1.916031
1.036865,0.038086,-0.046143,-2.145038,-0.564885,-1.977099
1.046875,0.031494,-0.042725,-2.236641,-0.89313,-1.89313
1.043457,0.031738,-0.037109,-2.152672,-0.755725,-1.732824
1.038818,0.035156,-0.040771,-2.290076,-0.641221,-1.480916
1.040771,0.033203,-0.036621,-2.198473,-0.801527,-1.526718
1.047119,0.029297,-0.049072,-2.236641,-0.664122,-1.916031
1.040527,0.035889,-0.04248,-2.114504,-0.51145,-1.78626
1.0354,0.033203,-0.036865,-2.045802,-0.564885,-1.80916
1.036377,0.036377,-0.042236,-2.21374,-0.824427,-1.709924
1.036133,0.031982,-0.03833,-2.267176,-1.244275,-1.419847
1.042236,0.030273,-0.047119,-2.259542,-1.358779,-1.946565
1.042969,0.035156,-0.040283,-2.122137,-1.068702,-2.038168
1.043945,0.040039,-0.041748,-2.160305,-0.946565,-2.068702
1.046143,0.036377,-0.049561,-2.290076,-0.70229,-1.961832
1.04248,0.038574,-0.047363,-2.198473,-0.557252,-1.877863
1.041016,0.029541,-0.042725,-2.335878,-0.641221,-1.679389
1.036865,0.030762,-0.042969,-2.244275,-0.664122,-1.763359
1.040283,0.037598,-0.041748,-2.022901,-0.557252,-1.832061
1.034424,0.032471,-0.050537,-2.061069,-0.748092,-1.938931
1.041016,0.035889,-0.037842,-1.923664,-0.580153,-2.053435
1.037842,0.0354,-0.038086,-2.137405,-0.587786,-2.083969
1.042725,0.027832,-0.033691,-2.076336,-0.671756,-2.183206
1.042725,0.036621,-0.039551,-2.137405,-1.099237,-2.175573
573
