time,xacc,yacc,zacc,xgyro,ygyro,zgyro
1641210067,1.1413574219,-0.0437011719,-0.2561035156,-0.9465649128, 0.7938931584, -3.2519083023
1641220067,1.1462402344,-0.0456542969,-0.2653808594,-1.3740458488, 1.4045801163, -2.4427480698
1641230067,1.1523437500,-0.0424804688,-0.2707519531,-1.8625954390, 2.1984732151, -2.0916030407
1641240067,1.1425781250,-0.0510253906,-0.2690429688,-2.3358778954, 2.5038168430, -2.1679389477
1641250067,1.1354980469,-0.0544433594,-0.2587890625,-2.8244273663, 1.9083969593, -1.7862595320
1641260067,1.1474609375,-0.0395507812,-0.2551269531,-2.5496182442, 1.2671755552, -2.1526718140
1641270067,1.1433105469,-0.0393066406,-0.2504882812,-2.0610687733, 1.4198473692, -1.7862595320
1641280067,1.1376953125,-0.0449218750,-0.2478027344,-1.3740458488, 1.8167939186, -5.1145038605
1641290067,1.1296386719,-0.0285644531,-0.2390136719,-1.4045801163, 2.2900762558, -4.1374044418
1641300176,1.1323242188,-0.0336914062,-0.2416992188,-1.1908396482, 2.5496182442, -2.6259541512
1641310067,1.1311035156,-0.0402832031,-0.2497558594,-1.1145038605, 2.9007632732, -1.6183205843
1641320067,1.1381835938,-0.0444335938,-0.2507324219,-1.0992366076, 3.4961831570, -0.5190839767
1641330067,1.1386718750,-0.0405273438,-0.2451171875,-1.2671755552, 3.3740458488, -0.0458015278
1641340067,1.1416015625,-0.0434570312,-0.2451171875,-1.3282443285, 3.0534350872, -0.7480915785
1641350067,1.1354980469,-0.0410156250,-0.2407226562,-1.3587785959, 2.1832060814, -2.0763359070
1641360067,1.1340332031,-0.0358886719,-0.2424316406,-1.3435114622, 1.1297709942, -3.0534350872
1641370067,1.1306152344,-0.0300292969,-0.2468261719,-1.6793893576, 1.0992366076, -3.4045801163
1641380067,1.1396484375,-0.0332031250,-0.2487792969,-1.7709923983, 1.5877863169, -2.9923663139
1641390067,1.1428222656,-0.0368652344,-0.2619628906,-2.0000000000, 2.2748091221, -2.7022900581
1641400067,1.1479492188,-0.0412597656,-0.2521972656,-1.8015266657, 2.0610687733, -2.3816792965
1641410067,1.1484375000,-0.0393066406,-0.2475585938,-2.1679389477, 1.4045801163, -2.2595419884
1641420067,1.1345214844,-0.0307617188,-0.2448730469,-2.1984732151, -1.3587785959, -1.4809160233
1641430067,1.1464843750,-0.0412597656,-0.2446289062,-2.2595419884, -3.6641221046, -0.9007633328
1641440067,1.1520996094,-0.0415039062,-0.2614746094,-2.4122138023, -5.2366414070, -1.4351145029
1641450067,1.1613769531,-0.0363769531,-0.2692871094,-2.7175571918, -3.5419847965, -1.5419846773
1641460067,1.1477050781,-0.0314941406,-0.2785644531,-2.8702290058, -1.2977099419, -1.2824426889
1641470067,1.1464843750,-0.0285644531,-0.2687988281,-3.1450381279, 1.1297709942, -0.3969465792
1641480216,1.1435546875,-0.0297851562,-0.2558593750,-3.2061069012, 2.1984732151, 0.1679389328
1641490067,1.1308593750,-0.0417480469,-0.2441406250,-3.3282442093, 1.6641221046, 0.3358778656
1641500067,1.1394042969,-0.0468750000,-0.2404785156,-2.5038168430, 0.8854961991, -0.1984732896
1641510067,1.1418457031,-0.0419921875,-0.2495117188,-2.1221373081, 0.7328244448, -0.8549618125
1641520067,1.1408691406,-0.0393066406,-0.2487792969,-1.9236640930, 1.0534350872, -1.1755725145
1641530067,1.1413574219,-0.0444335938,-0.2590332031,-1.8625954390, 1.8167939186, -0.6106870174
1641540067,1.1376953125,-0.0458984375,-0.2556152344,-1.9541984797, 2.0152671337, -0.4580152631
1641550067,1.1354980469,-0.0351562500,-0.2575683594,-2.3358778954, 1.6335878372, -0.9770992398
1641560067,1.1386718750,-0.0302734375,-0.2419433594,-2.3206107616, 1.1297709942, 0.2595419884
1641570067,1.1208496094,-0.0305175781,-0.2434082031,-2.6717557907, 0.4122137427, 0.7633587718
1641580067,1.1193847656,-0.0300292969,-0.2507324219,-2.7175571918, -0.3969465792, 0.8702290058
1641590067,1.1262207031,-0.0375976562,-0.2548828125,-2.7938930988, -0.5648854971, 1.9694656134
1641600067,1.1369628906,-0.0405273438,-0.2475585938,-2.6564886570, -0.6564885378, 2.1221373081
1641610067,1.1333007812,-0.0437011719,-0.2587890625,-2.4122138023, -0.0152671756, 1.6030534506
1641620067,1.1359863281,-0.0407714844,-0.2543945312,-2.0458016396, 0.4122137427, 1.0534350872
1641630067,1.1484375000,-0.0412597656,-0.2546386719,-1.8167939186, 1.5877863169, 0.5343511701
1641640067,1.1433105469,-0.0417480469,-0.2507324219,-1.5725190639, 1.8167939186, 0.5496183038
1641650067,1.1430664062,-0.0415039062,-0.2456054688,-1.4198473692, 2.2748091221, 0.2137404531
1641660067,1.1450195312,-0.0449218750,-0.2604980469,-1.2366411686, 2.2595419884, -0.2748091519
1641670067,1.1457519531,-0.0468750000,-0.2597656250,-1.3282443285, 2.4580152035, -0.8702290058
1641680067,1.1430664062,-0.0412597656,-0.2687988281,-1.5877863169, 3.0229008198, -0.9007633328
1641690067,1.1464843750,-0.0363769531,-0.2687988281,-1.6793893576, 2.9923663139, -0.4580152631
1641700067,1.1359863281,-0.0393066406,-0.2548828125,-1.9389313459, 2.4732823372, 0.0152671756
1641710067,1.1345214844,-0.0356445312,-0.2531738281,-1.9389313459, 1.6641221046, 0.3053435087
1641720067,1.1320800781,-0.0454101562,-0.2563476562,-2.5954198837, 0.6412213445, 0.8396946788
1641730067,1.1315917969,-0.0429687500,-0.2568359375,-2.3511450291, 0.7175572515, 0.8549618125
1641740067,1.1381835938,-0.0532226562,-0.2592773438,-1.7404580116, 1.0381679535, 0.4885496199
1641750067,1.1420898438,-0.0524902344,-0.2546386719,-1.5572519302, 3.5419847965, -0.7786259651
1641760067,1.1428222656,-0.0351562500,-0.2534179688,-1.3282443285, 5.7404580116, -1.0687023401
1641770067,1.1398925781,-0.0405273438,-0.2434082031,-1.2366411686, 6.8549618721, -0.2442748100
1641780067,1.1354980469,-0.0434570312,-0.2312011719,-1.5725190639, 6.2290077209, 0.3053435087
1641810067,1.1330566406,-0.0485839844,-0.2436523438,-2.2290077209, -1.8625954390, -1.4961831570
1641820067,1.1396484375,-0.0490722656,-0.2478027344,-2.5038168430, -2.7175571918, -1.3587785959
1641830067,1.1447753906,-0.0405273438,-0.2609863281,-2.7328243256, -1.8625954390, -1.0687023401
1641840067,1.1408691406,-0.0417480469,-0.2597656250,-2.7938930988, -1.4045801163, -0.5648854971
1641850067,1.1376953125,-0.0458984375,-0.2631835938,-2.6259541512, -0.7633587718, -0.5343511701
1641860067,1.1406250000,-0.0466308594,-0.2631835938,-2.6259541512, -0.8396946788, -0.5038167834
1641870067,1.1342773438,-0.0451660156,-0.2556152344,-1.9541984797, -0.2900763452, -0.5954198241
1641880067,1.1315917969,-0.0534667969,-0.2592773438,-1.6030534506, 0.0152671756, -1.0839694738
1641890067,1.1286621094,-0.0341796875,-0.2497558594,-1.4961831570, 0.2290076315, -0.8091602921
1641900067,1.1228027344,-0.0458984375,-0.2529296875,-1.2061069012, 0.5954198241, -1.2977099419
1641910067,1.1350097656,-0.0483398438,-0.2519531250,-1.1603053808, 0.5038167834, -4.2900762558
1641920067,1.1313476562,-0.0446777344,-0.2478027344,-1.2366411686, 0.5801526904, -3.7557251453
1641930067,1.1320800781,-0.0378417969,-0.2590332031,-1.6030534506, 0.5801526904, -3.1450381279
1641940067,1.1318359375,-0.0410156250,-0.2575683594,-1.9847328663, 0.9923664331, -1.0076335669
1641950067,1.1213378906,-0.0400390625,-0.2626953125,-2.3664121628, 1.6946564913, -0.1526717544
1641960067,1.1352539062,-0.0363769531,-0.2463378906,-2.8091602325, 2.6564886570, -0.2595419884
1641970067,1.1455078125,-0.0444335938,-0.2443847656,-3.4503817558, 3.2824428082, -1.3740458488
1641980067,1.1433105469,-0.0456542969,-0.2443847656,-3.6641221046, 2.7480916977, -3.7251908779
1641990067,1.1469726562,-0.0454101562,-0.2531738281,-3.8015267849, 1.4809160233, -5.4351143837
1642000067,1.1572265625,-0.0432128906,-0.2558593750,-3.6488549709, 1.4198473692, -5.5419845581
1642010067,1.1647949219,-0.0385742188,-0.2585449219,-3.4351146221, 1.8320610523, -5.1755723953
1642020067,1.1552734375,-0.0439453125,-0.2634277344,-2.9465649128, 2.9312977791, -4.6412215233
1642030067,1.1457519531,-0.0344238281,-0.2629394531,-2.6564886570, 3.3129770756, -4.0000000000
1642040067,1.1464843750,-0.0361328125,-0.2509765625,-2.3816792965, 2.8244273663, -3.5114502907
1642050067,1.1413574219,-0.0405273438,-0.2526855469,-2.3511450291, 2.1526718140, -3.3740458488
1642060067,1.1440429688,-0.0419921875,-0.2434082031,-2.1679389477, 1.8625954390, -3.3435113430
1642070067,1.1416015625,-0.0454101562,-0.2543945312,-1.9236640930, 1.9847328663, -3.3282442093
1642080067,1.1455078125,-0.0429687500,-0.2426757812,-2.1832060814, 1.6946564913, -3.2366411686
1642090067,1.1457519531,-0.0485839844,-0.2373046875,-2.2900762558, 1.6335878372, -3.2366411686
1642100067,1.1430664062,-0.0485839844,-0.2414550781,-2.5343511105, 1.4351145029, -2.8091602325
1642110067,1.1433105469,-0.0537109375,-0.2500000000,-2.8396947384, 1.3893129826, -2.8244273663
1642120067,1.1420898438,-0.0444335938,-0.2465820312,-2.3511450291, 1.3282443285, -2.6412212849
1642130067,1.1445312500,-0.0473632812,-0.2448730469,-2.4122138023, 1.4503816366, -2.5190839767
1642140067,1.1374511719,-0.0490722656,-0.2585449219,-2.0916030407, 1.3129770756, -1.9541984797
1642150067,1.1391601562,-0.0520019531,-0.2604980469,-1.8473281860, 2.1374046803, -1.5877863169
1642160067,1.1401367188,-0.0500488281,-0.2526855469,-1.7862595320, 2.0305342674, -1.2213740349
1642170067,1.1494140625,-0.0373535156,-0.2495117188,-1.5572519302, 1.7251908779, -0.6870229244
1642180067,1.1511230469,-0.0336914062,-0.2568359375,-1.1603053808, 1.9083969593, 0.6412213445
1642190067,1.1369628906,-0.0412597656,-0.2597656250,-0.9312977195, 1.7709923983, 1.2213740349
1642200067,1.1330566406,-0.0422363281,-0.2563476562,-1.0076335669, 1.4809160233, 0.6870229244
1642210067,1.1433105469,-0.0458984375,-0.2524414062,-0.8702290058, 1.6488549709, 1.0687023401
1642220067,1.1403808594,-0.0476074219,-0.2468261719,-0.7480915785, 1.6335878372, 1.4503816366
1642230067,1.1413574219,-0.0512695312,-0.2451171875,-0.7786259651, 1.1297709942, 1.2061069012
1642240067,1.1347656250,-0.0451660156,-0.2416992188,-0.9007633328, 0.5801526904, 0.4580152631
1642250067,1.1315917969,-0.0366210938,-0.2478027344,-0.9618320465, 0.2595419884, 0.0763358772
1642260067,1.1284179688,-0.0373535156,-0.2539062500,-0.9312977195, 0.8854961991, -0.3358778656
1642270067,1.1210937500,-0.0385742188,-0.2443847656,-0.8854961991, 1.0076335669, -0.1374045759
1642280067,1.1228027344,-0.0454101562,-0.2553710938,-0.8549618125, 1.8473281860, -0.7022900581
1642290067,1.1342773438,-0.0380859375,-0.2551269531,-0.9465649128, 2.6564886570, -0.5496183038
1642300067,1.1308593750,-0.0385742188,-0.2519531250,-1.0687023401, 2.9770991802, -0.2442748100
1642310067,1.1342773438,-0.0412597656,-0.2539062500,-1.3893129826, 2.6106870174, -0.2137404531
1642320067,1.1364746094,-0.0461425781,-0.2390136719,-1.1755725145, 1.4809160233, -0.4580152631
1642330067,1.1384277344,-0.0505371094,-0.2448730469,-1.2366411686, 0.6870229244, -0.9312977195
1642340067,1.1481933594,-0.0427246094,-0.2485351562,-1.4351145029, -0.0152671756, -1.0229008198
1642350067,1.1442871094,-0.0451660156,-0.2553710938,-1.9083969593, 0.0763358772, -1.0839694738
1642360067,1.1376953125,-0.0417480469,-0.2485351562,-1.9847328663, 0.1984732896, -0.7328244448
1642370067,1.1374511719,-0.0458984375,-0.2558593750,-1.9236640930, 0.4885496199, -0.5954198241
1642380067,1.1376953125,-0.0400390625,-0.2595214844,-2.0610687733, 0.7938931584, -0.2290076315
1642390067,1.1420898438,-0.0415039062,-0.2509765625,-2.3358778954, 1.1297709942, -0.0763358772
1642400067,1.1362304688,-0.0490722656,-0.2563476562,-1.9847328663, 1.0839694738, -0.3816793859
1642410067,1.1408691406,-0.0498046875,-0.2531738281,-2.0000000000, 0.5954198241, -0.5954198241
1642420067,1.1335449219,-0.0480957031,-0.2502441406,-1.6030534506, 0.4122137427, -1.2824426889
1642430067,1.1467285156,-0.0417480469,-0.2368164062,-1.4351145029, 0.3969465792, -1.3740458488
1642440067,1.1374511719,-0.0400390625,-0.2446289062,-1.4809160233, 0.7022900581, -1.8778625727
1642450067,1.1416015625,-0.0378417969,-0.2578125000,-1.3587785959, 0.9312977195, -2.1068701744
1642460067,1.1386718750,-0.0415039062,-0.2441406250,-1.5267175436, 0.9312977195, -2.2137403488
1642470067,1.1311035156,-0.0429687500,-0.2561035156,-1.5267175436, 0.9465649128, -1.9847328663
1642480215,1.1398925781,-0.0480957031,-0.2504882812,-1.4351145029, 0.9160305262, -1.6488549709
1642490067,1.1469726562,-0.0341796875,-0.2570800781,-1.1145038605, 0.7633587718, -1.5572519302
1642500067,1.1394042969,-0.0515136719,-0.2592773438,-1.0381679535, 0.3969465792, -0.7938931584
1642510067,1.1296386719,-0.0500488281,-0.2587890625,-1.1603053808, -0.3969465792, -3.3282442093
1642520067,1.1362304688,-0.0400390625,-0.2495117188,-1.5267175436, -0.0458015278, -2.8091602325
1642530067,1.1235351562,-0.0419921875,-0.2517089844,-1.2977099419, 0.8549618125, -1.9694656134
1642540067,1.1311035156,-0.0534667969,-0.2558593750,-1.3282443285, 1.9847328663, -1.6030534506
1642550067,1.1572265625,-0.0600585938,-0.2534179688,-1.0534350872, 3.9541983604, -1.7251908779
1642560067,1.1418457031,-0.0385742188,-0.2478027344,-1.3129770756, 6.0152673721, -1.3893129826
1642570067,1.1318359375,-0.0407714844,-0.2236328125,-1.3435114622, 4.0610685349, -0.9007633328
1642580067,1.1364746094,-0.0603027344,-0.2238769531,-0.9465649128, 1.9541984797, -4.9312977791
1642590067,1.1301269531,-0.0358886719,-0.2377929688,-1.1145038605, 0.2442748100, -6.4274806976
1642600067,1.1479492188,-0.0437011719,-0.2607421875,-0.9923664331, 0.2290076315, -6.1832060814
1642610067,1.1594238281,-0.0395507812,-0.2597656250,-0.8549618125, 1.2213740349, -5.4198474884
1642620067,1.1506347656,-0.0476074219,-0.2685546875,-0.9312977195, 1.6641221046, -4.2748093605
1642630067,1.1513671875,-0.0461425781,-0.2597656250,-0.8396946788, 1.2213740349, -3.7404580116
1642640067,1.1462402344,-0.0468750000,-0.2687988281,-0.8702290058, -0.0305343512, -3.6946563721
1642650067,1.1457519531,-0.0473632812,-0.2690429688,-0.9923664331, -1.1145038605, -2.8396947384
1642660067,1.1420898438,-0.0461425781,-0.2626953125,-1.2977099419, -1.7404580116, -2.5343511105
1642670067,1.1362304688,-0.0424804688,-0.2626953125,-1.5725190639, -1.5725190639, -2.0458016396
1642680067,1.1372070312,-0.0383300781,-0.2624511719,-1.8167939186, -1.2671755552, -1.8473281860
1642690067,1.1374511719,-0.0373535156,-0.2595214844,-2.1832060814, -0.3664122224, -1.9389313459
1642700067,1.1354980469,-0.0422363281,-0.2495117188,-2.0458016396, 0.1221374050, -2.0763359070
1642710067,1.1354980469,-0.0341796875,-0.2370605469,-1.9694656134, 0.7175572515, -2.2595419884
1642720067,1.1311035156,-0.0400390625,-0.2414550781,-1.8320610523, 1.2824426889, -2.3816792965
1642730067,1.1374511719,-0.0410156250,-0.2529296875,-1.4809160233, 2.0305342674, -2.4885497093
1642740067,1.1386718750,-0.0449218750,-0.2626953125,-1.1450381279, 2.9465649128, -2.6106870174
1642750067,1.1357421875,-0.0419921875,-0.2587890625,-0.9465649128, 3.2061069012, -2.5038168430
1642760067,1.1337890625,-0.0458984375,-0.2526855469,-1.0076335669, 2.8396947384, -2.1679389477
1642770067,1.1333007812,-0.0412597656,-0.2500000000,-1.2671755552, 1.9847328663, -2.0458016396
1642780067,1.1467285156,-0.0300292969,-0.2658691406,-1.3282443285, 0.7480915785, -0.6106870174
1642790067,1.1350097656,-0.0319824219,-0.2573242188,-1.4351145029, 0.0610687025, -0.0152671756
1642800067,1.1289062500,-0.0437011719,-0.2480468750,-1.2977099419, -0.5496183038, -0.7786259651
1642810067,1.1345214844,-0.0456542969,-0.2490234375,-1.5267175436, 0.0305343512, -0.7786259651
1642820067,1.1323242188,-0.0390625000,-0.2514648438,-1.5725190639, 1.4961831570, -0.7328244448
1642830067,1.1457519531,-0.0505371094,-0.2595214844,-1.2824426889, 2.8396947384, -1.2213740349
1642840067,1.1411132812,-0.0500488281,-0.2600097656,-1.0229008198, 3.5114502907, -1.6335878372
1642850067,1.1340332031,-0.0395507812,-0.2480468750,-1.3435114622, 3.4503817558, -1.7557251453
1642860067,1.1396484375,-0.0410156250,-0.2536621094,-1.0381679535, 2.7175571918, -1.5419846773
1642870067,1.1408691406,-0.0463867188,-0.2409667969,-1.0687023401, 1.9389313459, -1.5725190639
1642880067,1.1418457031,-0.0407714844,-0.2492675781,-1.1297709942, 1.1908396482, -1.4656488895
1642890067,1.1335449219,-0.0419921875,-0.2416992188,-1.4809160233, 0.3053435087, -1.1450381279
1642900067,1.1398925781,-0.0456542969,-0.2548828125,-1.3282443285, 0.2595419884, -1.3129770756
1642910067,1.1389160156,-0.0385742188,-0.2687988281,-1.6946564913, 0.8396946788, -1.4503816366
1642920067,1.1330566406,-0.0363769531,-0.2668457031,-1.9541984797, 0.9770992398, -1.0992366076
1642930067,1.1372070312,-0.0419921875,-0.2629394531,-2.1984732151, 1.2671755552, -1.0381679535
1642940067,1.1318359375,-0.0432128906,-0.2578125000,-2.0458016396, 1.7557251453, -0.6564885378
1642950067,1.1337890625,-0.0402832031,-0.2658691406,-2.0610687733, 2.6717557907, -0.0610687025
1642960067,1.1374511719,-0.0390625000,-0.2631835938,-1.6488549709, 3.3740458488, 0.9312977195
1642970067,1.1333007812,-0.0407714844,-0.2546386719,-1.4045801163, 3.1297709942, 1.4198473692
1642980269,1.1240234375,-0.0427246094,-0.2416992188,-1.2671755552, 2.2748091221, 1.0229008198
1642990067,1.1301269531,-0.0485839844,-0.2436523438,-1.7862595320, 1.5114504099, 1.1450381279
1643000067,1.1281738281,-0.0480957031,-0.2551269531,-1.9694656134, 1.8320610523, 1.6488549709
1643010067,1.1513671875,-0.0478515625,-0.2614746094,-2.2595419884, 2.7633588314, 2.9770991802
1643020067,1.1616210938,-0.0524902344,-0.2575683594,-2.4885497093, 2.9007632732, 2.7786259651
1643030067,1.1564941406,-0.0478515625,-0.2622070312,-2.5801527500, 2.8396947384, 1.6793893576
1643040067,1.1420898438,-0.0410156250,-0.2529296875,-2.3969466686, 1.8167939186, 1.0381679535
1643050067,1.1257324219,-0.0432128906,-0.2402343750,-2.0000000000, 1.0839694738, 0.6564885378
1643060067,1.1242675781,-0.0444335938,-0.2463378906,-1.9083969593, 1.6946564913, -0.1526717544
1643070067,1.1281738281,-0.0461425781,-0.2436523438,-1.6793893576, 2.4274809361, 0.5343511701
1643080067,1.1293945312,-0.0488281250,-0.2343750000,-1.7251908779, 1.6335878372, 0.9923664331
1643090067,1.1330566406,-0.0612792969,-0.2397460938,-0.9770992398, 1.4198473692, -0.9465649128
1643100067,1.1472167969,-0.0476074219,-0.2534179688,-1.0839694738, 1.7251908779, -2.7786259651
1643110067,1.1411132812,-0.0375976562,-0.2595214844,-1.0687023401, 1.5114504099, -0.5954198241
1643120067,1.1328125000,-0.0476074219,-0.2575683594,-0.9618320465, 1.0687023401, -0.7480915785
1643130067,1.1442871094,-0.0476074219,-0.2607421875,-1.0687023401, 0.4885496199, -0.0305343512
1643140067,1.1357421875,-0.0434570312,-0.2492675781,-1.3740458488, 0.5801526904, 1.1450381279
1643150067,1.1455078125,-0.0495605469,-0.2485351562,-1.6183205843, 1.2519084215, 1.7251908779
1643160067,1.1469726562,-0.0512695312,-0.2480468750,-2.0305342674, 1.8625954390, 0.7328244448
1643170067,1.1469726562,-0.0527343750,-0.2436523438,-1.6335878372, 2.1068701744, -2.3969466686
1643180067,1.1430664062,-0.0546875000,-0.2385253906,-1.8625954390, 1.3893129826, -3.7862596512
1643190067,1.1389160156,-0.0517578125,-0.2368164062,-1.6641221046, 1.1145038605, -4.8854961395
1643200067,1.1486816406,-0.0488281250,-0.2446289062,-1.4045801163, 1.6335878372, -4.9007635117
1643210067,1.1525878906,-0.0541992188,-0.2551269531,-1.7557251453, 1.1603053808, -4.1832060814
1643220067,1.1484375000,-0.0559082031,-0.2487792969,-1.4045801163, 0.6870229244, -4.5954198837
1643230067,1.1562500000,-0.0500488281,-0.2561035156,-1.4351145029, 0.1679389328, -4.5038166046
1643240067,1.1484375000,-0.0476074219,-0.2634277344,-1.5725190639, -0.6564885378, -4.4580154419
1643250067,1.1318359375,-0.0466308594,-0.2661132812,-2.0458016396, -0.9160305262, -4.2137403488
1643260067,1.1362304688,-0.0471191406,-0.2717285156,-2.1221373081, -0.2290076315, -4.1984734535
1643270067,1.1376953125,-0.0456542969,-0.2614746094,-2.7022900581, 1.2366411686, -4.6564884186
1643280067,1.1303710938,-0.0419921875,-0.2521972656,-2.9007632732, 2.2900762558, -4.2748093605
1643290067,1.1428222656,-0.0388183594,-0.2365722656,-3.3587787151, 2.4732823372, -4.1221375465
1643300067,1.1367187500,-0.0390625000,-0.2260742188,-3.2824428082, 1.4503816366, -3.9083969593
1643310067,1.1362304688,-0.0402832031,-0.2370605469,-2.9312977791, 0.6564885378, -4.0000000000
1643320067,1.1384277344,-0.0441894531,-0.2363281250,-2.7938930988, -0.2748091519, -3.8015267849
1643330067,1.1445312500,-0.0395507812,-0.2497558594,-2.5038168430, -0.5801526904, -3.5267176628
1643340067,1.1457519531,-0.0344238281,-0.2590332031,-2.1832060814, -0.4274809062, -3.1908397675
1643350067,1.1467285156,-0.0485839844,-0.2548828125,-2.1374046803, -0.8854961991, -2.1984732151
1643360067,1.1389160156,-0.0493164062,-0.2617187500,-2.0763359070, -1.3435114622, -2.4580152035
1643370067,1.1457519531,-0.0449218750,-0.2629394531,-2.0610687733, -1.2671755552, -1.4503816366
1643380067,1.1486816406,-0.0432128906,-0.2739257812,-1.8778625727, -0.9618320465, 0.0610687025
1643390067,1.1398925781,-0.0471191406,-0.2622070312,-2.2137403488, -0.2748091519, 0.4274809062
1643400067,1.1337890625,-0.0429687500,-0.2543945312,-2.1679389477, 0.4274809062, 0.9618320465
1643410067,1.1320800781,-0.0507812500,-0.2446289062,-1.8625954390, 1.1755725145, 1.3587785959
1643420067,1.1257324219,-0.0410156250,-0.2495117188,-1.4656488895, 2.1221373081, 1.6030534506
1643430067,1.1289062500,-0.0407714844,-0.2541503906,-0.8549618125, 3.2061069012, 0.7022900581
1643440067,1.1291503906,-0.0390625000,-0.2570800781,-0.3053435087, 5.0076336861, -0.7175572515
1643450067,1.1228027344,-0.0275878906,-0.2624511719,0.1221374050, 7.0992364883, -1.1755725145
1643460067,1.1176757812,-0.0297851562,-0.2495117188,0.3664122224, 8.7022905350, -1.2824426889
1643470067,1.0893554688,-0.0380859375,-0.2287597656,1.0381679535, 8.8702287674, -2.8091602325
1643480215,1.0839843750,-0.0349121094,-0.2182617188,0.7786259651, 9.9236640930, -5.0229005814
1643490067,1.0825195312,-0.0270996094,-0.2121582031,0.3816793859, 11.5725193024, -5.6946563721
1643500067,1.0822753906,-0.0307617188,-0.1989746094,0.0305343512, 12.7022905350, -4.9923663139
1643510067,1.0881347656,-0.0441894531,-0.1875000000,-0.6564885378, 12.0916032791, -1.9389313459
1643520067,1.0996093750,-0.0429687500,-0.1757812500,-1.1755725145, 8.5801525116, 0.9770992398
1643530067,1.1083984375,-0.0400390625,-0.1772460938,-1.7709923983, 2.5648853779, 2.5801527500
1643540067,1.1413574219,-0.0390625000,-0.1774902344,-2.0458016396, -4.1374044418, 3.7251908779
1643550067,1.1743164062,-0.0339355469,-0.2128906250,-1.7709923983, -9.1603050232, 5.6793894768
1643560067,1.1796875000,-0.0366210938,-0.2453613281,-1.2671755552, -11.6793889999, 5.8625955582
1643570067,1.1557617188,-0.0454101562,-0.2714843750,-0.5190839767, -11.6335878372, 5.0229005814
1643580067,1.1816406250,-0.0507812500,-0.3017578125,-0.3206106722, -9.0076332092, 2.5648853779
1643590067,1.1977539062,-0.0583496094,-0.3269042969,-0.8854961991, -5.4503817558, 0.2442748100
1643600067,1.1909179688,-0.0683593750,-0.3305664062,-1.5877863169, -3.0839693546, -1.6183205843
1643610067,1.2124023438,-0.0791015625,-0.3415527344,-2.1832060814, -0.9465649128, -2.8091602325
1643620067,1.2170410156,-0.0810546875,-0.3398437500,-2.5954198837, -0.2748091519, -3.2977099419
1643630067,1.1928710938,-0.0820312500,-0.3239746094,-3.0687022209, 0.1068702266, -3.7251908779
1643640067,1.1743164062,-0.0761718750,-0.3190917969,-3.6793892384, 0.8702290058, -3.6793892384
1643650067,1.1608886719,-0.0622558594,-0.2880859375,-4.5038166046, 3.4961831570, -2.8854961395
1643660067,1.1408691406,-0.0495605469,-0.2556152344,-6.0305342674, 4.1374044418, -1.6335878372
1643670067,1.1501464844,-0.0500488281,-0.2263183594,-6.4427480698, 0.9007633328, 0.1526717544
1643680067,1.1418457031,-0.0664062500,-0.2109375000,-6.3358778954, -2.9923663139, -0.1679389328
1643690067,1.1328125000,-0.0744628906,-0.2167968750,-5.7557253838, -5.7862596512, -1.6335878372
1643700067,1.1335449219,-0.0664062500,-0.2197265625,-5.1450381279, -5.8320612907, -1.6030534506
1643710067,1.1472167969,-0.0549316406,-0.2292480469,-4.6564884186, -4.2748093605, 0.5038167834
1643720067,1.1437988281,-0.0578613281,-0.2495117188,-3.8320610523, -2.6259541512, 0.4885496199
1643730067,1.1328125000,-0.0632324219,-0.2407226562,-3.5419847965, -2.2290077209, -2.2442748547
1643740067,1.1206054688,-0.0561523438,-0.2465820312,-2.8702290058, -2.7022900581, -4.4274806976
1643750067,1.1179199219,-0.0417480469,-0.2607421875,-2.2900762558, -2.9312977791, -5.3129773140
1643760067,1.1325683594,-0.0458984375,-0.2795410156,-1.5114504099, -2.0152671337, -5.6335878372
1643770067,1.1394042969,-0.0329589844,-0.2915039062,-1.1755725145, 0.1374045759, -5.3740458488
1643780067,1.1428222656,-0.0307617188,-0.2839355469,-1.2671755552, 2.1526718140, -3.6946563721
1643790067,1.1406250000,-0.0358886719,-0.2763671875,-1.3587785959, 2.9923663139, -2.5496182442
1643800067,1.1411132812,-0.0439453125,-0.2666015625,-1.2213740349, 2.7328243256, -2.3969466686
1643810067,1.1359863281,-0.0434570312,-0.2580566406,-0.8854961991, 1.7404580116, -2.1068701744
1643820067,1.1538085938,-0.0468750000,-0.2414550781,-0.7938931584, 2.0305342674, -2.1526718140
1643830067,1.1569824219,-0.0476074219,-0.2387695312,-0.7175572515, 2.5038168430, -2.3969466686
1643840067,1.1303710938,-0.0446777344,-0.2363281250,-0.2137404531, 3.0687022209, -2.5496182442
1643850067,1.1350097656,-0.0446777344,-0.2370605469,-0.2595419884, 3.6946563721, -2.5496182442
1643860067,1.1540527344,-0.0385742188,-0.2485351562,0.2595419884, 5.4656486511, -3.6641221046
1643870067,1.1376953125,-0.0263671875,-0.2414550781,0.0152671756, 9.0076332092, -5.2061066628
1643880067,1.0856933594,-0.0112304688,-0.2231445312,-0.1374045759, 12.2748088837, -5.8167939186
1643890067,1.0651855469,-0.0122070312,-0.1931152344,-0.7938931584, 15.7557249069, -5.3740458488
1643900067,1.0095214844,-0.0373535156,-0.1379394531,-1.1755725145, 16.0916023254, -4.2442746162
1643910067,0.9650878906,-0.0458984375,-0.0783691406,-0.9618320465, 11.8015270233, -2.9770991802
1643920067,0.9855957031,-0.0449218750,-0.0441894531,-0.2748091519, 7.1450381279, -2.4732823372
1643930067,1.0395507812,-0.0285644531,-0.0175781250,0.5801526904, 1.2061069012, 0.9312977195
1643940067,1.0590820312,-0.0180664062,-0.0297851562,-0.0916030556, -8.7480916977, 5.4809160233
1643950067,1.0805664062,-0.0273437500,-0.0478515625,-0.7633587718, -23.0229015350, 8.0000000000
1643960067,1.1311035156,-0.0283203125,-0.1218261719,-0.4732824564, -37.5114517212, 8.8244276047
1643970067,1.1984863281,-0.0361328125,-0.2255859375,0.5343511701, -45.3435096741, 7.3587784767
1643980067,1.2314453125,-0.0253906250,-0.3527832031,1.3435114622, -45.6946563721, 5.3282442093
1643990067,1.2116699219,-0.0104980469,-0.4443359375,1.6793893576, -41.4656486511, 4.7328243256
1644000067,1.1882324219,-0.0214843750,-0.5078125000,2.1984732151, -34.1679382324, 2.4580152035
1644010067,1.1984863281,-0.0456542969,-0.5532226562,2.3511450291, -24.7175579071, -2.2595419884
1644020067,1.2050781250,-0.0568847656,-0.5827636719,1.7251908779, -15.1297712326, -5.7557253838
1644030067,1.2053222656,-0.0583496094,-0.5869140625,1.0381679535, -7.2977099419, -7.3893127441
1644040067,1.2143554688,-0.0703125000,-0.5495605469,0.3206106722, 0.2290076315, -7.2519083023
1644050067,1.2446289062,-0.0798339844,-0.5080566406,-0.3511450291, 5.2977099419, -7.7862596512
1644060067,1.2416992188,-0.0869140625,-0.4567871094,-1.3282443285, 7.3587784767, -9.0534353256
1644070067,1.2014160156,-0.0844726562,-0.3974609375,-2.0610687733, 7.8015265465, -8.8702287674
1644080067,1.1853027344,-0.0876464844,-0.3439941406,-2.5038168430, 9.2061071396, -8.0458011627
1644090067,1.1662597656,-0.0971679688,-0.3024902344,-3.0687022209, 11.0381679535, -8.7175569534
1644100067,1.1665039062,-0.0837402344,-0.2705078125,-4.0305342674, 13.2519083023, -8.1832065582
1644110067,1.1525878906,-0.0783691406,-0.2280273438,-4.7022900581, 14.7633590698, -6.6870226860
1644120067,1.1166992188,-0.0700683594,-0.2014160156,-5.1908397675, 13.6946563721, -5.3282442093
1644130067,1.0886230469,-0.0725097656,-0.1689453125,-5.3435115814, 10.5038166046, -3.8931298256
1644140067,1.0778808594,-0.0637207031,-0.1535644531,-5.0839695930, 5.9389314651, -3.4045801163
1644150067,1.0778808594,-0.0571289062,-0.1679687500,-4.4274806976, 0.6870229244, -3.3893129826
1644160067,1.0864257812,-0.0434570312,-0.1909179688,-3.8778626919, -2.9007632732, -3.5877861977
1644170067,1.0827636719,-0.0363769531,-0.2150878906,-3.1297709942, -4.0000000000, -3.5877861977
1644180067,1.0925292969,-0.0283203125,-0.2194824219,-2.3969466686, -3.6793892384, -2.8549618721
1644190067,1.0854492188,-0.0231933594,-0.2348632812,-1.8167939186, -2.2137403488, -1.6793893576
1644200067,1.1062011719,-0.0224609375,-0.2583007812,-1.4809160233, -1.0992366076, -0.8549618125
1644210067,1.1225585938,-0.0192871094,-0.2849121094,-0.7480915785, 0.5190839767, -0.4274809062
1644220067,1.1140136719,-0.0051269531,-0.2783203125,-0.3511450291, 1.7862595320, 2.7480916977
1644230067,1.0944824219,-0.0197753906,-0.2797851562,0.3053435087, 3.5877861977, 3.1603052616
1644240067,1.0725097656,-0.0056152344,-0.2629394531,0.2137404531, 5.7862596512, 4.8702292442
1644250067,1.0600585938,-0.0129394531,-0.2487792969,0.6870229244, 6.1679387093, 7.6030535698
1644260067,1.0913085938,-0.0251464844,-0.2419433594,0.9923664331, 5.9389314651, 7.6335878372
1644270067,1.1264648438,-0.0351562500,-0.2358398438,1.4045801163, 5.0687022209, 6.3358778954
1644280067,1.1516113281,-0.0375976562,-0.2436523438,1.3435114622, 3.1297709942, 5.4503817558
1644290067,1.1506347656,-0.0595703125,-0.2568359375,1.1908396482, 1.1450381279, 3.8625953197
1644300067,1.1557617188,-0.0676269531,-0.2683105469,1.5114504099, -0.3206106722, 0.0305343512
1644310067,1.1687011719,-0.0708007812,-0.2958984375,1.9236640930, -1.2061069012, -4.2748093605
1644320067,1.1745605469,-0.0598144531,-0.3193359375,2.0610687733, -1.6488549709, -6.6412215233
1644330067,1.1667480469,-0.0449218750,-0.3452148438,1.7251908779, -2.4732823372, -6.8702292442
1644340067,1.1589355469,-0.0463867188,-0.3549804688,1.1603053808, -2.0000000000, -6.7938933372
1644350067,1.1621093750,-0.0461425781,-0.3608398438,0.4580152631, -0.7480915785, -6.4580154419
1644360067,1.1508789062,-0.0361328125,-0.3569335938,-0.1526717544, 0.2137404531, -5.3587784767
1644370067,1.1340332031,-0.0393066406,-0.3491210938,-1.0229008198, 0.7633587718, -4.1068701744
1644380067,1.1298828125,-0.0437011719,-0.3398437500,-1.6641221046, 0.6870229244, -3.3740458488
1644390067,1.1240234375,-0.0366210938,-0.3244628906,-1.9541984797, 1.2213740349, -2.7938930988
1644400067,1.1230468750,-0.0458984375,-0.3061523438,-2.1068701744, 1.4351145029, -1.8931298256
1644410067,1.1242675781,-0.0434570312,-0.3037109375,-1.8778625727, 2.0610687733, -1.1450381279
1644420067,1.1220703125,-0.0478515625,-0.2946777344,-1.5572519302, 1.8931298256, -0.8091602921
1644430067,1.1259765625,-0.0517578125,-0.2832031250,-0.9770992398, 1.7251908779, -0.9465649128
1644440067,1.1364746094,-0.0559082031,-0.2888183594,-0.2748091519, 1.4045801163, -1.4351145029
1644450067,1.1391601562,-0.0532226562,-0.2905273438,0.0458015278, 0.7480915785, -1.2977099419
1644460067,1.1435546875,-0.0512695312,-0.2890625000,-0.1526717544, 1.3893129826, -1.5114504099
1644470067,1.1489257812,-0.0571289062,-0.3068847656,-0.1984732896, 1.4503816366, -1.7404580116
1644480215,1.1318359375,-0.0622558594,-0.3005371094,-0.1832061112, 1.6335878372, -1.3893129826
1644490067,1.1376953125,-0.0551757812,-0.3034667969,-0.1068702266, 2.5190839767, -1.9847328663
1644500067,1.1369628906,-0.0383300781,-0.3127441406,-0.1984732896, 3.3587787151, -1.6641221046
1644510067,1.1132812500,-0.0375976562,-0.3061523438,-0.6259542108, 3.8778626919, -1.3129770756
1644520067,1.0991210938,-0.0300292969,-0.2993164062,-0.5954198241, 4.8549618721, -1.6946564913
1644530067,1.0979003906,-0.0322265625,-0.3002929688,-1.0534350872, 6.3053436279, -2.4885497093
1644540067,1.1093750000,-0.0280761719,-0.2971191406,-1.2061069012, 7.7099237442, -2.1221373081
1644550067,1.0983886719,-0.0439453125,-0.2832031250,-0.8244274855, 8.4885492325, -2.6717557907
1644560067,1.0949707031,-0.0537109375,-0.2709960938,-0.2290076315, 7.5114502907, -4.2442746162
1644570067,1.0820312500,-0.0561523438,-0.2497558594,-0.0305343512, 5.8320612907, -6.8702292442
1644580067,1.0976562500,-0.0556640625,-0.2541503906,-0.0610687025, 4.0610685349, -9.0229005814
1644590067,1.1154785156,-0.0344238281,-0.2800292969,-0.0152671756, 3.3129770756, -9.4198474884
1644600070,1.1574707031,-0.0336914062,-0.2890625000,-0.7938931584, 4.0458016396, -9.3129768372
1644610067,1.2080078125,-0.0422363281,-0.2990722656,-1.8625954390, 5.2061066628, -9.4809160233
1644620067,1.2307128906,-0.0383300781,-0.3034667969,-2.7633588314, 4.2748093605, -9.0839691162
1644630067,1.2124023438,-0.0305175781,-0.3125000000,-3.6641221046, 1.9389313459, -7.7709922791
1644640067,1.2004394531,-0.0317382812,-0.3115234375,-4.1526718140, 1.5267175436, -7.4503817558
1644650067,1.1796875000,-0.0285644531,-0.3073730469,-4.6717557907, 2.5648853779, -6.8702292442
1644660067,1.1630859375,-0.0278320312,-0.2922363281,-5.2213740349, 4.4274806976, -5.5267176628
1644670067,1.1665039062,-0.0273437500,-0.2656250000,-5.2061066628, 5.5419845581, -4.0610685349
1644680067,1.1533203125,-0.0361328125,-0.2636718750,-4.7938933372, 6.1832060814, -3.5419847965
1644690067,1.1357421875,-0.0363769531,-0.2402343750,-4.1374044418, 5.4809160233, -3.6793892384
1644700067,1.1354980469,-0.0354003906,-0.2236328125,-3.3282442093, 4.3511452675, -2.7633588314
1644710067,1.1416015625,-0.0358886719,-0.2175292969,-2.8549618721, 2.5801527500, -2.1068701744
1644720067,1.1357421875,-0.0441894531,-0.2263183594,-2.1679389477, 0.1221374050, -2.7175571918
1644730067,1.1313476562,-0.0358886719,-0.2409667969,-1.6641221046, -2.0610687733, -2.8091602325
1644740067,1.1386718750,-0.0371093750,-0.2412109375,-1.3893129826, -1.9389313459, -2.9923663139
1644750067,1.1376953125,-0.0344238281,-0.2705078125,-1.3282443285, -0.7022900581, -2.9770991802
1644760067,1.1306152344,-0.0412597656,-0.2644042969,-1.1908396482, 1.3893129826, -2.5648853779
1644770067,1.1311035156,-0.0429687500,-0.2792968750,-1.2824426889, 2.9465649128, -1.9847328663
1644780067,1.1330566406,-0.0363769531,-0.2707519531,-1.2519084215, 4.5648856163, -1.0076335669
1644790067,1.1274414062,-0.0192871094,-0.2663574219,-1.6946564913, 5.8473281860, 0.3816793859
1644800067,1.0996093750,-0.0380859375,-0.2626953125,-1.4809160233, 6.8549618721, 0.0458015278
1644810067,1.1064453125,-0.0332031250,-0.2583007812,-1.5572519302, 8.6717557907, 0.8091602921
1644820067,1.0861816406,-0.0214843750,-0.2539062500,-1.4198473692, 9.8778629303, 3.1297709942
1644830067,1.0620117188,-0.0322265625,-0.2382812500,-1.4351145029, 10.1526718140, 4.3358778954
1644840067,1.0935058594,-0.0263671875,-0.2485351562,-1.5114504099, 11.4656486511, 6.8549618721
1644850067,1.1230468750,-0.0327148438,-0.2502441406,-1.3587785959, 13.8931293488, 7.3740458488
1644860067,1.1125488281,-0.0429687500,-0.2216796875,-1.2061069012, 15.3587789536, 6.3969464302
1644870067,1.0856933594,-0.0361328125,-0.2136230469,-0.4885496199, 14.4885492325, 5.0992364883
1644880067,1.0996093750,-0.0383300781,-0.2150878906,-0.1832061112, 12.5038166046, 3.5419847965
1644890067,1.1030273438,-0.0349121094,-0.1921386719,0.5038167834, 9.0839691162, 2.6412212849
1644900067,1.1074218750,-0.0278320312,-0.1950683594,0.9007633328, 4.1984734535, 2.1374046803
1644910067,1.1318359375,-0.0273437500,-0.2099609375,1.9389313459, 0.1679389328, -0.3511450291
1644920067,1.1567382812,-0.0227050781,-0.2292480469,3.5572519302, -2.1832060814, -3.1145038605
1644930067,1.1611328125,-0.0097656250,-0.2473144531,5.6793894768, -2.8244273663, -5.7099237442
1644940067,1.1535644531,-0.0036621094,-0.2441406250,8.1374044418, -2.7786259651, -6.9007635117
1644950067,1.1657714844,0.0092773438,-0.2290039062,9.9541988373, -1.1145038605, -5.4351143837
1644960067,1.1706542969,-0.0117187500,-0.2250976562,11.0687026978, 0.4274809062, -3.4961831570
1644970067,1.1533203125,-0.0366210938,-0.2255859375,10.9160308838, -2.3969466686, -3.7099237442
1644980067,1.1428222656,-0.0510253906,-0.2409667969,9.1908397675, -10.2748088837, -5.5572519302
1644990067,1.1208496094,-0.0529785156,-0.2844238281,6.0916032791, -18.9312973022, -8.1526718140
1645000067,1.1142578125,-0.0390625000,-0.3349609375,2.1221373081, -23.3893127441, -7.9236640930
1645010067,1.1225585938,-0.0439453125,-0.3767089844,-1.2671755552, -19.8167934418, -5.0687022209
1645020067,1.1394042969,-0.0480957031,-0.3935546875,-3.3740458488, -10.8244276047, -2.0916030407
1645030067,1.1601562500,-0.0593261719,-0.3786621094,-4.6412215233, -1.8931298256, -1.0839694738
1645040067,1.1523437500,-0.0632324219,-0.3547363281,-4.7786259651, 2.5801527500, -2.1679389477
1645050067,1.1335449219,-0.0595703125,-0.3173828125,-4.7022900581, 2.2290077209, -3.9541983604
1645060067,1.1142578125,-0.0573730469,-0.2822265625,-4.2900762558, -0.1374045759, -5.0992364883
1645070067,1.1472167969,-0.0375976562,-0.2731933594,-4.1374044418, -1.5572519302, -4.9007635117
1645080067,1.1506347656,-0.0358886719,-0.2854003906,-4.1679387093, -1.7404580116, -3.8625953197
1645090067,1.1525878906,-0.0371093750,-0.2929687500,-4.3969464302, -1.6183205843, -2.2748091221
1645100067,1.1513671875,-0.0424804688,-0.3007812500,-4.9007635117, -0.3358778656, -0.9770992398
1645110067,1.1711425781,-0.0500488281,-0.3068847656,-5.2977099419, 1.2977099419, -0.3053435087
1645120067,1.2175292969,-0.0573730469,-0.3078613281,-5.5114502907, 3.2213740349, -1.6641221046
1645130067,1.2070312500,-0.0554199219,-0.3103027344,-6.0610685349, 3.3129770756, -3.4809160233
1645140067,1.1665039062,-0.0593261719,-0.3081054688,-6.4732823372, 2.3053436279, -4.4885497093
1645150067,1.1518554688,-0.0466308594,-0.3032226562,-5.8931298256, 3.5877861977, -3.5877861977
1645160067,1.1552734375,-0.0471191406,-0.2905273438,-6.0610685349, 6.5190839767, -2.6717557907
1645170067,1.1354980469,-0.0429687500,-0.2712402344,-5.2366414070, 8.7175569534, -2.0000000000
1645180067,1.1354980469,-0.0417480469,-0.2429199219,-4.8091602325, 8.6717557907, -1.6030534506
1645190067,1.1264648438,-0.0419921875,-0.2211914062,-4.2900762558, 6.6259541512, -1.5877863169
1645200067,1.1254882812,-0.0410156250,-0.2250976562,-3.8167939186, 3.0229008198, -1.5572519302
1645210067,1.1264648438,-0.0246582031,-0.2170410156,-3.8778626919, -0.0763358772, -0.3358778656
