time,xacc,yacc,zacc,xgyro,ygyro,zgyro
609970067,1.1142578125,0.1110839844,-0.2988281250,-1.5725190639, 4.3664121628, -0.9160305262
609980067,1.1162109375,0.1154785156,-0.2941894531,-1.4809160233, 4.3969464302, -0.9160305262
609990067,1.1169433594,0.1147460938,-0.2941894531,-2.0152671337, 4.3969464302, -0.7175572515
610000067,1.1306152344,0.1120605469,-0.2795410156,-1.9694656134, 3.6030533314, -0.7480915785
610010067,1.1179199219,0.1127929688,-0.2727050781,-1.8931298256, 2.7022900581, -1.1145038605
610020067,1.1328125000,0.1052246094,-0.2707519531,-1.8015266657, 1.8931298256, -1.7557251453
610030067,1.1311035156,0.1125488281,-0.2675781250,-1.8931298256, 1.2366411686, -2.3511450291
610040067,1.1267089844,0.1188964844,-0.2717285156,-1.4809160233, 1.1145038605, -2.5190839767
610050067,1.1308593750,0.1159667969,-0.2819824219,-1.1908396482, 1.1603053808, -2.4274809361
610060067,1.1323242188,0.1154785156,-0.2805175781,-1.3435114622, 1.4045801163, -2.0610687733
610070067,1.1369628906,0.1113281250,-0.2873535156,-1.2213740349, 1.3893129826, -1.3740458488
610080067,1.1330566406,0.1179199219,-0.2841796875,-1.4351145029, 0.7938931584, -1.2061069012
610090067,1.1330566406,0.1152343750,-0.2929687500,-1.5114504099, 0.5343511701, -1.1145038605
610100067,1.1271972656,0.1123046875,-0.2885742188,-1.4351145029, 0.6106870174, -1.5572519302
610110067,1.1218261719,0.1166992188,-0.2873535156,-1.8778625727, 0.5801526904, -1.6641221046
610120067,1.1242675781,0.1132812500,-0.2873535156,-1.8320610523, 0.4580152631, -1.7862595320
610130067,1.1206054688,0.1181640625,-0.2888183594,-1.6030534506, 0.9923664331, -1.7099236250
610140067,1.1225585938,0.1169433594,-0.2849121094,-1.7251908779, 1.4656488895, -1.4809160233
610150067,1.1179199219,0.1157226562,-0.2873535156,-1.4351145029, 1.6335878372, -1.3282443285
610160067,1.1225585938,0.1108398438,-0.2890625000,-1.6335878372, 1.5419846773, -1.4961831570
610170067,1.1237792969,0.1149902344,-0.2722167969,-1.6335878372, 1.4961831570, -1.3282443285
610180067,1.1276855469,0.1132812500,-0.2822265625,-1.6030534506, 1.2061069012, -1.3282443285
610190067,1.1318359375,0.1120605469,-0.2861328125,-1.6793893576, 0.9923664331, -1.6183205843
610200067,1.1306152344,0.1091308594,-0.2851562500,-1.4503816366, 0.9923664331, -1.9236640930
610210067,1.1264648438,0.1088867188,-0.2988281250,-1.5725190639, 1.0229008198, -2.2900762558
610220067,1.1230468750,0.1147460938,-0.2973632812,-1.8167939186, 1.1908396482, -1.8015266657
610230067,1.1213378906,0.1193847656,-0.2849121094,-1.5877863169, 1.5572519302, -1.4503816366
610240067,1.1247558594,0.1220703125,-0.2849121094,-1.6488549709, 1.4961831570, -0.8396946788
610250067,1.1303710938,0.1166992188,-0.2866210938,-1.6641221046, 1.4198473692, -0.6259542108
610260067,1.1306152344,0.1196289062,-0.2922363281,-1.6641221046, 1.8625954390, -0.8854961991
610270067,1.1242675781,0.1228027344,-0.2741699219,-1.5877863169, 1.2366411686, -0.8091602921
610280067,1.1252441406,0.1169433594,-0.2729492188,-1.7709923983, 0.8091602921, -1.0687023401
610290067,1.1296386719,0.1091308594,-0.2819824219,-1.6793893576, 0.6717557311, -1.5725190639
610300067,1.1257324219,0.1142578125,-0.2807617188,-1.4809160233, 0.6564885378, -2.0305342674
610310067,1.1264648438,0.1147460938,-0.2783203125,-1.8778625727, 0.9618320465, -2.1679389477
610320067,1.1259765625,0.1208496094,-0.2836914062,-1.5114504099, 1.2213740349, -1.9389313459
610330067,1.1269531250,0.1164550781,-0.2890625000,-1.4961831570, 1.6946564913, -1.9694656134
610340067,1.1206054688,0.1105957031,-0.2885742188,-1.4809160233, 1.6793893576, -1.8931298256
610350067,1.1220703125,0.1120605469,-0.2817382812,-1.6183205843, 1.3587785959, -1.9083969593
610360067,1.1237792969,0.1101074219,-0.2783203125,-1.7709923983, 1.2977099419, -1.9694656134
610370067,1.1298828125,0.1105957031,-0.2861328125,-1.6641221046, 1.3893129826, -1.8015266657
610380067,1.1276855469,0.1176757812,-0.2856445312,-1.7709923983, 1.0076335669, -2.1221373081
610390067,1.1267089844,0.1135253906,-0.2810058594,-1.7404580116, 0.8549618125, -1.9389313459
610400067,1.1325683594,0.1130371094,-0.2871093750,-1.7557251453, 1.1755725145, -1.7251908779
610410067,1.1281738281,0.1140136719,-0.2792968750,-1.6946564913, 1.0076335669, -1.4809160233
610420067,1.1320800781,0.1142578125,-0.2890625000,-1.6641221046, 1.1297709942, -1.5877863169
610430067,1.1269531250,0.1115722656,-0.2963867188,-1.5572519302, 1.0992366076, -1.3740458488
610440067,1.1284179688,0.1071777344,-0.2873535156,-1.6946564913, 1.1755725145, -1.4961831570
610450067,1.1235351562,0.1174316406,-0.2844238281,-1.5877863169, 1.3282443285, -1.2824426889
610460067,1.1276855469,0.1154785156,-0.2878417969,-1.6335878372, 1.4503816366, -1.4351145029
610470073,1.1208496094,0.1149902344,-0.2929687500,-1.6946564913, 1.7251908779, -1.1908396482
610480218,1.1203613281,0.1130371094,-0.2883300781,-1.5267175436, 1.8931298256, -1.2824426889
610490067,1.1235351562,0.1127929688,-0.2817382812,-1.2061069012, 1.7251908779, -1.3129770756
610500067,1.1201171875,0.1049804688,-0.2849121094,-1.6183205843, 0.9923664331, -1.3435114622
610510067,1.1208496094,0.1044921875,-0.2797851562,-1.3282443285, 0.2595419884, -1.3740458488
610520067,1.1357421875,0.1069335938,-0.2797851562,-1.6488549709, -0.5038167834, -1.1755725145
610530067,1.1333007812,0.1096191406,-0.2768554688,-1.5572519302, -0.7786259651, -1.6183205843
610540067,1.1376953125,0.1145019531,-0.2824707031,-1.7557251453, -0.5801526904, -1.6946564913
610550067,1.1293945312,0.1108398438,-0.2897949219,-1.9389313459, -0.9160305262, -2.0305342674
610560067,1.1318359375,0.1145019531,-0.2866210938,-2.0152671337, -0.6106870174, -2.4885497093
610570067,1.1276855469,0.1208496094,-0.2897949219,-1.9236640930, -0.9770992398, -3.2366411686
610580067,1.1308593750,0.1198730469,-0.2902832031,-2.3358778954, -0.8244274855, -2.8091602325
610590067,1.1262207031,0.1220703125,-0.3020019531,-1.7862595320, -0.3511450291, -1.5572519302
610600067,1.1215820312,0.1293945312,-0.2929687500,-1.3282443285, 0.5648854971, -0.0916030556
610610067,1.1159667969,0.1230468750,-0.3046875000,-1.4809160233, 1.9541984797, 0.2290076315
610620067,1.1142578125,0.1179199219,-0.3088378906,-1.2824426889, 3.5267176628, -0.6870229244
610630067,1.1062011719,0.1162109375,-0.2902832031,-1.4656488895, 4.7175574303, -1.4961831570
610640067,1.1135253906,0.1074218750,-0.3002929688,-1.1908396482, 5.0534353256, -2.0458016396
610650067,1.1206054688,0.1120605469,-0.2919921875,-1.3740458488, 4.8091602325, -1.9389313459
610660067,1.1242675781,0.1147460938,-0.2917480469,-1.3129770756, 3.7862596512, -1.9847328663
610670067,1.1306152344,0.1157226562,-0.2783203125,-1.6641221046, 2.3969466686, -2.1832060814
610680067,1.1315917969,0.1088867188,-0.2873535156,-1.8015266657, 1.0229008198, -2.5038168430
610690067,1.1286621094,0.1091308594,-0.2739257812,-1.8931298256, 0.1984732896, -2.9007632732
610700067,1.1289062500,0.1152343750,-0.2839355469,-1.8015266657, 0.0763358772, -2.8244273663
610710067,1.1323242188,0.1164550781,-0.2932128906,-1.4961831570, 0.4274809062, -2.0916030407
610720067,1.1308593750,0.1147460938,-0.2946777344,-1.2977099419, 1.0229008198, -1.6946564913
610730067,1.1269531250,0.1188964844,-0.3056640625,-1.0381679535, 2.1832060814, -0.9007633328
610740067,1.1250000000,0.1123046875,-0.2973632812,-0.9007633328, 3.1145038605, -0.0763358772
610750067,1.1196289062,0.1147460938,-0.2944335938,-0.4580152631, 3.1145038605, 0.3053435087
610760067,1.1184082031,0.1135253906,-0.2978515625,-0.1679389328, 2.7022900581, 0.5496183038
610770067,1.1137695312,0.1066894531,-0.2863769531,-0.3664122224, 2.4885497093, 0.1984732896
610780067,1.1223144531,0.1101074219,-0.2824707031,-0.8091602921, 1.5725190639, -0.4580152631
610790067,1.1298828125,0.1079101562,-0.2761230469,-0.9923664331, 0.2137404531, -1.5572519302
610800067,1.1323242188,0.1137695312,-0.2648925781,-0.9465649128, -0.9160305262, -3.2824428082
610810067,1.1418457031,0.1127929688,-0.2644042969,-0.9007633328, -1.7862595320, -4.7175574303
610820067,1.1528320312,0.1142578125,-0.2617187500,-1.1450381279, -2.6259541512, -6.2595419884
610830067,1.1550292969,0.1159667969,-0.2592773438,-1.1145038605, -2.5954198837, -7.5419845581
610840067,1.1555175781,0.1267089844,-0.2531738281,-1.2977099419, -2.9312977791, -8.4580154419
610850067,1.1457519531,0.1281738281,-0.2697753906,-1.0229008198, -2.6106870174, -8.0610685349
610860067,1.1459960938,0.1274414062,-0.2871093750,-0.6259542108, -2.2137403488, -7.5877861977
610870067,1.1401367188,0.1279296875,-0.2954101562,-0.3511450291, -1.1297709942, -7.3587784767
610880067,1.1291503906,0.1250000000,-0.3037109375,-0.6259542108, -0.2748091519, -6.7480916977
610890067,1.1262207031,0.1291503906,-0.3103027344,-1.0229008198, 0.1679389328, -5.9389314651
610900067,1.1225585938,0.1352539062,-0.3154296875,-1.3587785959, 0.9618320465, -4.1526718140
610910067,1.1262207031,0.1357421875,-0.3227539062,-1.6641221046, 1.7557251453, -2.1068701744
610920067,1.1269531250,0.1274414062,-0.3176269531,-1.6030534506, 2.4427480698, -0.7938931584
610930067,1.1259765625,0.1269531250,-0.3090820312,-1.8778625727, 2.8396947384, -0.8091602921
610940067,1.1188964844,0.1162109375,-0.3073730469,-1.9236640930, 2.9923663139, -1.6793893576
610950067,1.1101074219,0.1120605469,-0.2976074219,-2.0916030407, 3.0839693546, -2.2290077209
610960067,1.1196289062,0.1115722656,-0.2846679688,-2.0305342674, 2.3358778954, -2.9465649128
610970067,1.1210937500,0.1118164062,-0.2834472656,-2.1374046803, 1.8167939186, -3.8473281860
610980067,1.1159667969,0.1152343750,-0.2658691406,-2.1374046803, 1.2213740349, -3.9541983604
610990067,1.1140136719,0.1108398438,-0.2644042969,-2.1068701744, 0.6717557311, -4.2137403488
611000067,1.1123046875,0.1125488281,-0.2624511719,-1.8625954390, 0.5648854971, -4.2748093605
611010067,1.1154785156,0.1186523438,-0.2536621094,-1.6793893576, 0.1374045759, -3.9847328663
611020067,1.1218261719,0.1223144531,-0.2668457031,-1.3587785959, -0.5038167834, -3.2213740349
611030067,1.1289062500,0.1359863281,-0.2668457031,-1.1603053808, -1.1603053808, -2.5496182442
611040067,1.1525878906,0.1403808594,-0.2568359375,-0.8702290058, -3.4961831570, -2.9007632732
611050067,1.2023925781,0.1386718750,-0.2487792969,-1.3587785959, -7.5877861977, -5.2519083023
611060067,1.2370605469,0.1281738281,-0.2612304688,-2.7786259651, -12.4580154419, -9.6183204651
611070067,1.2431640625,0.1354980469,-0.2846679688,-3.5877861977, -16.2900772095, -10.3053436279
611080067,1.2524414062,0.1665039062,-0.3352050781,-4.0763359070, -14.5190839767, -5.0687022209
611090067,1.2192382812,0.1604003906,-0.3647460938,-5.0992364883, -6.5496182442, 2.9770991802
611100067,1.1208496094,0.1274414062,-0.3701171875,-6.0458016396, 2.6870229244, 5.3435115814
611110067,1.0148925781,0.0791015625,-0.3293457031,-7.2213740349, 7.7557253838, -0.6259542108
611120067,0.9282226562,0.0576171875,-0.2788085938,-7.6335878372, 8.7786254883, -10.5343513489
611130067,0.9094238281,0.0654296875,-0.2773437500,-7.3740458488, 7.9389314651, -17.9236640930
611140067,0.9350585938,0.1013183594,-0.2839355469,-6.3053436279, 7.7862596512, -18.2442741394
611150067,0.9802246094,0.1245117188,-0.2883300781,-5.2366414070, 8.1832065582, -11.2519083023
611160067,1.0368652344,0.1250000000,-0.3002929688,-3.7862596512, 8.6564884186, -4.3511452675
611170067,1.0949707031,0.1206054688,-0.2819824219,-2.1984732151, 8.6106872559, 0.0610687025
611180067,1.1423339844,0.1193847656,-0.2880859375,-1.3587785959, 7.2213740349, 2.6106870174
611190067,1.1682128906,0.1252441406,-0.2678222656,-0.9923664331, 4.9160304070, 3.3435113430
611200067,1.1801757812,0.1411132812,-0.2719726562,-1.2366411686, 1.7404580116, 3.6946563721
611210067,1.1721191406,0.1384277344,-0.2788085938,-1.2824426889, -0.7022900581, 3.6183207035
611220067,1.1499023438,0.1491699219,-0.2819824219,-1.5267175436, -0.8396946788, 3.2061069012
611230118,1.1208496094,0.1420898438,-0.2998046875,-1.2213740349, -0.9160305262, 3.4809160233
611240067,1.0849609375,0.1403808594,-0.3100585938,-1.3282443285, -1.1145038605, 3.6641221046
611250067,1.0769042969,0.1274414062,-0.2978515625,-0.6870229244, -0.7938931584, 2.2595419884
611260067,1.0676269531,0.1301269531,-0.3095703125,-0.8702290058, 0.0763358772, 0.3206106722
611270067,1.0751953125,0.1347656250,-0.3134765625,-1.0687023401, 0.7633587718, -0.8854961991
611280067,1.0949707031,0.1386718750,-0.3332519531,-0.9312977195, 2.5496182442, -2.0305342674
611290067,1.1054687500,0.1467285156,-0.3334960938,-0.9007633328, 4.9312977791, -2.1984732151
611300067,1.1240234375,0.1428222656,-0.3232421875,-0.7022900581, 6.6564884186, -1.1755725145
611310067,1.1254882812,0.1447753906,-0.3142089844,-0.6259542108, 7.5725193024, 0.3816793859
611320067,1.1247558594,0.1374511719,-0.3029785156,-0.0152671756, 7.3282442093, 2.2748091221
611330067,1.1306152344,0.1293945312,-0.2888183594,0.1526717544, 6.0305342674, 3.3282442093
611340067,1.1330566406,0.1208496094,-0.2839355469,0.4122137427, 4.6106872559, 4.6106872559
611350067,1.1342773438,0.1137695312,-0.2753906250,0.5190839767, 3.2977099419, 5.2213740349
611360067,1.1291503906,0.1074218750,-0.2690429688,0.6259542108, 2.8091602325, 4.3053436279
611370067,1.1440429688,0.1140136719,-0.2695312500,0.6259542108, 3.8473281860, 2.5496182442
611380067,1.1462402344,0.1235351562,-0.2702636719,0.7328244448, 4.4885497093, 0.5801526904
611390067,1.1577148438,0.1367187500,-0.2680664062,0.8244274855, 4.8854961395, -1.9083969593
611400067,1.1542968750,0.1462402344,-0.2790527344,1.3740458488, 5.0381679535, -3.6488549709
611410067,1.1730957031,0.1520996094,-0.2875976562,1.7251908779, 6.0458016396, -3.8473281860
611420067,1.1794433594,0.1647949219,-0.3068847656,2.1526718140, 7.2824425697, -3.4045801163
611430067,1.1777343750,0.1784667969,-0.3142089844,2.9465649128, 7.9236640930, -3.0534350872
611440067,1.1752929688,0.1806640625,-0.3298339844,3.1145038605, 8.7022905350, -3.7251908779
611450067,1.1752929688,0.1755371094,-0.3337402344,3.0839693546, 8.6412210464, -5.3587784767
611460067,1.1701660156,0.1721191406,-0.3266601562,2.1679389477, 8.0305347443, -8.1832065582
611470067,1.1789550781,0.1528320312,-0.3142089844,0.8091602921, 6.4122138023, -11.4809160233
611480219,1.1730957031,0.1362304688,-0.3044433594,-0.7022900581, 5.2671756744, -13.2061071396
611490067,1.1665039062,0.1369628906,-0.2687988281,-1.9389313459, 3.8167939186, -11.3587789536
611500067,1.1455078125,0.1289062500,-0.2629394531,-1.6946564913, 2.8854961395, -7.7709922791
611510067,1.1264648438,0.1235351562,-0.2451171875,-1.4198473692, 3.4198472500, -4.4885497093
611520067,1.1086425781,0.1064453125,-0.2358398438,-1.3740458488, 3.3282442093, -3.0381679535
611530067,1.1025390625,0.0932617188,-0.2185058594,-1.3282443285, 2.7328243256, -3.5877861977
611540067,1.1064453125,0.0812988281,-0.2077636719,-1.5877863169, 0.7938931584, -6.2748093605
611550067,1.1152343750,0.0742187500,-0.1870117188,-2.0305342674, -2.2137403488, -9.7862596512
611560067,1.1437988281,0.0827636719,-0.1721191406,-2.3511450291, -7.7557253838, -12.3816795349
611570067,1.1652832031,0.1105957031,-0.1782226562,-2.5801527500, -14.5648851395, -13.8015270233
611580067,1.1760253906,0.1242675781,-0.2092285156,-2.7633588314, -21.2061061859, -12.7633590698
611590067,1.1823730469,0.1396484375,-0.2346191406,-3.5572519302, -24.0305347443, -10.5190839767
611600067,1.1738281250,0.1411132812,-0.2993164062,-4.1221375465, -19.6641216278, -7.8473281860
611610067,1.1481933594,0.1462402344,-0.3122558594,-4.5190839767, -11.2213745117, -3.0076336861
611620067,1.1108398438,0.1152343750,-0.3066406250,-4.2900762558, -5.0534353256, 1.1755725145
611630067,1.0583496094,0.0886230469,-0.2922363281,-4.1526718140, -3.4809160233, 0.3358778656
611640067,1.0290527344,0.0869140625,-0.3044433594,-4.1374044418, -3.2977099419, -2.2137403488
611650067,1.0070800781,0.0971679688,-0.3376464844,-4.2290077209, -2.3053436279, -3.7709922791
611660067,0.9797363281,0.1008300781,-0.3518066406,-4.8091602325, 0.4580152631, -3.6641221046
611670067,0.9755859375,0.1069335938,-0.3469238281,-5.4045801163, 3.3129770756, -1.9541984797
611680067,0.9938964844,0.1206054688,-0.3435058594,-5.2824425697, 4.2595419884, 0.1679389328
611690067,1.0524902344,0.1281738281,-0.3149414062,-5.1908397675, 4.1832060814, 1.9083969593
611700067,1.1069335938,0.1420898438,-0.3034667969,-4.2748093605, 2.3206107616, 3.2519083023
611710067,1.1496582031,0.1447753906,-0.2924804688,-3.7099237442, 1.1908396482, 3.5419847965
611720067,1.1728515625,0.1596679688,-0.2961425781,-3.4503817558, 1.0687023401, 3.8015267849
611730067,1.1594238281,0.1674804688,-0.2883300781,-3.3282442093, 0.3969465792, 4.6717557907
611740067,1.1496582031,0.1572265625,-0.2932128906,-2.4427480698, -0.6106870174, 4.0763359070
611750067,1.1367187500,0.1533203125,-0.3085937500,-2.2442748547, -1.2366411686, 2.6412212849
611760067,1.1169433594,0.1535644531,-0.3085937500,-1.9847328663, -1.4961831570, 1.5419846773
611770067,1.0969238281,0.1542968750,-0.3173828125,-1.8015266657, -0.9465649128, 0.7175572515
611780067,1.0805664062,0.1528320312,-0.3315429688,-1.9847328663, -0.8396946788, 0.3053435087
611790067,1.0856933594,0.1579589844,-0.3251953125,-2.1526718140, -0.7022900581, -0.1068702266
611800067,1.0895996094,0.1557617188,-0.3200683594,-2.1068701744, -0.0916030556, -0.5343511701
611810067,1.0920410156,0.1516113281,-0.3178710938,-2.3664121628, 0.0763358772, -0.3664122224
611820067,1.1186523438,0.1464843750,-0.3010253906,-2.1374046803, 0.3053435087, -0.1984732896
611830067,1.1235351562,0.1479492188,-0.3037109375,-1.8167939186, 0.6259542108, 0.4122137427
611840067,1.1281738281,0.1479492188,-0.2961425781,-1.4198473692, 0.4732824564, 0.9923664331
611850067,1.1245117188,0.1418457031,-0.2912597656,-1.3740458488, 0.2290076315, 1.3435114622
611860067,1.1374511719,0.1352539062,-0.2983398438,-1.1450381279, -0.0610687025, 1.7862595320
611870067,1.1315917969,0.1367187500,-0.2836914062,-0.8549618125, -0.5190839767, 2.1221373081
611880067,1.1210937500,0.1345214844,-0.2924804688,-0.1679389328, -1.0839694738, 2.6870229244
611890067,1.1130371094,0.1293945312,-0.2824707031,0.5038167834, -0.9465649128, 3.4198472500
611900067,1.1022949219,0.1384277344,-0.2951660156,0.6564885378, -0.3511450291, 3.3587787151
611910067,1.0935058594,0.1342773438,-0.2973632812,0.7786259651, 1.2213740349, 2.3816792965
611920067,1.1030273438,0.1403808594,-0.3088378906,0.7175572515, 3.0229008198, 0.2900763452
611930067,1.1171875000,0.1455078125,-0.2951660156,0.6412213445, 4.5954198837, -2.1221373081
611940067,1.1462402344,0.1386718750,-0.3007812500,0.5038167834, 4.9465646744, -4.9618320465
611950067,1.1572265625,0.1440429688,-0.2770996094,0.1832061112, 2.8549618721, -7.0076336861
611960067,1.1684570312,0.1320800781,-0.2687988281,0.2137404531, -1.1603053808, -8.2290077209
611970067,1.1926269531,0.1367187500,-0.2719726562,0.1832061112, -5.2977099419, -8.5038166046
611980067,1.1972656250,0.1416015625,-0.2827148438,0.0916030556, -8.6870231628, -8.0763359070
611990067,1.1877441406,0.1462402344,-0.3032226562,-0.1679389328, -9.8778629303, -7.0534353256
612000067,1.1784667969,0.1506347656,-0.3210449219,-0.3664122224, -8.7022905350, -5.9541983604
612010067,1.1572265625,0.1579589844,-0.3325195312,-0.5648854971, -6.0916032791, -5.2824425697
612020067,1.1357421875,0.1496582031,-0.3378906250,-0.7938931584, -3.0992367268, -4.5343513489
612030067,1.1218261719,0.1411132812,-0.3410644531,-0.6412213445, -1.0534350872, -3.2061069012
612040067,1.1047363281,0.1367187500,-0.3283691406,-0.2748091519, 0.2900763452, -1.7862595320
612050067,1.0908203125,0.1293945312,-0.3239746094,0.2290076315, 0.3816793859, -0.6259542108
612060067,1.0805664062,0.1130371094,-0.3264160156,0.7480915785, -0.0458015278, 0.1832061112
612070067,1.0812988281,0.1125488281,-0.3059082031,0.9770992398, -0.6259542108, 0.3053435087
612080067,1.0798339844,0.1149902344,-0.3037109375,1.2824426889, -0.6259542108, -0.3969465792
612090067,1.0900878906,0.1289062500,-0.3085937500,0.9312977195, -0.1221374050, -1.6641221046
612100067,1.1059570312,0.1389160156,-0.3027343750,1.3435114622, 0.4885496199, -2.4427480698
612110067,1.1315917969,0.1577148438,-0.3059082031,1.5572519302, 0.7022900581, -1.8931298256
612120067,1.1552734375,0.1706542969,-0.2868652344,1.5572519302, -1.6183205843, -1.0229008198
612130067,1.2116699219,0.1726074219,-0.2795410156,1.4656488895, -6.1832060814, -1.4351145029
612140067,1.2575683594,0.1726074219,-0.2468261719,0.3664122224, -14.0763359070, -3.0229008198
612150067,1.3029785156,0.1660156250,-0.2263183594,-0.9312977195, -23.0534343719, -4.1526718140
612160067,1.3879394531,0.1384277344,-0.3010253906,-1.4656488895, -22.1832065582, -10.0916032791
612170067,1.3261718750,0.1689453125,-0.3395996094,-3.8320610523, -15.3282442093, -8.2290077209
612180067,1.2067871094,0.1569824219,-0.3601074219,-6.1984734535, -6.3664121628, -5.6030535698
612190067,1.0549316406,0.1184082031,-0.3750000000,-8.7480916977, 6.1984734535, -9.0076332092
612200067,0.9020996094,0.0947265625,-0.3588867188,-9.9083967209, 16.3511447906, -14.8702287674
612210067,0.7937011719,0.0893554688,-0.3388671875,-9.2213745117, 19.8778629303, -18.3053436279
612220067,0.8007812500,0.0993652344,-0.3649902344,-7.2366414070, 19.0381679535, -17.0076332092
612230067,0.8645019531,0.1298828125,-0.3779296875,-5.9389314651, 18.4732818604, -10.6106872559
612240067,0.9431152344,0.1420898438,-0.3581542969,-4.5190839767, 15.5267171860, -1.4503816366
612250067,1.0327148438,0.1420898438,-0.3369140625,-3.4656488895, 10.9923667908, 5.3740458488
612260067,1.1220703125,0.1418457031,-0.3264160156,-2.7786259651, 8.1832065582, 9.1145038605
612270067,1.1667480469,0.1486816406,-0.2758789062,-2.3358778954, 4.1068701744, 11.1603050232
612280067,1.1894531250,0.1274414062,-0.2404785156,-2.1832060814, -0.7786259651, 10.8244276047
612290067,1.2004394531,0.1296386719,-0.2487792969,-2.0610687733, -3.1908397675, 8.4580154419
612300067,1.1740722656,0.1311035156,-0.2761230469,-2.5190839767, -2.4732823372, 6.3206105232
612310067,1.1240234375,0.1262207031,-0.2988281250,-2.4427480698, -1.0229008198, 3.7862596512
612320067,1.0920410156,0.1328125000,-0.3127441406,-2.0152671337, 0.4274809062, 1.2671755552
612330067,1.0661621094,0.1279296875,-0.3266601562,-1.6641221046, 0.8854961991, -0.8091602921
612340067,1.0551757812,0.1357421875,-0.3400878906,-1.2977099419, 2.3206107616, -2.4427480698
612350067,1.0715332031,0.1391601562,-0.3530273438,-0.7633587718, 3.6641221046, -2.9312977791
612360067,1.0795898438,0.1457519531,-0.3586425781,-1.0992366076, 4.4885497093, -2.5954198837
612370067,1.1003417969,0.1523437500,-0.3593750000,-0.8854961991, 5.6335878372, -2.0458016396
612380067,1.1135253906,0.1494140625,-0.3483886719,-1.4503816366, 6.8854961395, -0.6412213445
612390067,1.1110839844,0.1503906250,-0.3178710938,-1.9389313459, 6.9770994186, 1.3740458488
612400067,1.1186523438,0.1403808594,-0.2963867188,-1.5419846773, 6.1679387093, 3.1145038605
612410067,1.1281738281,0.1311035156,-0.2670898438,-0.9007633328, 5.4809160233, 4.7022900581
612420067,1.1267089844,0.1318359375,-0.2678222656,-0.1068702266, 4.3969464302, 5.3740458488
612430067,1.1237792969,0.1264648438,-0.2641601562,0.5648854971, 3.3129770756, 5.2977099419
612440067,1.1154785156,0.1225585938,-0.2634277344,1.1450381279, 3.4656488895, 4.2595419884
612450067,1.1286621094,0.1364746094,-0.2790527344,1.3282443285, 5.9541983604, 2.5190839767
612460067,1.1047363281,0.1354980469,-0.2517089844,1.1908396482, 5.1450381279, 2.3053436279
612470067,1.1201171875,0.1357421875,-0.2612304688,1.1755725145, 2.1221373081, 0.3358778656
612480218,1.1428222656,0.1306152344,-0.2639160156,1.1145038605, -0.3053435087, -3.5725190639
612490067,1.1577148438,0.1467285156,-0.2846679688,0.4885496199, -2.5648853779, -6.7633585930
612500067,1.1533203125,0.1477050781,-0.2907714844,-0.1374045759, -4.6259541512, -7.7404580116
612510067,1.1472167969,0.1591796875,-0.3088378906,-0.9160305262, -5.9694657326, -6.7786259651
612520067,1.1511230469,0.1596679688,-0.3190917969,-1.3129770756, -6.5190839767, -4.3969464302
612530067,1.1508789062,0.1535644531,-0.3354492188,-1.2366411686, -6.8549618721, -0.6259542108
612540067,1.1501464844,0.1450195312,-0.3376464844,-0.9770992398, -7.0229005814, 1.4503816366
612550067,1.1467285156,0.1469726562,-0.3483886719,-0.5038167834, -6.4732823372, 2.7480916977
612560067,1.1369628906,0.1386718750,-0.3588867188,-0.7633587718, -4.7328243256, 2.9465649128
612570067,1.1335449219,0.1289062500,-0.3586425781,-0.9160305262, -2.5801527500, 3.4809160233
612580067,1.1271972656,0.1235351562,-0.3515625000,-1.4656488895, -1.2824426889, 3.6793892384
612590067,1.1237792969,0.1206054688,-0.3398437500,-1.5419846773, -1.0687023401, 3.2519083023
612600067,1.1259765625,0.1186523438,-0.3369140625,-2.5343511105, -1.0687023401, 2.1374046803
612610067,1.1296386719,0.1203613281,-0.3200683594,-2.8396947384, -2.0916030407, 1.2061069012
612620067,1.1513671875,0.1196289062,-0.3129882812,-3.4045801163, -3.0839693546, -0.0305343512
612630067,1.1596679688,0.1279296875,-0.3041992188,-3.9541983604, -4.5038166046, -1.8778625727
612640067,1.1960449219,0.1250000000,-0.2814941406,-4.2290077209, -5.9389314651, -3.2366411686
612650067,1.2492675781,0.1401367188,-0.2783203125,-5.0076336861, -5.1908397675, -3.8931298256
612660067,1.2622070312,0.1528320312,-0.2497558594,-5.3282442093, -5.9847326279, -3.6488549709
612670067,1.2785644531,0.1667480469,-0.2712402344,-4.7175574303, -6.5190839767, -2.3664121628
612680067,1.2922363281,0.1726074219,-0.3376464844,-4.3816795349, -0.5190839767, -3.2061069012
612690067,1.2038574219,0.1545410156,-0.3369140625,-5.6030535698, 7.0839695930, -4.9618320465
612700067,1.0773925781,0.1081542969,-0.2927246094,-6.3511452675, 10.7633590698, -15.1145038605
612710067,0.9931640625,0.0942382812,-0.2958984375,-6.9312977791, 11.3893127441, -26.5648860931
612720067,0.9282226562,0.1166992188,-0.3435058594,-6.5648856163, 12.2595415115, -29.3740463257
612730067,0.8928222656,0.1342773438,-0.3723144531,-5.8625955582, 12.9312973022, -25.6488552094
612740067,0.8801269531,0.1474609375,-0.3854980469,-4.4274806976, 13.9236640930, -18.6106872559
612750067,0.9018554688,0.1604003906,-0.3769531250,-4.6106872559, 12.7175569534, -8.5954198837
612760067,0.9824218750,0.1647949219,-0.3349609375,-3.9541983604, 10.2748088837, 1.3129770756
612770067,1.0661621094,0.1569824219,-0.2968750000,-3.1755726337, 8.9312973022, 7.3893127441
612780067,1.1362304688,0.1335449219,-0.2802734375,-2.1679389477, 8.7175569534, 10.4427480698
612790067,1.1533203125,0.1252441406,-0.2416992188,-1.4351145029, 6.4122138023, 12.7328243256
612800067,1.1584472656,0.1208496094,-0.2211914062,-0.7022900581, 2.4274809361, 11.9083967209
612810072,1.1481933594,0.1159667969,-0.2360839844,-0.6106870174, -0.1374045759, 8.7480916977
612820067,1.1325683594,0.1291503906,-0.2692871094,-1.0076335669, -1.0992366076, 5.1603055000
612830067,1.0996093750,0.1284179688,-0.3037109375,-1.0839694738, -1.2061069012, 2.2595419884
612840067,1.0791015625,0.1374511719,-0.3312988281,-0.5801526904, -1.1145038605, -0.7480915785
612850067,1.0686035156,0.1416015625,-0.3439941406,-0.2290076315, -0.4122137427, -2.2900762558
612860067,1.0729980469,0.1496582031,-0.3586425781,0.3664122224, 0.8244274855, -2.1221373081
612870067,1.0939941406,0.1579589844,-0.3754882812,0.5190839767, 2.4122138023, -1.2671755552
612880067,1.1076660156,0.1557617188,-0.3740234375,0.5496183038, 4.3206105232, -0.0763358772
612890067,1.1174316406,0.1501464844,-0.3479003906,0.2442748100, 5.1908397675, 0.9465649128
612900067,1.1289062500,0.1364746094,-0.3183593750,-0.2595419884, 5.1450381279, 1.6335878372
612910067,1.1413574219,0.1313476562,-0.2858886719,-0.7938931584, 4.3053436279, 2.2442748547
612920067,1.1367187500,0.1206054688,-0.2624511719,-0.8854961991, 3.1145038605, 2.9160306454
612930067,1.1357421875,0.1137695312,-0.2548828125,-0.6870229244, 1.4961831570, 2.8854961395
612940067,1.1452636719,0.1113281250,-0.2558593750,-0.4732824564, 0.0610687025, 3.3587787151
612950067,1.1352539062,0.1188964844,-0.2656250000,-0.1068702266, -1.2061069012, 2.9923663139
612960067,1.1376953125,0.1152343750,-0.2653808594,0.2900763452, -2.5496182442, 1.5877863169
612970067,1.1384277344,0.1193847656,-0.2812500000,0.7022900581, -4.0610685349, -0.4274809062
612980067,1.1538085938,0.1340332031,-0.2832031250,0.9007633328, -4.9770994186, -2.7022900581
612990067,1.1564941406,0.1359863281,-0.2805175781,0.9770992398, -5.9083967209, -4.8854961395
613000067,1.1601562500,0.1416015625,-0.3041992188,0.7633587718, -6.7175574303, -6.2900762558
613010067,1.1667480469,0.1525878906,-0.3134765625,0.7633587718, -7.4198474884, -6.8396945000
613020067,1.1594238281,0.1545410156,-0.3254394531,0.4122137427, -7.5419845581, -5.6641221046
613030067,1.1469726562,0.1560058594,-0.3471679688,0.1679389328, -7.7251906395, -3.3587787151
613040067,1.1398925781,0.1584472656,-0.3557128906,-0.4122137427, -6.5190839767, -0.6870229244
613050067,1.1340332031,0.1577148438,-0.3632812500,-0.5954198241, -5.1297707558, 1.9236640930
613060067,1.1166992188,0.1601562500,-0.3674316406,-0.7633587718, -3.6641221046, 3.8931298256
613070067,1.1081542969,0.1477050781,-0.3610839844,-0.9465649128, -1.9694656134, 5.0534353256
613080067,1.1018066406,0.1442871094,-0.3637695312,-1.1755725145, -0.1068702266, 5.0229005814
613090067,1.0871582031,0.1389160156,-0.3540039062,-1.1145038605, 1.6335878372, 4.6259541512
613100067,1.0900878906,0.1416015625,-0.3728027344,-1.6793893576, 6.4274806976, 2.7175571918
613110067,1.0854492188,0.1425781250,-0.3439941406,-2.0916030407, 7.6183204651, 3.4656488895
613120067,1.0754394531,0.1311035156,-0.3281250000,-2.0000000000, 7.5419845581, 3.4045801163
613130067,1.0693359375,0.1242675781,-0.3164062500,-2.0763359070, 7.4656486511, 3.2213740349
613140067,1.0795898438,0.1237792969,-0.3225097656,-2.1068701744, 8.0916032791, 2.0000000000
613150067,1.0825195312,0.1218261719,-0.3107910156,-2.1526718140, 10.5496187210, 2.1068701744
613160067,1.0910644531,0.1274414062,-0.3002929688,-2.1679389477, 12.4580154419, 2.6106870174
613170067,1.1008300781,0.1269531250,-0.2875976562,-1.4961831570, 13.3129768372, 3.1755726337
613180067,1.1047363281,0.1306152344,-0.2680664062,-1.1908396482, 11.6488552094, 3.8015267849
613190067,1.1057128906,0.1257324219,-0.2607421875,-0.7328244448, 8.7633590698, 2.9770991802
613200067,1.1154785156,0.1164550781,-0.2343750000,-0.5038167834, 4.6564884186, 1.4198473692
613210067,1.1347656250,0.1127929688,-0.2480468750,-0.2595419884, 0.8702290058, -1.1755725145
613220067,1.1896972656,0.1237792969,-0.2517089844,-0.3511450291, -2.4580152035, -4.1526718140
613230067,1.2502441406,0.1491699219,-0.2597656250,-0.7022900581, -6.1526718140, -6.1221375465
613240067,1.3068847656,0.1726074219,-0.2604980469,-0.9160305262, -11.8625955582, -7.5114502907
613250067,1.3808593750,0.1865234375,-0.2731933594,-1.5572519302, -17.6183204651, -6.3053436279
613260067,1.4108886719,0.1921386719,-0.3105468750,-2.9160306454, -17.8015270233, -6.0916032791
613270067,1.3564453125,0.1696777344,-0.3640136719,-4.9618320465, -9.0076332092, -7.1755723953
613280067,1.2214355469,0.1669921875,-0.3842773438,-6.7022900581, 5.8625955582, -5.7404580116
613290067,1.0603027344,0.1118164062,-0.3322753906,-7.9236640930, 19.8778629303, -7.5877861977
613300067,0.9206542969,0.0852050781,-0.2785644531,-8.4580154419, 27.0839691162, -14.0305347443
613310067,0.8242187500,0.0771484375,-0.2404785156,-8.0458011627, 22.8549613953, -21.4503822327
613320067,0.7819824219,0.0949707031,-0.2348632812,-7.4961833954, 10.4885492325, -23.8167934418
613330067,0.8378906250,0.0876464844,-0.2768554688,-6.0458016396, -0.6717557311, -21.7709922791
613340067,0.9389648438,0.1142578125,-0.3349609375,-4.8396945000, -4.1221375465, -15.8473281860
613350067,1.0925292969,0.0751953125,-0.4025878906,-2.5190839767, 1.2977099419, -8.3206110001
613360067,1.1474609375,0.1643066406,-0.3896484375,-2.2290077209, 12.1374044418, 2.2137403488
613370067,1.1269531250,0.1486816406,-0.2692871094,-0.8244274855, 10.6106872559, 14.3664121628
613380067,1.1665039062,0.1091308594,-0.2167968750,-0.0152671756, 4.5954198837, 16.9465656281
613390067,1.1857910156,0.1035156250,-0.2402343750,0.1679389328, 0.5190839767, 13.2366409302
613400067,1.1833496094,0.1218261719,-0.2714843750,-0.5954198241, -1.5725190639, 9.4809160233
613410067,1.1384277344,0.1245117188,-0.2844238281,-1.4656488895, -2.9618320465, 5.3129773140
613420067,1.1018066406,0.1228027344,-0.3073730469,-1.9083969593, -3.4045801163, 0.0000000000
613430067,1.0605468750,0.1103515625,-0.3227539062,-1.5114504099, -3.0076336861, -4.4122138023
613440067,1.0490722656,0.1223144531,-0.3469238281,-0.8854961991, -1.7709923983, -7.0381679535
613450067,1.0458984375,0.1315917969,-0.3645019531,-0.5648854971, 0.0916030556, -7.4045801163
613460067,1.0637207031,0.1450195312,-0.3747558594,-0.0305343512, 2.6106870174, -6.4732823372
613470067,1.1030273438,0.1462402344,-0.3669433594,-0.6412213445, 4.4885497093, -4.5648856163
613480220,1.1232910156,0.1433105469,-0.3376464844,-0.6870229244, 4.7022900581, -2.3816792965
613490067,1.1384277344,0.1362304688,-0.2980957031,-1.0992366076, 3.7557251453, -0.5496183038
613500067,1.1499023438,0.1247558594,-0.2705078125,-0.8854961991, 1.5877863169, 1.4809160233
613510067,1.1621093750,0.1210937500,-0.2612304688,-0.3664122224, -0.5038167834, 3.5114502907
613520067,1.1496582031,0.1181640625,-0.2568359375,-0.2290076315, -2.4122138023, 4.3664121628
613530067,1.1416015625,0.1252441406,-0.2719726562,0.4580152631, -3.5572519302, 4.9923663139
613540067,1.1433105469,0.1315917969,-0.2832031250,0.5801526904, -4.1221375465, 5.0076336861
613550067,1.1372070312,0.1369628906,-0.2900390625,0.7328244448, -3.9847328663, 3.9847328663
613560067,1.1391601562,0.1357421875,-0.2939453125,0.9160305262, -5.0229005814, 2.5343511105
613570067,1.1508789062,0.1318359375,-0.2958984375,0.5496183038, -5.3282442093, -0.6412213445
613580067,1.1418457031,0.1447753906,-0.3200683594,-0.1221374050, -4.4122138023, -2.2442748547
613590067,1.1396484375,0.1411132812,-0.3117675781,-0.0152671756, -3.6335878372, -3.2519083023
613600067,1.1325683594,0.1530761719,-0.3183593750,-0.0305343512, -3.1755726337, -3.4198472500
613610067,1.1315917969,0.1469726562,-0.3234863281,-0.1526717544, -2.8091602325, -2.4427480698
613620067,1.1301269531,0.1562500000,-0.3198242188,0.1068702266, -2.1832060814, -0.8702290058
613630067,1.1267089844,0.1459960938,-0.3435058594,-0.1526717544, -2.1068701744, 0.6259542108
613640067,1.1127929688,0.1489257812,-0.3461914062,-0.4732824564, -2.2900762558, 1.6030534506
613650067,1.1198730469,0.1474609375,-0.3540039062,-0.7022900581, -1.2671755552, 2.3511450291
613660067,1.1279296875,0.1433105469,-0.3591308594,-1.0229008198, 0.5648854971, 3.0229008198
613670067,1.1264648438,0.1513671875,-0.3620605469,-1.0229008198, 3.0839693546, 2.9465649128
613680067,1.1269531250,0.1462402344,-0.3535156250,-1.6030534506, 4.9007635117, 2.2442748547
613690067,1.1184082031,0.1352539062,-0.3308105469,-1.4809160233, 5.2061066628, 1.6946564913
613700067,1.1149902344,0.1328125000,-0.3269042969,-1.8015266657, 4.7175574303, 1.0076335669
613710067,1.1193847656,0.1259765625,-0.3251953125,-1.8320610523, 3.6793892384, 0.5190839767
613720067,1.1325683594,0.1271972656,-0.3193359375,-1.9694656134, 2.8244273663, 0.7633587718
613730067,1.1508789062,0.1362304688,-0.2895507812,-2.1221373081, 1.0534350872, 1.1145038605
613740067,1.1713867188,0.1611328125,-0.2856445312,-2.8091602325, -0.5190839767, 2.1221373081
613750067,1.2043457031,0.1594238281,-0.2741699219,-2.7633588314, -1.8778625727, 3.1297709942
613760067,1.2070312500,0.1328125000,-0.2612304688,-3.0381679535, -2.6259541512, 0.5496183038
613770067,1.1923828125,0.1191406250,-0.2578125000,-3.7709922791, -3.1603052616, -6.5343513489
613780067,1.1806640625,0.1254882812,-0.2490234375,-4.4732823372, -3.6641221046, -14.1984729767
613790067,1.1877441406,0.1394042969,-0.2536621094,-4.7175574303, -3.9389312267, -18.9007625580
613800067,1.1860351562,0.1394042969,-0.2631835938,-4.9618320465, -3.8931298256, -21.6488552094
613810067,1.1748046875,0.1296386719,-0.2858886719,-5.5114502907, -3.8473281860, -26.3664131165
613820067,1.1293945312,0.1203613281,-0.3051757812,-6.6412215233, -1.7862595320, -31.6793899536
613830076,1.0656738281,0.1547851562,-0.3391113281,-8.1068706512, 3.5877861977, -34.4274826050
613840067,0.9992675781,0.1718750000,-0.3637695312,-8.0305347443, 10.1374044418, -29.5267181396
613850067,0.9484863281,0.1638183594,-0.3608398438,-7.7251906395, 15.8320608139, -23.4503822327
613860067,0.9006347656,0.1440429688,-0.3281250000,-6.9618320465, 17.8931293488, -20.1832065582
613870067,0.8916015625,0.1555175781,-0.3200683594,-6.0305342674, 14.3053436279, -14.2748088837
613880067,0.9616699219,0.1386718750,-0.3571777344,-4.9923663139, 13.4961833954, -8.1221370697
613890067,1.0561523438,0.1350097656,-0.3669433594,-4.4885497093, 15.8625955582, -2.3816792965
613900067,1.1364746094,0.1445312500,-0.3256835938,-3.9389312267, 17.9541988373, 4.5954198837
613910067,1.1645507812,0.1374511719,-0.2680664062,-2.8702290058, 15.9236640930, 10.9618320465
613920067,1.1628417969,0.1218261719,-0.2121582031,-1.8473281860, 10.7175569534, 12.8549613953
613930067,1.1437988281,0.1081542969,-0.2043457031,-1.0076335669, 5.0381679535, 8.3816795349
613940067,1.1062011719,0.1337890625,-0.2150878906,-1.0381679535, 0.3053435087, 3.8625953197
613950067,1.0793457031,0.1418457031,-0.2360839844,-1.0229008198, -3.6641221046, 1.3740458488
613960067,1.0844726562,0.1491699219,-0.2617187500,-1.0229008198, -6.6717557907, -1.2213740349
